time,cell,cx,cy,peak_id,peak_x,peak_y
0,1,237.00,113.00,0,0.15,15.86
0,1,237.00,113.00,1,29.66,7.43
0,1,237.00,113.00,2,26.78,7.33
0,1,237.00,113.00,3,33.30,11.20
0,1,237.00,113.00,4,0.01,18.71
0,2,45.50,53.50,0,0.15,15.86
0,2,45.50,53.50,1,29.66,7.43
0,2,45.50,53.50,2,26.78,7.33
0,2,45.50,53.50,3,33.30,11.20
0,2,45.50,53.50,4,0.01,18.71
0,3,186.80,282.00,0,0.15,15.86
0,3,186.80,282.00,1,29.66,7.43
0,3,186.80,282.00,2,26.78,7.33
0,3,186.80,282.00,3,33.30,11.20
0,3,186.80,282.00,4,0.01,18.71
0,4,261.50,74.50,0,0.15,15.86
0,4,261.50,74.50,1,29.66,7.43
0,4,261.50,74.50,2,26.78,7.33
0,4,261.50,74.50,3,33.30,11.20
0,4,261.50,74.50,4,0.01,18.71
0,5,12.33,313.00,0,0.15,15.86
0,5,12.33,313.00,1,29.66,7.43
0,5,12.33,313.00,2,26.78,7.33
0,5,12.33,313.00,3,33.30,11.20
0,5,12.33,313.00,4,0.01,18.71
0,6,102.40,274.40,0,0.15,15.86
0,6,102.40,274.40,1,29.66,7.43
0,6,102.40,274.40,2,26.78,7.33
0,6,102.40,274.40,3,33.30,11.20
0,6,102.40,274.40,4,0.01,18.71
0,7,99.00,102.00,0,0.15,15.86
0,7,99.00,102.00,1,29.66,7.43
0,7,99.00,102.00,2,26.78,7.33
0,7,99.00,102.00,3,33.30,11.20
0,7,99.00,102.00,4,0.01,18.71
0,8,172.50,382.00,0,0.15,15.86
0,8,172.50,382.00,1,29.66,7.43
0,8,172.50,382.00,2,26.78,7.33
0,8,172.50,382.00,3,33.30,11.20
0,8,172.50,382.00,4,0.01,18.71
0,9,229.00,207.00,0,0.15,15.86
0,9,229.00,207.00,1,29.66,7.43
0,9,229.00,207.00,2,26.78,7.33
0,9,229.00,207.00,3,33.30,11.20
0,9,229.00,207.00,4,0.01,18.71
0,10,390.00,162.00,0,0.15,15.86
0,10,390.00,162.00,1,29.66,7.43
0,10,390.00,162.00,2,26.78,7.33
0,10,390.00,162.00,3,33.30,11.20
0,10,390.00,162.00,4,0.01,18.71
0,11,137.50,126.00,0,0.15,15.86
0,11,137.50,126.00,1,29.66,7.43
0,11,137.50,126.00,2,26.78,7.33
0,11,137.50,126.00,3,33.30,11.20
0,11,137.50,126.00,4,0.01,18.71
0,12,234.50,59.50,0,0.15,15.86
0,12,234.50,59.50,1,29.66,7.43
0,12,234.50,59.50,2,26.78,7.33
0,12,234.50,59.50,3,33.30,11.20
0,12,234.50,59.50,4,0.01,18.71
0,13,122.50,70.00,0,0.15,15.86
0,13,122.50,70.00,1,29.66,7.43
0,13,122.50,70.00,2,26.78,7.33
0,13,122.50,70.00,3,33.30,11.20
0,13,122.50,70.00,4,0.01,18.71
0,14,1.50,384.00,0,0.15,15.86
0,14,1.50,384.00,1,29.66,7.43
0,14,1.50,384.00,2,26.78,7.33
0,14,1.50,384.00,3,33.30,11.20
0,14,1.50,384.00,4,0.01,18.71
0,15,1.00,332.00,0,0.15,15.86
0,15,1.00,332.00,1,29.66,7.43
0,15,1.00,332.00,2,26.78,7.33
0,15,1.00,332.00,3,33.30,11.20
0,15,1.00,332.00,4,0.01,18.71
0,16,325.50,318.50,0,0.15,15.86
0,16,325.50,318.50,1,29.66,7.43
0,16,325.50,318.50,2,26.78,7.33
0,16,325.50,318.50,3,33.30,11.20
0,16,325.50,318.50,4,0.01,18.71
0,17,387.00,185.00,0,0.15,15.86
0,17,387.00,185.00,1,29.66,7.43
0,17,387.00,185.00,2,26.78,7.33
0,17,387.00,185.00,3,33.30,11.20
0,17,387.00,185.00,4,0.01,18.71
0,18,189.33,372.33,0,0.15,15.86
0,18,189.33,372.33,1,29.66,7.43
0,18,189.33,372.33,2,26.78,7.33
0,18,189.33,372.33,3,33.30,11.20
0,18,189.33,372.33,4,0.01,18.71
0,19,85.00,323.50,0,0.15,15.86
0,19,85.00,323.50,1,29.66,7.43
0,19,85.00,323.50,2,26.78,7.33
0,19,85.00,323.50,3,33.30,11.20
0,19,85.00,323.50,4,0.01,18.71
0,20,207.00,366.50,0,0.15,15.86
0,20,207.00,366.50,1,29.66,7.43
0,20,207.00,366.50,2,26.78,7.33
0,20,207.00,366.50,3,33.30,11.20
0,20,207.00,366.50,4,0.01,18.71
0,21,399.00,105.00,0,0.15,15.86
0,21,399.00,105.00,1,29.66,7.43
0,21,399.00,105.00,2,26.78,7.33
0,21,399.00,105.00,3,33.30,11.20
0,21,399.00,105.00,4,0.01,18.71
0,22,262.33,376.67,0,0.15,15.86
0,22,262.33,376.67,1,29.66,7.43
0,22,262.33,376.67,2,26.78,7.33
0,22,262.33,376.67,3,33.30,11.20
0,22,262.33,376.67,4,0.01,18.71
0,23,346.00,295.60,0,0.15,15.86
0,23,346.00,295.60,1,29.66,7.43
0,23,346.00,295.60,2,26.78,7.33
0,23,346.00,295.60,3,33.30,11.20
0,23,346.00,295.60,4,0.01,18.71
0,24,115.50,43.50,0,0.15,15.86
0,24,115.50,43.50,1,29.66,7.43
0,24,115.50,43.50,2,26.78,7.33
0,24,115.50,43.50,3,33.30,11.20
0,24,115.50,43.50,4,0.01,18.71
0,25,89.33,355.33,0,0.15,15.86
0,25,89.33,355.33,1,29.66,7.43
0,25,89.33,355.33,2,26.78,7.33
0,25,89.33,355.33,3,33.30,11.20
0,25,89.33,355.33,4,0.01,18.71
0,26,287.00,1.00,0,0.15,15.86
0,26,287.00,1.00,1,29.66,7.43
0,26,287.00,1.00,2,26.78,7.33
0,26,287.00,1.00,3,33.30,11.20
0,26,287.00,1.00,4,0.01,18.71
0,27,247.00,74.00,0,0.15,15.86
0,27,247.00,74.00,1,29.66,7.43
0,27,247.00,74.00,2,26.78,7.33
0,27,247.00,74.00,3,33.30,11.20
0,27,247.00,74.00,4,0.01,18.71
0,28,389.00,366.00,0,0.15,15.86
0,28,389.00,366.00,1,29.66,7.43
0,28,389.00,366.00,2,26.78,7.33
0,28,389.00,366.00,3,33.30,11.20
0,28,389.00,366.00,4,0.01,18.71
0,29,158.67,247.00,0,0.15,15.86
0,29,158.67,247.00,1,29.66,7.43
0,29,158.67,247.00,2,26.78,7.33
0,29,158.67,247.00,3,33.30,11.20
0,29,158.67,247.00,4,0.01,18.71
0,30,389.00,187.00,0,0.15,15.86
0,30,389.00,187.00,1,29.66,7.43
0,30,389.00,187.00,2,26.78,7.33
0,30,389.00,187.00,3,33.30,11.20
0,30,389.00,187.00,4,0.01,18.71
0,31,187.00,6.00,0,0.15,15.86
0,31,187.00,6.00,1,29.66,7.43
0,31,187.00,6.00,2,26.78,7.33
0,31,187.00,6.00,3,33.30,11.20
0,31,187.00,6.00,4,0.01,18.71
0,32,227.00,48.00,0,0.15,15.86
0,32,227.00,48.00,1,29.66,7.43
0,32,227.00,48.00,2,26.78,7.33
0,32,227.00,48.00,3,33.30,11.20
0,32,227.00,48.00,4,0.01,18.71
0,33,44.00,257.00,0,0.15,15.86
0,33,44.00,257.00,1,29.66,7.43
0,33,44.00,257.00,2,26.78,7.33
0,33,44.00,257.00,3,33.30,11.20
0,33,44.00,257.00,4,0.01,18.71
0,34,154.00,107.00,0,0.15,15.86
0,34,154.00,107.00,1,29.66,7.43
0,34,154.00,107.00,2,26.78,7.33
0,34,154.00,107.00,3,33.30,11.20
0,34,154.00,107.00,4,0.01,18.71
0,35,293.00,217.00,0,0.15,15.86
0,35,293.00,217.00,1,29.66,7.43
0,35,293.00,217.00,2,26.78,7.33
0,35,293.00,217.00,3,33.30,11.20
0,35,293.00,217.00,4,0.01,18.71
0,36,120.00,322.00,0,0.15,15.86
0,36,120.00,322.00,1,29.66,7.43
0,36,120.00,322.00,2,26.78,7.33
0,36,120.00,322.00,3,33.30,11.20
0,36,120.00,322.00,4,0.01,18.71
0,37,288.00,294.00,0,0.15,15.86
0,37,288.00,294.00,1,29.66,7.43
0,37,288.00,294.00,2,26.78,7.33
0,37,288.00,294.00,3,33.30,11.20
0,37,288.00,294.00,4,0.01,18.71
0,38,144.50,234.00,0,0.15,15.86
0,38,144.50,234.00,1,29.66,7.43
0,38,144.50,234.00,2,26.78,7.33
0,38,144.50,234.00,3,33.30,11.20
0,38,144.50,234.00,4,0.01,18.71
0,39,129.00,194.00,0,0.15,15.86
0,39,129.00,194.00,1,29.66,7.43
0,39,129.00,194.00,2,26.78,7.33
0,39,129.00,194.00,3,33.30,11.20
0,39,129.00,194.00,4,0.01,18.71
0,40,296.00,102.00,0,0.15,15.86
0,40,296.00,102.00,1,29.66,7.43
0,40,296.00,102.00,2,26.78,7.33
0,40,296.00,102.00,3,33.30,11.20
0,40,296.00,102.00,4,0.01,18.71
0,41,241.00,301.00,0,0.15,15.86
0,41,241.00,301.00,1,29.66,7.43
0,41,241.00,301.00,2,26.78,7.33
0,41,241.00,301.00,3,33.30,11.20
0,41,241.00,301.00,4,0.01,18.71
0,42,356.00,259.00,0,0.15,15.86
0,42,356.00,259.00,1,29.66,7.43
0,42,356.00,259.00,2,26.78,7.33
0,42,356.00,259.00,3,33.30,11.20
0,42,356.00,259.00,4,0.01,18.71
0,43,208.43,50.71,0,0.15,15.86
0,43,208.43,50.71,1,29.66,7.43
0,43,208.43,50.71,2,26.78,7.33
0,43,208.43,50.71,3,33.30,11.20
0,43,208.43,50.71,4,0.01,18.71
0,44,342.00,221.50,0,0.15,15.86
0,44,342.00,221.50,1,29.66,7.43
0,44,342.00,221.50,2,26.78,7.33
0,44,342.00,221.50,3,33.30,11.20
0,44,342.00,221.50,4,0.01,18.71
0,45,244.25,81.25,0,0.15,15.86
0,45,244.25,81.25,1,29.66,7.43
0,45,244.25,81.25,2,26.78,7.33
0,45,244.25,81.25,3,33.30,11.20
0,45,244.25,81.25,4,0.01,18.71
0,46,93.50,387.50,0,0.15,15.86
0,46,93.50,387.50,1,29.66,7.43
0,46,93.50,387.50,2,26.78,7.33
0,46,93.50,387.50,3,33.30,11.20
0,46,93.50,387.50,4,0.01,18.71
0,47,75.50,287.50,0,0.15,15.86
0,47,75.50,287.50,1,29.66,7.43
0,47,75.50,287.50,2,26.78,7.33
0,47,75.50,287.50,3,33.30,11.20
0,47,75.50,287.50,4,0.01,18.71
0,48,319.50,201.50,0,0.15,15.86
0,48,319.50,201.50,1,29.66,7.43
0,48,319.50,201.50,2,26.78,7.33
0,48,319.50,201.50,3,33.30,11.20
0,48,319.50,201.50,4,0.01,18.71
0,49,183.50,155.00,0,0.15,15.86
0,49,183.50,155.00,1,29.66,7.43
0,49,183.50,155.00,2,26.78,7.33
0,49,183.50,155.00,3,33.30,11.20
0,49,183.50,155.00,4,0.01,18.71
0,50,300.00,333.00,0,0.15,15.86
0,50,300.00,333.00,1,29.66,7.43
0,50,300.00,333.00,2,26.78,7.33
0,50,300.00,333.00,3,33.30,11.20
0,50,300.00,333.00,4,0.01,18.71
0,51,35.75,356.50,0,0.15,15.86
0,51,35.75,356.50,1,29.66,7.43
0,51,35.75,356.50,2,26.78,7.33
0,51,35.75,356.50,3,33.30,11.20
0,51,35.75,356.50,4,0.01,18.71
0,52,205.00,122.80,0,0.15,15.86
0,52,205.00,122.80,1,29.66,7.43
0,52,205.00,122.80,2,26.78,7.33
0,52,205.00,122.80,3,33.30,11.20
0,52,205.00,122.80,4,0.01,18.71
0,53,254.00,251.00,0,0.15,15.86
0,53,254.00,251.00,1,29.66,7.43
0,53,254.00,251.00,2,26.78,7.33
0,53,254.00,251.00,3,33.30,11.20
0,53,254.00,251.00,4,0.01,18.71
0,54,324.33,32.33,0,0.15,15.86
0,54,324.33,32.33,1,29.66,7.43
0,54,324.33,32.33,2,26.78,7.33
0,54,324.33,32.33,3,33.30,11.20
0,54,324.33,32.33,4,0.01,18.71
0,55,245.00,267.00,0,0.15,15.86
0,55,245.00,267.00,1,29.66,7.43
0,55,245.00,267.00,2,26.78,7.33
0,55,245.00,267.00,3,33.30,11.20
0,55,245.00,267.00,4,0.01,18.71
0,56,283.50,157.50,0,0.15,15.86
0,56,283.50,157.50,1,29.66,7.43
0,56,283.50,157.50,2,26.78,7.33
0,56,283.50,157.50,3,33.30,11.20
0,56,283.50,157.50,4,0.01,18.71
0,57,113.00,179.50,0,0.15,15.86
0,57,113.00,179.50,1,29.66,7.43
0,57,113.00,179.50,2,26.78,7.33
0,57,113.00,179.50,3,33.30,11.20
0,57,113.00,179.50,4,0.01,18.71
0,58,335.00,208.00,0,0.15,15.86
0,58,335.00,208.00,1,29.66,7.43
0,58,335.00,208.00,2,26.78,7.33
0,58,335.00,208.00,3,33.30,11.20
0,58,335.00,208.00,4,0.01,18.71
0,59,79.50,148.50,0,0.15,15.86
0,59,79.50,148.50,1,29.66,7.43
0,59,79.50,148.50,2,26.78,7.33
0,59,79.50,148.50,3,33.30,11.20
0,59,79.50,148.50,4,0.01,18.71
0,60,177.50,261.00,0,0.15,15.86
0,60,177.50,261.00,1,29.66,7.43
0,60,177.50,261.00,2,26.78,7.33
0,60,177.50,261.00,3,33.30,11.20
0,60,177.50,261.00,4,0.01,18.71
0,61,43.00,152.00,0,0.15,15.86
0,61,43.00,152.00,1,29.66,7.43
0,61,43.00,152.00,2,26.78,7.33
0,61,43.00,152.00,3,33.30,11.20
0,61,43.00,152.00,4,0.01,18.71
0,62,45.50,378.50,0,0.15,15.86
0,62,45.50,378.50,1,29.66,7.43
0,62,45.50,378.50,2,26.78,7.33
0,62,45.50,378.50,3,33.30,11.20
0,62,45.50,378.50,4,0.01,18.71
0,63,122.50,171.00,0,0.15,15.86
0,63,122.50,171.00,1,29.66,7.43
0,63,122.50,171.00,2,26.78,7.33
0,63,122.50,171.00,3,33.30,11.20
0,63,122.50,171.00,4,0.01,18.71
0,64,331.00,51.00,0,0.15,15.86
0,64,331.00,51.00,1,29.66,7.43
0,64,331.00,51.00,2,26.78,7.33
0,64,331.00,51.00,3,33.30,11.20
0,64,331.00,51.00,4,0.01,18.71
0,65,324.50,289.50,0,0.15,15.86
0,65,324.50,289.50,1,29.66,7.43
0,65,324.50,289.50,2,26.78,7.33
0,65,324.50,289.50,3,33.30,11.20
0,65,324.50,289.50,4,0.01,18.71
0,66,116.00,391.00,0,0.15,15.86
0,66,116.00,391.00,1,29.66,7.43
0,66,116.00,391.00,2,26.78,7.33
0,66,116.00,391.00,3,33.30,11.20
0,66,116.00,391.00,4,0.01,18.71
0,67,50.50,215.00,0,0.15,15.86
0,67,50.50,215.00,1,29.66,7.43
0,67,50.50,215.00,2,26.78,7.33
0,67,50.50,215.00,3,33.30,11.20
0,67,50.50,215.00,4,0.01,18.71
0,68,233.50,311.50,0,0.15,15.86
0,68,233.50,311.50,1,29.66,7.43
0,68,233.50,311.50,2,26.78,7.33
0,68,233.50,311.50,3,33.30,11.20
0,68,233.50,311.50,4,0.01,18.71
0,69,373.00,372.00,0,0.15,15.86
0,69,373.00,372.00,1,29.66,7.43
0,69,373.00,372.00,2,26.78,7.33
0,69,373.00,372.00,3,33.30,11.20
0,69,373.00,372.00,4,0.01,18.71
0,70,214.00,52.00,0,0.15,15.86
0,70,214.00,52.00,1,29.66,7.43
0,70,214.00,52.00,2,26.78,7.33
0,70,214.00,52.00,3,33.30,11.20
0,70,214.00,52.00,4,0.01,18.71
0,71,48.50,361.50,0,0.15,15.86
0,71,48.50,361.50,1,29.66,7.43
0,71,48.50,361.50,2,26.78,7.33
0,71,48.50,361.50,3,33.30,11.20
0,71,48.50,361.50,4,0.01,18.71
0,72,11.00,397.00,0,0.15,15.86
0,72,11.00,397.00,1,29.66,7.43
0,72,11.00,397.00,2,26.78,7.33
0,72,11.00,397.00,3,33.30,11.20
0,72,11.00,397.00,4,0.01,18.71
0,73,358.33,129.67,0,0.15,15.86
0,73,358.33,129.67,1,29.66,7.43
0,73,358.33,129.67,2,26.78,7.33
0,73,358.33,129.67,3,33.30,11.20
0,73,358.33,129.67,4,0.01,18.71
0,74,225.67,45.00,0,0.15,15.86
0,74,225.67,45.00,1,29.66,7.43
0,74,225.67,45.00,2,26.78,7.33
0,74,225.67,45.00,3,33.30,11.20
0,74,225.67,45.00,4,0.01,18.71
0,75,192.86,63.29,0,0.15,15.86
0,75,192.86,63.29,1,29.66,7.43
0,75,192.86,63.29,2,26.78,7.33
0,75,192.86,63.29,3,33.30,11.20
0,75,192.86,63.29,4,0.01,18.71
0,76,353.00,70.50,0,0.15,15.86
0,76,353.00,70.50,1,29.66,7.43
0,76,353.00,70.50,2,26.78,7.33
0,76,353.00,70.50,3,33.30,11.20
0,76,353.00,70.50,4,0.01,18.71
0,77,111.00,169.00,0,0.15,15.86
0,77,111.00,169.00,1,29.66,7.43
0,77,111.00,169.00,2,26.78,7.33
0,77,111.00,169.00,3,33.30,11.20
0,77,111.00,169.00,4,0.01,18.71
0,78,197.00,393.71,0,0.15,15.86
0,78,197.00,393.71,1,29.66,7.43
0,78,197.00,393.71,2,26.78,7.33
0,78,197.00,393.71,3,33.30,11.20
0,78,197.00,393.71,4,0.01,18.71
0,79,351.00,221.00,0,0.15,15.86
0,79,351.00,221.00,1,29.66,7.43
0,79,351.00,221.00,2,26.78,7.33
0,79,351.00,221.00,3,33.30,11.20
0,79,351.00,221.00,4,0.01,18.71
0,80,384.00,182.00,0,0.15,15.86
0,80,384.00,182.00,1,29.66,7.43
0,80,384.00,182.00,2,26.78,7.33
0,80,384.00,182.00,3,33.30,11.20
0,80,384.00,182.00,4,0.01,18.71
0,81,269.40,340.60,0,0.15,15.86
0,81,269.40,340.60,1,29.66,7.43
0,81,269.40,340.60,2,26.78,7.33
0,81,269.40,340.60,3,33.30,11.20
0,81,269.40,340.60,4,0.01,18.71
0,82,319.00,92.00,0,0.15,15.86
0,82,319.00,92.00,1,29.66,7.43
0,82,319.00,92.00,2,26.78,7.33
0,82,319.00,92.00,3,33.30,11.20
0,82,319.00,92.00,4,0.01,18.71
0,83,152.75,7.00,0,0.15,15.86
0,83,152.75,7.00,1,29.66,7.43
0,83,152.75,7.00,2,26.78,7.33
0,83,152.75,7.00,3,33.30,11.20
0,83,152.75,7.00,4,0.01,18.71
0,84,228.00,288.80,0,0.15,15.86
0,84,228.00,288.80,1,29.66,7.43
0,84,228.00,288.80,2,26.78,7.33
0,84,228.00,288.80,3,33.30,11.20
0,84,228.00,288.80,4,0.01,18.71
0,85,367.50,84.50,0,0.15,15.86
0,85,367.50,84.50,1,29.66,7.43
0,85,367.50,84.50,2,26.78,7.33
0,85,367.50,84.50,3,33.30,11.20
0,85,367.50,84.50,4,0.01,18.71
0,86,15.00,152.00,0,0.15,15.86
0,86,15.00,152.00,1,29.66,7.43
0,86,15.00,152.00,2,26.78,7.33
0,86,15.00,152.00,3,33.30,11.20
0,86,15.00,152.00,4,0.01,18.71
0,87,395.00,54.00,0,0.15,15.86
0,87,395.00,54.00,1,29.66,7.43
0,87,395.00,54.00,2,26.78,7.33
0,87,395.00,54.00,3,33.30,11.20
0,87,395.00,54.00,4,0.01,18.71
0,88,196.00,306.00,0,0.15,15.86
0,88,196.00,306.00,1,29.66,7.43
0,88,196.00,306.00,2,26.78,7.33
0,88,196.00,306.00,3,33.30,11.20
0,88,196.00,306.00,4,0.01,18.71
0,89,318.33,57.00,0,0.15,15.86
0,89,318.33,57.00,1,29.66,7.43
0,89,318.33,57.00,2,26.78,7.33
0,89,318.33,57.00,3,33.30,11.20
0,89,318.33,57.00,4,0.01,18.71
0,90,187.00,24.00,0,0.15,15.86
0,90,187.00,24.00,1,29.66,7.43
0,90,187.00,24.00,2,26.78,7.33
0,90,187.00,24.00,3,33.30,11.20
0,90,187.00,24.00,4,0.01,18.71
0,91,370.50,82.50,0,0.15,15.86
0,91,370.50,82.50,1,29.66,7.43
0,91,370.50,82.50,2,26.78,7.33
0,91,370.50,82.50,3,33.30,11.20
0,91,370.50,82.50,4,0.01,18.71
0,92,282.00,67.00,0,0.15,15.86
0,92,282.00,67.00,1,29.66,7.43
0,92,282.00,67.00,2,26.78,7.33
0,92,282.00,67.00,3,33.30,11.20
0,92,282.00,67.00,4,0.01,18.71
0,93,256.50,62.50,0,0.15,15.86
0,93,256.50,62.50,1,29.66,7.43
0,93,256.50,62.50,2,26.78,7.33
0,93,256.50,62.50,3,33.30,11.20
0,93,256.50,62.50,4,0.01,18.71
0,94,43.00,360.00,0,0.15,15.86
0,94,43.00,360.00,1,29.66,7.43
0,94,43.00,360.00,2,26.78,7.33
0,94,43.00,360.00,3,33.30,11.20
0,94,43.00,360.00,4,0.01,18.71
0,95,310.00,138.50,0,0.15,15.86
0,95,310.00,138.50,1,29.66,7.43
0,95,310.00,138.50,2,26.78,7.33
0,95,310.00,138.50,3,33.30,11.20
0,95,310.00,138.50,4,0.01,18.71
0,96,93.00,183.00,0,0.15,15.86
0,96,93.00,183.00,1,29.66,7.43
0,96,93.00,183.00,2,26.78,7.33
0,96,93.00,183.00,3,33.30,11.20
0,96,93.00,183.00,4,0.01,18.71
0,97,247.00,184.00,0,0.15,15.86
0,97,247.00,184.00,1,29.66,7.43
0,97,247.00,184.00,2,26.78,7.33
0,97,247.00,184.00,3,33.30,11.20
0,97,247.00,184.00,4,0.01,18.71
0,98,297.00,9.00,0,0.15,15.86
0,98,297.00,9.00,1,29.66,7.43
0,98,297.00,9.00,2,26.78,7.33
0,98,297.00,9.00,3,33.30,11.20
0,98,297.00,9.00,4,0.01,18.71
0,99,379.00,150.00,0,0.15,15.86
0,99,379.00,150.00,1,29.66,7.43
0,99,379.00,150.00,2,26.78,7.33
0,99,379.00,150.00,3,33.30,11.20
0,99,379.00,150.00,4,0.01,18.71
0,100,390.00,173.50,0,0.15,15.86
0,100,390.00,173.50,1,29.66,7.43
0,100,390.00,173.50,2,26.78,7.33
0,100,390.00,173.50,3,33.30,11.20
0,100,390.00,173.50,4,0.01,18.71
0,101,362.00,10.00,0,0.15,15.86
0,101,362.00,10.00,1,29.66,7.43
0,101,362.00,10.00,2,26.78,7.33
0,101,362.00,10.00,3,33.30,11.20
0,101,362.00,10.00,4,0.01,18.71
0,102,86.00,185.00,0,0.15,15.86
0,102,86.00,185.00,1,29.66,7.43
0,102,86.00,185.00,2,26.78,7.33
0,102,86.00,185.00,3,33.30,11.20
0,102,86.00,185.00,4,0.01,18.71
0,103,132.50,394.00,0,0.15,15.86
0,103,132.50,394.00,1,29.66,7.43
0,103,132.50,394.00,2,26.78,7.33
0,103,132.50,394.00,3,33.30,11.20
0,103,132.50,394.00,4,0.01,18.71
0,104,306.50,11.00,0,0.15,15.86
0,104,306.50,11.00,1,29.66,7.43
0,104,306.50,11.00,2,26.78,7.33
0,104,306.50,11.00,3,33.30,11.20
0,104,306.50,11.00,4,0.01,18.71
0,105,60.50,362.00,0,0.15,15.86
0,105,60.50,362.00,1,29.66,7.43
0,105,60.50,362.00,2,26.78,7.33
0,105,60.50,362.00,3,33.30,11.20
0,105,60.50,362.00,4,0.01,18.71
0,106,84.00,227.00,0,0.15,15.86
0,106,84.00,227.00,1,29.66,7.43
0,106,84.00,227.00,2,26.78,7.33
0,106,84.00,227.00,3,33.30,11.20
0,106,84.00,227.00,4,0.01,18.71
0,107,235.60,138.20,0,0.15,15.86
0,107,235.60,138.20,1,29.66,7.43
0,107,235.60,138.20,2,26.78,7.33
0,107,235.60,138.20,3,33.30,11.20
0,107,235.60,138.20,4,0.01,18.71
0,108,10.00,15.50,0,0.15,15.86
0,108,10.00,15.50,1,29.66,7.43
0,108,10.00,15.50,2,26.78,7.33
0,108,10.00,15.50,3,33.30,11.20
0,108,10.00,15.50,4,0.01,18.71
0,109,93.33,293.67,0,0.15,15.86
0,109,93.33,293.67,1,29.66,7.43
0,109,93.33,293.67,2,26.78,7.33
0,109,93.33,293.67,3,33.30,11.20
0,109,93.33,293.67,4,0.01,18.71
0,110,156.00,325.00,0,0.15,15.86
0,110,156.00,325.00,1,29.66,7.43
0,110,156.00,325.00,2,26.78,7.33
0,110,156.00,325.00,3,33.30,11.20
0,110,156.00,325.00,4,0.01,18.71
0,111,353.00,51.00,0,0.15,15.86
0,111,353.00,51.00,1,29.66,7.43
0,111,353.00,51.00,2,26.78,7.33
0,111,353.00,51.00,3,33.30,11.20
0,111,353.00,51.00,4,0.01,18.71
0,112,141.60,99.60,0,0.15,15.86
0,112,141.60,99.60,1,29.66,7.43
0,112,141.60,99.60,2,26.78,7.33
0,112,141.60,99.60,3,33.30,11.20
0,112,141.60,99.60,4,0.01,18.71
0,113,117.00,132.00,0,0.15,15.86
0,113,117.00,132.00,1,29.66,7.43
0,113,117.00,132.00,2,26.78,7.33
0,113,117.00,132.00,3,33.30,11.20
0,113,117.00,132.00,4,0.01,18.71
0,114,138.00,9.00,0,0.15,15.86
0,114,138.00,9.00,1,29.66,7.43
0,114,138.00,9.00,2,26.78,7.33
0,114,138.00,9.00,3,33.30,11.20
0,114,138.00,9.00,4,0.01,18.71
0,115,391.50,261.00,0,0.15,15.86
0,115,391.50,261.00,1,29.66,7.43
0,115,391.50,261.00,2,26.78,7.33
0,115,391.50,261.00,3,33.30,11.20
0,115,391.50,261.00,4,0.01,18.71
0,116,203.00,175.00,0,0.15,15.86
0,116,203.00,175.00,1,29.66,7.43
0,116,203.00,175.00,2,26.78,7.33
0,116,203.00,175.00,3,33.30,11.20
0,116,203.00,175.00,4,0.01,18.71
0,117,348.50,79.00,0,0.15,15.86
0,117,348.50,79.00,1,29.66,7.43
0,117,348.50,79.00,2,26.78,7.33
0,117,348.50,79.00,3,33.30,11.20
0,117,348.50,79.00,4,0.01,18.71
0,118,116.44,209.00,0,0.15,15.86
0,118,116.44,209.00,1,29.66,7.43
0,118,116.44,209.00,2,26.78,7.33
0,118,116.44,209.00,3,33.30,11.20
0,118,116.44,209.00,4,0.01,18.71
0,119,315.50,90.50,0,0.15,15.86
0,119,315.50,90.50,1,29.66,7.43
0,119,315.50,90.50,2,26.78,7.33
0,119,315.50,90.50,3,33.30,11.20
0,119,315.50,90.50,4,0.01,18.71
0,120,184.00,251.00,0,0.15,15.86
0,120,184.00,251.00,1,29.66,7.43
0,120,184.00,251.00,2,26.78,7.33
0,120,184.00,251.00,3,33.30,11.20
0,120,184.00,251.00,4,0.01,18.71
0,121,106.00,103.00,0,0.15,15.86
0,121,106.00,103.00,1,29.66,7.43
0,121,106.00,103.00,2,26.78,7.33
0,121,106.00,103.00,3,33.30,11.20
0,121,106.00,103.00,4,0.01,18.71
0,122,164.00,225.00,0,0.15,15.86
0,122,164.00,225.00,1,29.66,7.43
0,122,164.00,225.00,2,26.78,7.33
0,122,164.00,225.00,3,33.30,11.20
0,122,164.00,225.00,4,0.01,18.71
0,123,171.00,312.50,0,0.15,15.86
0,123,171.00,312.50,1,29.66,7.43
0,123,171.00,312.50,2,26.78,7.33
0,123,171.00,312.50,3,33.30,11.20
0,123,171.00,312.50,4,0.01,18.71
0,124,115.00,11.00,0,0.15,15.86
0,124,115.00,11.00,1,29.66,7.43
0,124,115.00,11.00,2,26.78,7.33
0,124,115.00,11.00,3,33.30,11.20
0,124,115.00,11.00,4,0.01,18.71
0,125,368.00,65.00,0,0.15,15.86
0,125,368.00,65.00,1,29.66,7.43
0,125,368.00,65.00,2,26.78,7.33
0,125,368.00,65.00,3,33.30,11.20
0,125,368.00,65.00,4,0.01,18.71
0,126,41.50,58.50,0,0.15,15.86
0,126,41.50,58.50,1,29.66,7.43
0,126,41.50,58.50,2,26.78,7.33
0,126,41.50,58.50,3,33.30,11.20
0,126,41.50,58.50,4,0.01,18.71
0,127,28.00,395.50,0,0.15,15.86
0,127,28.00,395.50,1,29.66,7.43
0,127,28.00,395.50,2,26.78,7.33
0,127,28.00,395.50,3,33.30,11.20
0,127,28.00,395.50,4,0.01,18.71
0,128,248.67,357.33,0,0.15,15.86
0,128,248.67,357.33,1,29.66,7.43
0,128,248.67,357.33,2,26.78,7.33
0,128,248.67,357.33,3,33.30,11.20
0,128,248.67,357.33,4,0.01,18.71
0,129,261.60,172.20,0,0.15,15.86
0,129,261.60,172.20,1,29.66,7.43
0,129,261.60,172.20,2,26.78,7.33
0,129,261.60,172.20,3,33.30,11.20
0,129,261.60,172.20,4,0.01,18.71
0,130,379.20,200.20,0,0.15,15.86
0,130,379.20,200.20,1,29.66,7.43
0,130,379.20,200.20,2,26.78,7.33
0,130,379.20,200.20,3,33.30,11.20
0,130,379.20,200.20,4,0.01,18.71
0,131,281.00,43.00,0,0.15,15.86
0,131,281.00,43.00,1,29.66,7.43
0,131,281.00,43.00,2,26.78,7.33
0,131,281.00,43.00,3,33.30,11.20
0,131,281.00,43.00,4,0.01,18.71
0,132,360.00,330.00,0,0.15,15.86
0,132,360.00,330.00,1,29.66,7.43
0,132,360.00,330.00,2,26.78,7.33
0,132,360.00,330.00,3,33.30,11.20
0,132,360.00,330.00,4,0.01,18.71
0,133,9.00,125.00,0,0.15,15.86
0,133,9.00,125.00,1,29.66,7.43
0,133,9.00,125.00,2,26.78,7.33
0,133,9.00,125.00,3,33.30,11.20
0,133,9.00,125.00,4,0.01,18.71
0,134,370.00,44.00,0,0.15,15.86
0,134,370.00,44.00,1,29.66,7.43
0,134,370.00,44.00,2,26.78,7.33
0,134,370.00,44.00,3,33.30,11.20
0,134,370.00,44.00,4,0.01,18.71
0,135,106.25,233.00,0,0.15,15.86
0,135,106.25,233.00,1,29.66,7.43
0,135,106.25,233.00,2,26.78,7.33
0,135,106.25,233.00,3,33.30,11.20
0,135,106.25,233.00,4,0.01,18.71
0,136,340.00,60.00,0,0.15,15.86
0,136,340.00,60.00,1,29.66,7.43
0,136,340.00,60.00,2,26.78,7.33
0,136,340.00,60.00,3,33.30,11.20
0,136,340.00,60.00,4,0.01,18.71
0,137,273.50,34.50,0,0.15,15.86
0,137,273.50,34.50,1,29.66,7.43
0,137,273.50,34.50,2,26.78,7.33
0,137,273.50,34.50,3,33.30,11.20
0,137,273.50,34.50,4,0.01,18.71
0,138,273.33,75.00,0,0.15,15.86
0,138,273.33,75.00,1,29.66,7.43
0,138,273.33,75.00,2,26.78,7.33
0,138,273.33,75.00,3,33.30,11.20
0,138,273.33,75.00,4,0.01,18.71
0,139,362.00,67.50,0,0.15,15.86
0,139,362.00,67.50,1,29.66,7.43
0,139,362.00,67.50,2,26.78,7.33
0,139,362.00,67.50,3,33.30,11.20
0,139,362.00,67.50,4,0.01,18.71
0,140,378.00,6.50,0,0.15,15.86
0,140,378.00,6.50,1,29.66,7.43
0,140,378.00,6.50,2,26.78,7.33
0,140,378.00,6.50,3,33.30,11.20
0,140,378.00,6.50,4,0.01,18.71
0,141,361.00,375.67,0,0.15,15.86
0,141,361.00,375.67,1,29.66,7.43
0,141,361.00,375.67,2,26.78,7.33
0,141,361.00,375.67,3,33.30,11.20
0,141,361.00,375.67,4,0.01,18.71
0,142,248.00,160.33,0,0.15,15.86
0,142,248.00,160.33,1,29.66,7.43
0,142,248.00,160.33,2,26.78,7.33
0,142,248.00,160.33,3,33.30,11.20
0,142,248.00,160.33,4,0.01,18.71
0,143,351.00,352.75,0,0.15,15.86
0,143,351.00,352.75,1,29.66,7.43
0,143,351.00,352.75,2,26.78,7.33
0,143,351.00,352.75,3,33.30,11.20
0,143,351.00,352.75,4,0.01,18.71
0,144,398.00,194.00,0,0.15,15.86
0,144,398.00,194.00,1,29.66,7.43
0,144,398.00,194.00,2,26.78,7.33
0,144,398.00,194.00,3,33.30,11.20
0,144,398.00,194.00,4,0.01,18.71
0,145,230.25,356.00,0,0.15,15.86
0,145,230.25,356.00,1,29.66,7.43
0,145,230.25,356.00,2,26.78,7.33
0,145,230.25,356.00,3,33.30,11.20
0,145,230.25,356.00,4,0.01,18.71
0,146,133.75,202.00,0,0.15,15.86
0,146,133.75,202.00,1,29.66,7.43
0,146,133.75,202.00,2,26.78,7.33
0,146,133.75,202.00,3,33.30,11.20
0,146,133.75,202.00,4,0.01,18.71
0,147,10.00,235.00,0,0.15,15.86
0,147,10.00,235.00,1,29.66,7.43
0,147,10.00,235.00,2,26.78,7.33
0,147,10.00,235.00,3,33.30,11.20
0,147,10.00,235.00,4,0.01,18.71
0,148,275.00,221.50,0,0.15,15.86
0,148,275.00,221.50,1,29.66,7.43
0,148,275.00,221.50,2,26.78,7.33
0,148,275.00,221.50,3,33.30,11.20
0,148,275.00,221.50,4,0.01,18.71
0,149,338.60,307.20,0,0.15,15.86
0,149,338.60,307.20,1,29.66,7.43
0,149,338.60,307.20,2,26.78,7.33
0,149,338.60,307.20,3,33.30,11.20
0,149,338.60,307.20,4,0.01,18.71
0,150,276.00,140.00,0,0.15,15.86
0,150,276.00,140.00,1,29.66,7.43
0,150,276.00,140.00,2,26.78,7.33
0,150,276.00,140.00,3,33.30,11.20
0,150,276.00,140.00,4,0.01,18.71
0,151,193.67,57.67,0,0.15,15.86
0,151,193.67,57.67,1,29.66,7.43
0,151,193.67,57.67,2,26.78,7.33
0,151,193.67,57.67,3,33.30,11.20
0,151,193.67,57.67,4,0.01,18.71
0,152,38.00,53.00,0,0.15,15.86
0,152,38.00,53.00,1,29.66,7.43
0,152,38.00,53.00,2,26.78,7.33
0,152,38.00,53.00,3,33.30,11.20
0,152,38.00,53.00,4,0.01,18.71
0,153,54.00,127.00,0,0.15,15.86
0,153,54.00,127.00,1,29.66,7.43
0,153,54.00,127.00,2,26.78,7.33
0,153,54.00,127.00,3,33.30,11.20
0,153,54.00,127.00,4,0.01,18.71
0,154,376.17,222.50,0,0.15,15.86
0,154,376.17,222.50,1,29.66,7.43
0,154,376.17,222.50,2,26.78,7.33
0,154,376.17,222.50,3,33.30,11.20
0,154,376.17,222.50,4,0.01,18.71
0,155,188.00,179.00,0,0.15,15.86
0,155,188.00,179.00,1,29.66,7.43
0,155,188.00,179.00,2,26.78,7.33
0,155,188.00,179.00,3,33.30,11.20
0,155,188.00,179.00,4,0.01,18.71
0,156,361.00,339.50,0,0.15,15.86
0,156,361.00,339.50,1,29.66,7.43
0,156,361.00,339.50,2,26.78,7.33
0,156,361.00,339.50,3,33.30,11.20
0,156,361.00,339.50,4,0.01,18.71
0,157,172.50,64.50,0,0.15,15.86
0,157,172.50,64.50,1,29.66,7.43
0,157,172.50,64.50,2,26.78,7.33
0,157,172.50,64.50,3,33.30,11.20
0,157,172.50,64.50,4,0.01,18.71
0,158,208.33,62.67,0,0.15,15.86
0,158,208.33,62.67,1,29.66,7.43
0,158,208.33,62.67,2,26.78,7.33
0,158,208.33,62.67,3,33.30,11.20
0,158,208.33,62.67,4,0.01,18.71
0,159,363.50,335.50,0,0.15,15.86
0,159,363.50,335.50,1,29.66,7.43
0,159,363.50,335.50,2,26.78,7.33
0,159,363.50,335.50,3,33.30,11.20
0,159,363.50,335.50,4,0.01,18.71
0,160,312.25,386.00,0,0.15,15.86
0,160,312.25,386.00,1,29.66,7.43
0,160,312.25,386.00,2,26.78,7.33
0,160,312.25,386.00,3,33.30,11.20
0,160,312.25,386.00,4,0.01,18.71
0,161,164.00,192.33,0,0.15,15.86
0,161,164.00,192.33,1,29.66,7.43
0,161,164.00,192.33,2,26.78,7.33
0,161,164.00,192.33,3,33.30,11.20
0,161,164.00,192.33,4,0.01,18.71
0,162,313.00,346.50,0,0.15,15.86
0,162,313.00,346.50,1,29.66,7.43
0,162,313.00,346.50,2,26.78,7.33
0,162,313.00,346.50,3,33.30,11.20
0,162,313.00,346.50,4,0.01,18.71
0,163,154.00,180.00,0,0.15,15.86
0,163,154.00,180.00,1,29.66,7.43
0,163,154.00,180.00,2,26.78,7.33
0,163,154.00,180.00,3,33.30,11.20
0,163,154.00,180.00,4,0.01,18.71
0,164,42.00,0.00,0,0.15,15.86
0,164,42.00,0.00,1,29.66,7.43
0,164,42.00,0.00,2,26.78,7.33
0,164,42.00,0.00,3,33.30,11.20
0,164,42.00,0.00,4,0.01,18.71
0,165,108.00,41.00,0,0.15,15.86
0,165,108.00,41.00,1,29.66,7.43
0,165,108.00,41.00,2,26.78,7.33
0,165,108.00,41.00,3,33.30,11.20
0,165,108.00,41.00,4,0.01,18.71
0,166,266.00,387.00,0,0.15,15.86
0,166,266.00,387.00,1,29.66,7.43
0,166,266.00,387.00,2,26.78,7.33
0,166,266.00,387.00,3,33.30,11.20
0,166,266.00,387.00,4,0.01,18.71
0,167,399.00,351.00,0,0.15,15.86
0,167,399.00,351.00,1,29.66,7.43
0,167,399.00,351.00,2,26.78,7.33
0,167,399.00,351.00,3,33.30,11.20
0,167,399.00,351.00,4,0.01,18.71
0,168,213.67,256.00,0,0.15,15.86
0,168,213.67,256.00,1,29.66,7.43
0,168,213.67,256.00,2,26.78,7.33
0,168,213.67,256.00,3,33.30,11.20
0,168,213.67,256.00,4,0.01,18.71
0,169,197.00,26.00,0,0.15,15.86
0,169,197.00,26.00,1,29.66,7.43
0,169,197.00,26.00,2,26.78,7.33
0,169,197.00,26.00,3,33.30,11.20
0,169,197.00,26.00,4,0.01,18.71
0,170,271.75,278.75,0,0.15,15.86
0,170,271.75,278.75,1,29.66,7.43
0,170,271.75,278.75,2,26.78,7.33
0,170,271.75,278.75,3,33.30,11.20
0,170,271.75,278.75,4,0.01,18.71
0,171,72.00,125.00,0,0.15,15.86
0,171,72.00,125.00,1,29.66,7.43
0,171,72.00,125.00,2,26.78,7.33
0,171,72.00,125.00,3,33.30,11.20
0,171,72.00,125.00,4,0.01,18.71
0,172,335.50,211.50,0,0.15,15.86
0,172,335.50,211.50,1,29.66,7.43
0,172,335.50,211.50,2,26.78,7.33
0,172,335.50,211.50,3,33.30,11.20
0,172,335.50,211.50,4,0.01,18.71
0,173,397.50,122.50,0,0.15,15.86
0,173,397.50,122.50,1,29.66,7.43
0,173,397.50,122.50,2,26.78,7.33
0,173,397.50,122.50,3,33.30,11.20
0,173,397.50,122.50,4,0.01,18.71
0,174,175.50,216.00,0,0.15,15.86
0,174,175.50,216.00,1,29.66,7.43
0,174,175.50,216.00,2,26.78,7.33
0,174,175.50,216.00,3,33.30,11.20
0,174,175.50,216.00,4,0.01,18.71
0,175,379.00,199.40,0,0.15,15.86
0,175,379.00,199.40,1,29.66,7.43
0,175,379.00,199.40,2,26.78,7.33
0,175,379.00,199.40,3,33.30,11.20
0,175,379.00,199.40,4,0.01,18.71
0,176,59.00,202.00,0,0.15,15.86
0,176,59.00,202.00,1,29.66,7.43
0,176,59.00,202.00,2,26.78,7.33
0,176,59.00,202.00,3,33.30,11.20
0,176,59.00,202.00,4,0.01,18.71
0,177,208.00,279.00,0,0.15,15.86
0,177,208.00,279.00,1,29.66,7.43
0,177,208.00,279.00,2,26.78,7.33
0,177,208.00,279.00,3,33.30,11.20
0,177,208.00,279.00,4,0.01,18.71
0,178,187.00,71.00,0,0.15,15.86
0,178,187.00,71.00,1,29.66,7.43
0,178,187.00,71.00,2,26.78,7.33
0,178,187.00,71.00,3,33.30,11.20
0,178,187.00,71.00,4,0.01,18.71
0,179,60.00,295.00,0,0.15,15.86
0,179,60.00,295.00,1,29.66,7.43
0,179,60.00,295.00,2,26.78,7.33
0,179,60.00,295.00,3,33.30,11.20
0,179,60.00,295.00,4,0.01,18.71
0,180,178.00,194.00,0,0.15,15.86
0,180,178.00,194.00,1,29.66,7.43
0,180,178.00,194.00,2,26.78,7.33
0,180,178.00,194.00,3,33.30,11.20
0,180,178.00,194.00,4,0.01,18.71
0,181,7.00,165.00,0,0.15,15.86
0,181,7.00,165.00,1,29.66,7.43
0,181,7.00,165.00,2,26.78,7.33
0,181,7.00,165.00,3,33.30,11.20
0,181,7.00,165.00,4,0.01,18.71
0,182,38.67,373.00,0,0.15,15.86
0,182,38.67,373.00,1,29.66,7.43
0,182,38.67,373.00,2,26.78,7.33
0,182,38.67,373.00,3,33.30,11.20
0,182,38.67,373.00,4,0.01,18.71
0,183,104.00,136.00,0,0.15,15.86
0,183,104.00,136.00,1,29.66,7.43
0,183,104.00,136.00,2,26.78,7.33
0,183,104.00,136.00,3,33.30,11.20
0,183,104.00,136.00,4,0.01,18.71
0,184,45.33,73.33,0,0.15,15.86
0,184,45.33,73.33,1,29.66,7.43
0,184,45.33,73.33,2,26.78,7.33
0,184,45.33,73.33,3,33.30,11.20
0,184,45.33,73.33,4,0.01,18.71
0,185,111.00,283.00,0,0.15,15.86
0,185,111.00,283.00,1,29.66,7.43
0,185,111.00,283.00,2,26.78,7.33
0,185,111.00,283.00,3,33.30,11.20
0,185,111.00,283.00,4,0.01,18.71
0,186,182.00,97.25,0,0.15,15.86
0,186,182.00,97.25,1,29.66,7.43
0,186,182.00,97.25,2,26.78,7.33
0,186,182.00,97.25,3,33.30,11.20
0,186,182.00,97.25,4,0.01,18.71
0,187,171.00,306.33,0,0.15,15.86
0,187,171.00,306.33,1,29.66,7.43
0,187,171.00,306.33,2,26.78,7.33
0,187,171.00,306.33,3,33.30,11.20
0,187,171.00,306.33,4,0.01,18.71
0,188,260.00,161.00,0,0.15,15.86
0,188,260.00,161.00,1,29.66,7.43
0,188,260.00,161.00,2,26.78,7.33
0,188,260.00,161.00,3,33.30,11.20
0,188,260.00,161.00,4,0.01,18.71
0,189,59.00,240.50,0,0.15,15.86
0,189,59.00,240.50,1,29.66,7.43
0,189,59.00,240.50,2,26.78,7.33
0,189,59.00,240.50,3,33.30,11.20
0,189,59.00,240.50,4,0.01,18.71
0,190,52.00,16.00,0,0.15,15.86
0,190,52.00,16.00,1,29.66,7.43
0,190,52.00,16.00,2,26.78,7.33
0,190,52.00,16.00,3,33.30,11.20
0,190,52.00,16.00,4,0.01,18.71
0,191,91.00,341.00,0,0.15,15.86
0,191,91.00,341.00,1,29.66,7.43
0,191,91.00,341.00,2,26.78,7.33
0,191,91.00,341.00,3,33.30,11.20
0,191,91.00,341.00,4,0.01,18.71
0,192,251.00,51.00,0,0.15,15.86
0,192,251.00,51.00,1,29.66,7.43
0,192,251.00,51.00,2,26.78,7.33
0,192,251.00,51.00,3,33.30,11.20
0,192,251.00,51.00,4,0.01,18.71
0,193,339.00,71.50,0,0.15,15.86
0,193,339.00,71.50,1,29.66,7.43
0,193,339.00,71.50,2,26.78,7.33
0,193,339.00,71.50,3,33.30,11.20
0,193,339.00,71.50,4,0.01,18.71
0,194,16.00,182.00,0,0.15,15.86
0,194,16.00,182.00,1,29.66,7.43
0,194,16.00,182.00,2,26.78,7.33
0,194,16.00,182.00,3,33.30,11.20
0,194,16.00,182.00,4,0.01,18.71
0,195,152.50,340.50,0,0.15,15.86
0,195,152.50,340.50,1,29.66,7.43
0,195,152.50,340.50,2,26.78,7.33
0,195,152.50,340.50,3,33.30,11.20
0,195,152.50,340.50,4,0.01,18.71
0,196,60.00,99.00,0,0.15,15.86
0,196,60.00,99.00,1,29.66,7.43
0,196,60.00,99.00,2,26.78,7.33
0,196,60.00,99.00,3,33.30,11.20
0,196,60.00,99.00,4,0.01,18.71
0,197,373.71,243.43,0,0.15,15.86
0,197,373.71,243.43,1,29.66,7.43
0,197,373.71,243.43,2,26.78,7.33
0,197,373.71,243.43,3,33.30,11.20
0,197,373.71,243.43,4,0.01,18.71
0,198,307.00,140.00,0,0.15,15.86
0,198,307.00,140.00,1,29.66,7.43
0,198,307.00,140.00,2,26.78,7.33
0,198,307.00,140.00,3,33.30,11.20
0,198,307.00,140.00,4,0.01,18.71
0,199,18.67,194.67,0,0.15,15.86
0,199,18.67,194.67,1,29.66,7.43
0,199,18.67,194.67,2,26.78,7.33
0,199,18.67,194.67,3,33.30,11.20
0,199,18.67,194.67,4,0.01,18.71
0,200,5.50,28.50,0,0.15,15.86
0,200,5.50,28.50,1,29.66,7.43
0,200,5.50,28.50,2,26.78,7.33
0,200,5.50,28.50,3,33.30,11.20
0,200,5.50,28.50,4,0.01,18.71
0,201,371.00,95.00,0,0.15,15.86
0,201,371.00,95.00,1,29.66,7.43
0,201,371.00,95.00,2,26.78,7.33
0,201,371.00,95.00,3,33.30,11.20
0,201,371.00,95.00,4,0.01,18.71
0,202,362.00,200.00,0,0.15,15.86
0,202,362.00,200.00,1,29.66,7.43
0,202,362.00,200.00,2,26.78,7.33
0,202,362.00,200.00,3,33.30,11.20
0,202,362.00,200.00,4,0.01,18.71
0,203,331.00,263.00,0,0.15,15.86
0,203,331.00,263.00,1,29.66,7.43
0,203,331.00,263.00,2,26.78,7.33
0,203,331.00,263.00,3,33.30,11.20
0,203,331.00,263.00,4,0.01,18.71
0,204,56.00,307.00,0,0.15,15.86
0,204,56.00,307.00,1,29.66,7.43
0,204,56.00,307.00,2,26.78,7.33
0,204,56.00,307.00,3,33.30,11.20
0,204,56.00,307.00,4,0.01,18.71
0,205,89.50,117.50,0,0.15,15.86
0,205,89.50,117.50,1,29.66,7.43
0,205,89.50,117.50,2,26.78,7.33
0,205,89.50,117.50,3,33.30,11.20
0,205,89.50,117.50,4,0.01,18.71
0,206,220.00,147.00,0,0.15,15.86
0,206,220.00,147.00,1,29.66,7.43
0,206,220.00,147.00,2,26.78,7.33
0,206,220.00,147.00,3,33.30,11.20
0,206,220.00,147.00,4,0.01,18.71
0,207,20.00,249.50,0,0.15,15.86
0,207,20.00,249.50,1,29.66,7.43
0,207,20.00,249.50,2,26.78,7.33
0,207,20.00,249.50,3,33.30,11.20
0,207,20.00,249.50,4,0.01,18.71
0,208,78.71,368.00,0,0.15,15.86
0,208,78.71,368.00,1,29.66,7.43
0,208,78.71,368.00,2,26.78,7.33
0,208,78.71,368.00,3,33.30,11.20
0,208,78.71,368.00,4,0.01,18.71
0,209,362.00,165.00,0,0.15,15.86
0,209,362.00,165.00,1,29.66,7.43
0,209,362.00,165.00,2,26.78,7.33
0,209,362.00,165.00,3,33.30,11.20
0,209,362.00,165.00,4,0.01,18.71
0,210,283.00,110.00,0,0.15,15.86
0,210,283.00,110.00,1,29.66,7.43
0,210,283.00,110.00,2,26.78,7.33
0,210,283.00,110.00,3,33.30,11.20
0,210,283.00,110.00,4,0.01,18.71
0,211,183.00,383.50,0,0.15,15.86
0,211,183.00,383.50,1,29.66,7.43
0,211,183.00,383.50,2,26.78,7.33
0,211,183.00,383.50,3,33.30,11.20
0,211,183.00,383.50,4,0.01,18.71
0,212,380.00,308.00,0,0.15,15.86
0,212,380.00,308.00,1,29.66,7.43
0,212,380.00,308.00,2,26.78,7.33
0,212,380.00,308.00,3,33.30,11.20
0,212,380.00,308.00,4,0.01,18.71
0,213,392.75,328.00,0,0.15,15.86
0,213,392.75,328.00,1,29.66,7.43
0,213,392.75,328.00,2,26.78,7.33
0,213,392.75,328.00,3,33.30,11.20
0,213,392.75,328.00,4,0.01,18.71
0,214,265.50,66.50,0,0.15,15.86
0,214,265.50,66.50,1,29.66,7.43
0,214,265.50,66.50,2,26.78,7.33
0,214,265.50,66.50,3,33.30,11.20
0,214,265.50,66.50,4,0.01,18.71
0,215,286.00,383.00,0,0.15,15.86
0,215,286.00,383.00,1,29.66,7.43
0,215,286.00,383.00,2,26.78,7.33
0,215,286.00,383.00,3,33.30,11.20
0,215,286.00,383.00,4,0.01,18.71
0,216,252.00,379.00,0,0.15,15.86
0,216,252.00,379.00,1,29.66,7.43
0,216,252.00,379.00,2,26.78,7.33
0,216,252.00,379.00,3,33.30,11.20
0,216,252.00,379.00,4,0.01,18.71
0,217,346.50,28.83,0,0.15,15.86
0,217,346.50,28.83,1,29.66,7.43
0,217,346.50,28.83,2,26.78,7.33
0,217,346.50,28.83,3,33.30,11.20
0,217,346.50,28.83,4,0.01,18.71
0,218,295.00,390.20,0,0.15,15.86
0,218,295.00,390.20,1,29.66,7.43
0,218,295.00,390.20,2,26.78,7.33
0,218,295.00,390.20,3,33.30,11.20
0,218,295.00,390.20,4,0.01,18.71
0,219,0.00,62.00,0,0.15,15.86
0,219,0.00,62.00,1,29.66,7.43
0,219,0.00,62.00,2,26.78,7.33
0,219,0.00,62.00,3,33.30,11.20
0,219,0.00,62.00,4,0.01,18.71
0,220,329.50,33.50,0,0.15,15.86
0,220,329.50,33.50,1,29.66,7.43
0,220,329.50,33.50,2,26.78,7.33
0,220,329.50,33.50,3,33.30,11.20
0,220,329.50,33.50,4,0.01,18.71
0,221,309.00,260.00,0,0.15,15.86
0,221,309.00,260.00,1,29.66,7.43
0,221,309.00,260.00,2,26.78,7.33
0,221,309.00,260.00,3,33.30,11.20
0,221,309.00,260.00,4,0.01,18.71
0,222,40.00,356.00,0,0.15,15.86
0,222,40.00,356.00,1,29.66,7.43
0,222,40.00,356.00,2,26.78,7.33
0,222,40.00,356.00,3,33.30,11.20
0,222,40.00,356.00,4,0.01,18.71
0,223,296.50,188.50,0,0.15,15.86
0,223,296.50,188.50,1,29.66,7.43
0,223,296.50,188.50,2,26.78,7.33
0,223,296.50,188.50,3,33.30,11.20
0,223,296.50,188.50,4,0.01,18.71
0,224,366.00,47.00,0,0.15,15.86
0,224,366.00,47.00,1,29.66,7.43
0,224,366.00,47.00,2,26.78,7.33
0,224,366.00,47.00,3,33.30,11.20
0,224,366.00,47.00,4,0.01,18.71
0,225,366.00,248.00,0,0.15,15.86
0,225,366.00,248.00,1,29.66,7.43
0,225,366.00,248.00,2,26.78,7.33
0,225,366.00,248.00,3,33.30,11.20
0,225,366.00,248.00,4,0.01,18.71
0,226,261.83,184.67,0,0.15,15.86
0,226,261.83,184.67,1,29.66,7.43
0,226,261.83,184.67,2,26.78,7.33
0,226,261.83,184.67,3,33.30,11.20
0,226,261.83,184.67,4,0.01,18.71
0,227,140.50,320.00,0,0.15,15.86
0,227,140.50,320.00,1,29.66,7.43
0,227,140.50,320.00,2,26.78,7.33
0,227,140.50,320.00,3,33.30,11.20
0,227,140.50,320.00,4,0.01,18.71
0,228,254.00,17.00,0,0.15,15.86
0,228,254.00,17.00,1,29.66,7.43
0,228,254.00,17.00,2,26.78,7.33
0,228,254.00,17.00,3,33.30,11.20
0,228,254.00,17.00,4,0.01,18.71
0,229,130.00,137.00,0,0.15,15.86
0,229,130.00,137.00,1,29.66,7.43
0,229,130.00,137.00,2,26.78,7.33
0,229,130.00,137.00,3,33.30,11.20
0,229,130.00,137.00,4,0.01,18.71
0,230,153.17,1.17,0,0.15,15.86
0,230,153.17,1.17,1,29.66,7.43
0,230,153.17,1.17,2,26.78,7.33
0,230,153.17,1.17,3,33.30,11.20
0,230,153.17,1.17,4,0.01,18.71
0,231,274.00,327.50,0,0.15,15.86
0,231,274.00,327.50,1,29.66,7.43
0,231,274.00,327.50,2,26.78,7.33
0,231,274.00,327.50,3,33.30,11.20
0,231,274.00,327.50,4,0.01,18.71
0,232,314.00,50.50,0,0.15,15.86
0,232,314.00,50.50,1,29.66,7.43
0,232,314.00,50.50,2,26.78,7.33
0,232,314.00,50.50,3,33.30,11.20
0,232,314.00,50.50,4,0.01,18.71
0,233,373.13,292.13,0,0.15,15.86
0,233,373.13,292.13,1,29.66,7.43
0,233,373.13,292.13,2,26.78,7.33
0,233,373.13,292.13,3,33.30,11.20
0,233,373.13,292.13,4,0.01,18.71
0,234,187.00,91.00,0,0.15,15.86
0,234,187.00,91.00,1,29.66,7.43
0,234,187.00,91.00,2,26.78,7.33
0,234,187.00,91.00,3,33.30,11.20
0,234,187.00,91.00,4,0.01,18.71
0,235,201.00,87.00,0,0.15,15.86
0,235,201.00,87.00,1,29.66,7.43
0,235,201.00,87.00,2,26.78,7.33
0,235,201.00,87.00,3,33.30,11.20
0,235,201.00,87.00,4,0.01,18.71
0,236,240.20,88.00,0,0.15,15.86
0,236,240.20,88.00,1,29.66,7.43
0,236,240.20,88.00,2,26.78,7.33
0,236,240.20,88.00,3,33.30,11.20
0,236,240.20,88.00,4,0.01,18.71
0,237,162.00,198.00,0,0.15,15.86
0,237,162.00,198.00,1,29.66,7.43
0,237,162.00,198.00,2,26.78,7.33
0,237,162.00,198.00,3,33.30,11.20
0,237,162.00,198.00,4,0.01,18.71
0,238,38.00,264.00,0,0.15,15.86
0,238,38.00,264.00,1,29.66,7.43
0,238,38.00,264.00,2,26.78,7.33
0,238,38.00,264.00,3,33.30,11.20
0,238,38.00,264.00,4,0.01,18.71
0,239,166.50,147.50,0,0.15,15.86
0,239,166.50,147.50,1,29.66,7.43
0,239,166.50,147.50,2,26.78,7.33
0,239,166.50,147.50,3,33.30,11.20
0,239,166.50,147.50,4,0.01,18.71
0,240,174.00,229.00,0,0.15,15.86
0,240,174.00,229.00,1,29.66,7.43
0,240,174.00,229.00,2,26.78,7.33
0,240,174.00,229.00,3,33.30,11.20
0,240,174.00,229.00,4,0.01,18.71
0,241,398.50,221.50,0,0.15,15.86
0,241,398.50,221.50,1,29.66,7.43
0,241,398.50,221.50,2,26.78,7.33
0,241,398.50,221.50,3,33.30,11.20
0,241,398.50,221.50,4,0.01,18.71
0,242,191.00,230.50,0,0.15,15.86
0,242,191.00,230.50,1,29.66,7.43
0,242,191.00,230.50,2,26.78,7.33
0,242,191.00,230.50,3,33.30,11.20
0,242,191.00,230.50,4,0.01,18.71
0,243,43.50,243.00,0,0.15,15.86
0,243,43.50,243.00,1,29.66,7.43
0,243,43.50,243.00,2,26.78,7.33
0,243,43.50,243.00,3,33.30,11.20
0,243,43.50,243.00,4,0.01,18.71
0,244,204.33,345.67,0,0.15,15.86
0,244,204.33,345.67,1,29.66,7.43
0,244,204.33,345.67,2,26.78,7.33
0,244,204.33,345.67,3,33.30,11.20
0,244,204.33,345.67,4,0.01,18.71
0,245,182.33,191.67,0,0.15,15.86
0,245,182.33,191.67,1,29.66,7.43
0,245,182.33,191.67,2,26.78,7.33
0,245,182.33,191.67,3,33.30,11.20
0,245,182.33,191.67,4,0.01,18.71
0,246,317.33,273.33,0,0.15,15.86
0,246,317.33,273.33,1,29.66,7.43
0,246,317.33,273.33,2,26.78,7.33
0,246,317.33,273.33,3,33.30,11.20
0,246,317.33,273.33,4,0.01,18.71
0,247,94.00,89.00,0,0.15,15.86
0,247,94.00,89.00,1,29.66,7.43
0,247,94.00,89.00,2,26.78,7.33
0,247,94.00,89.00,3,33.30,11.20
0,247,94.00,89.00,4,0.01,18.71
0,248,393.33,347.33,0,0.15,15.86
0,248,393.33,347.33,1,29.66,7.43
0,248,393.33,347.33,2,26.78,7.33
0,248,393.33,347.33,3,33.30,11.20
0,248,393.33,347.33,4,0.01,18.71
0,249,358.75,377.00,0,0.15,15.86
0,249,358.75,377.00,1,29.66,7.43
0,249,358.75,377.00,2,26.78,7.33
0,249,358.75,377.00,3,33.30,11.20
0,249,358.75,377.00,4,0.01,18.71
0,250,223.00,285.00,0,0.15,15.86
0,250,223.00,285.00,1,29.66,7.43
0,250,223.00,285.00,2,26.78,7.33
0,250,223.00,285.00,3,33.30,11.20
0,250,223.00,285.00,4,0.01,18.71
0,251,129.50,280.50,0,0.15,15.86
0,251,129.50,280.50,1,29.66,7.43
0,251,129.50,280.50,2,26.78,7.33
0,251,129.50,280.50,3,33.30,11.20
0,251,129.50,280.50,4,0.01,18.71
0,252,6.50,33.50,0,0.15,15.86
0,252,6.50,33.50,1,29.66,7.43
0,252,6.50,33.50,2,26.78,7.33
0,252,6.50,33.50,3,33.30,11.20
0,252,6.50,33.50,4,0.01,18.71
0,253,288.00,179.00,0,0.15,15.86
0,253,288.00,179.00,1,29.66,7.43
0,253,288.00,179.00,2,26.78,7.33
0,253,288.00,179.00,3,33.30,11.20
0,253,288.00,179.00,4,0.01,18.71
0,254,345.00,94.00,0,0.15,15.86
0,254,345.00,94.00,1,29.66,7.43
0,254,345.00,94.00,2,26.78,7.33
0,254,345.00,94.00,3,33.30,11.20
0,254,345.00,94.00,4,0.01,18.71
0,255,35.00,282.00,0,0.15,15.86
0,255,35.00,282.00,1,29.66,7.43
0,255,35.00,282.00,2,26.78,7.33
0,255,35.00,282.00,3,33.30,11.20
0,255,35.00,282.00,4,0.01,18.71
0,256,77.00,67.00,0,0.15,15.86
0,256,77.00,67.00,1,29.66,7.43
0,256,77.00,67.00,2,26.78,7.33
0,256,77.00,67.00,3,33.30,11.20
0,256,77.00,67.00,4,0.01,18.71
0,257,331.43,156.57,0,0.15,15.86
0,257,331.43,156.57,1,29.66,7.43
0,257,331.43,156.57,2,26.78,7.33
0,257,331.43,156.57,3,33.30,11.20
0,257,331.43,156.57,4,0.01,18.71
0,258,350.50,69.50,0,0.15,15.86
0,258,350.50,69.50,1,29.66,7.43
0,258,350.50,69.50,2,26.78,7.33
0,258,350.50,69.50,3,33.30,11.20
0,258,350.50,69.50,4,0.01,18.71
0,259,90.50,69.00,0,0.15,15.86
0,259,90.50,69.00,1,29.66,7.43
0,259,90.50,69.00,2,26.78,7.33
0,259,90.50,69.00,3,33.30,11.20
0,259,90.50,69.00,4,0.01,18.71
0,260,284.00,388.00,0,0.15,15.86
0,260,284.00,388.00,1,29.66,7.43
0,260,284.00,388.00,2,26.78,7.33
0,260,284.00,388.00,3,33.30,11.20
0,260,284.00,388.00,4,0.01,18.71
0,261,97.00,390.00,0,0.15,15.86
0,261,97.00,390.00,1,29.66,7.43
0,261,97.00,390.00,2,26.78,7.33
0,261,97.00,390.00,3,33.30,11.20
0,261,97.00,390.00,4,0.01,18.71
0,262,126.50,73.00,0,0.15,15.86
0,262,126.50,73.00,1,29.66,7.43
0,262,126.50,73.00,2,26.78,7.33
0,262,126.50,73.00,3,33.30,11.20
0,262,126.50,73.00,4,0.01,18.71
0,263,128.00,53.00,0,0.15,15.86
0,263,128.00,53.00,1,29.66,7.43
0,263,128.00,53.00,2,26.78,7.33
0,263,128.00,53.00,3,33.30,11.20
0,263,128.00,53.00,4,0.01,18.71
0,264,23.60,159.20,0,0.15,15.86
0,264,23.60,159.20,1,29.66,7.43
0,264,23.60,159.20,2,26.78,7.33
0,264,23.60,159.20,3,33.30,11.20
0,264,23.60,159.20,4,0.01,18.71
0,265,242.00,298.00,0,0.15,15.86
0,265,242.00,298.00,1,29.66,7.43
0,265,242.00,298.00,2,26.78,7.33
0,265,242.00,298.00,3,33.30,11.20
0,265,242.00,298.00,4,0.01,18.71
0,266,149.50,284.50,0,0.15,15.86
0,266,149.50,284.50,1,29.66,7.43
0,266,149.50,284.50,2,26.78,7.33
0,266,149.50,284.50,3,33.30,11.20
0,266,149.50,284.50,4,0.01,18.71
0,267,140.50,27.50,0,0.15,15.86
0,267,140.50,27.50,1,29.66,7.43
0,267,140.50,27.50,2,26.78,7.33
0,267,140.50,27.50,3,33.30,11.20
0,267,140.50,27.50,4,0.01,18.71
0,268,144.17,113.50,0,0.15,15.86
0,268,144.17,113.50,1,29.66,7.43
0,268,144.17,113.50,2,26.78,7.33
0,268,144.17,113.50,3,33.30,11.20
0,268,144.17,113.50,4,0.01,18.71
0,269,2.00,194.00,0,0.15,15.86
0,269,2.00,194.00,1,29.66,7.43
0,269,2.00,194.00,2,26.78,7.33
0,269,2.00,194.00,3,33.30,11.20
0,269,2.00,194.00,4,0.01,18.71
0,270,85.00,270.00,0,0.15,15.86
0,270,85.00,270.00,1,29.66,7.43
0,270,85.00,270.00,2,26.78,7.33
0,270,85.00,270.00,3,33.30,11.20
0,270,85.00,270.00,4,0.01,18.71
0,271,9.00,109.00,0,0.15,15.86
0,271,9.00,109.00,1,29.66,7.43
0,271,9.00,109.00,2,26.78,7.33
0,271,9.00,109.00,3,33.30,11.20
0,271,9.00,109.00,4,0.01,18.71
0,272,71.60,284.60,0,0.15,15.86
0,272,71.60,284.60,1,29.66,7.43
0,272,71.60,284.60,2,26.78,7.33
0,272,71.60,284.60,3,33.30,11.20
0,272,71.60,284.60,4,0.01,18.71
0,273,35.00,235.00,0,0.15,15.86
0,273,35.00,235.00,1,29.66,7.43
0,273,35.00,235.00,2,26.78,7.33
0,273,35.00,235.00,3,33.30,11.20
0,273,35.00,235.00,4,0.01,18.71
0,274,99.00,0.33,0,0.15,15.86
0,274,99.00,0.33,1,29.66,7.43
0,274,99.00,0.33,2,26.78,7.33
0,274,99.00,0.33,3,33.30,11.20
0,274,99.00,0.33,4,0.01,18.71
0,275,275.50,227.50,0,0.15,15.86
0,275,275.50,227.50,1,29.66,7.43
0,275,275.50,227.50,2,26.78,7.33
0,275,275.50,227.50,3,33.30,11.20
0,275,275.50,227.50,4,0.01,18.71
0,276,265.00,253.00,0,0.15,15.86
0,276,265.00,253.00,1,29.66,7.43
0,276,265.00,253.00,2,26.78,7.33
0,276,265.00,253.00,3,33.30,11.20
0,276,265.00,253.00,4,0.01,18.71
0,277,239.00,194.50,0,0.15,15.86
0,277,239.00,194.50,1,29.66,7.43
0,277,239.00,194.50,2,26.78,7.33
0,277,239.00,194.50,3,33.30,11.20
0,277,239.00,194.50,4,0.01,18.71
0,278,98.00,392.67,0,0.15,15.86
0,278,98.00,392.67,1,29.66,7.43
0,278,98.00,392.67,2,26.78,7.33
0,278,98.00,392.67,3,33.30,11.20
0,278,98.00,392.67,4,0.01,18.71
0,279,244.00,383.00,0,0.15,15.86
0,279,244.00,383.00,1,29.66,7.43
0,279,244.00,383.00,2,26.78,7.33
0,279,244.00,383.00,3,33.30,11.20
0,279,244.00,383.00,4,0.01,18.71
0,280,340.00,217.50,0,0.15,15.86
0,280,340.00,217.50,1,29.66,7.43
0,280,340.00,217.50,2,26.78,7.33
0,280,340.00,217.50,3,33.30,11.20
0,280,340.00,217.50,4,0.01,18.71
0,281,200.50,19.25,0,0.15,15.86
0,281,200.50,19.25,1,29.66,7.43
0,281,200.50,19.25,2,26.78,7.33
0,281,200.50,19.25,3,33.30,11.20
0,281,200.50,19.25,4,0.01,18.71
0,282,291.50,165.50,0,0.15,15.86
0,282,291.50,165.50,1,29.66,7.43
0,282,291.50,165.50,2,26.78,7.33
0,282,291.50,165.50,3,33.30,11.20
0,282,291.50,165.50,4,0.01,18.71
0,283,293.00,148.00,0,0.15,15.86
0,283,293.00,148.00,1,29.66,7.43
0,283,293.00,148.00,2,26.78,7.33
0,283,293.00,148.00,3,33.30,11.20
0,283,293.00,148.00,4,0.01,18.71
0,284,176.67,92.67,0,0.15,15.86
0,284,176.67,92.67,1,29.66,7.43
0,284,176.67,92.67,2,26.78,7.33
0,284,176.67,92.67,3,33.30,11.20
0,284,176.67,92.67,4,0.01,18.71
0,285,231.00,342.50,0,0.15,15.86
0,285,231.00,342.50,1,29.66,7.43
0,285,231.00,342.50,2,26.78,7.33
0,285,231.00,342.50,3,33.30,11.20
0,285,231.00,342.50,4,0.01,18.71
0,286,272.00,319.00,0,0.15,15.86
0,286,272.00,319.00,1,29.66,7.43
0,286,272.00,319.00,2,26.78,7.33
0,286,272.00,319.00,3,33.30,11.20
0,286,272.00,319.00,4,0.01,18.71
0,287,367.00,165.00,0,0.15,15.86
0,287,367.00,165.00,1,29.66,7.43
0,287,367.00,165.00,2,26.78,7.33
0,287,367.00,165.00,3,33.30,11.20
0,287,367.00,165.00,4,0.01,18.71
0,288,116.67,13.33,0,0.15,15.86
0,288,116.67,13.33,1,29.66,7.43
0,288,116.67,13.33,2,26.78,7.33
0,288,116.67,13.33,3,33.30,11.20
0,288,116.67,13.33,4,0.01,18.71
0,289,86.20,315.40,0,0.15,15.86
0,289,86.20,315.40,1,29.66,7.43
0,289,86.20,315.40,2,26.78,7.33
0,289,86.20,315.40,3,33.30,11.20
0,289,86.20,315.40,4,0.01,18.71
0,290,274.00,288.00,0,0.15,15.86
0,290,274.00,288.00,1,29.66,7.43
0,290,274.00,288.00,2,26.78,7.33
0,290,274.00,288.00,3,33.30,11.20
0,290,274.00,288.00,4,0.01,18.71
0,291,71.50,6.00,0,0.15,15.86
0,291,71.50,6.00,1,29.66,7.43
0,291,71.50,6.00,2,26.78,7.33
0,291,71.50,6.00,3,33.30,11.20
0,291,71.50,6.00,4,0.01,18.71
0,292,266.00,304.67,0,0.15,15.86
0,292,266.00,304.67,1,29.66,7.43
0,292,266.00,304.67,2,26.78,7.33
0,292,266.00,304.67,3,33.30,11.20
0,292,266.00,304.67,4,0.01,18.71
0,293,188.50,149.00,0,0.15,15.86
0,293,188.50,149.00,1,29.66,7.43
0,293,188.50,149.00,2,26.78,7.33
0,293,188.50,149.00,3,33.30,11.20
0,293,188.50,149.00,4,0.01,18.71
0,294,134.50,347.50,0,0.15,15.86
0,294,134.50,347.50,1,29.66,7.43
0,294,134.50,347.50,2,26.78,7.33
0,294,134.50,347.50,3,33.30,11.20
0,294,134.50,347.50,4,0.01,18.71
0,295,338.67,205.67,0,0.15,15.86
0,295,338.67,205.67,1,29.66,7.43
0,295,338.67,205.67,2,26.78,7.33
0,295,338.67,205.67,3,33.30,11.20
0,295,338.67,205.67,4,0.01,18.71
0,296,310.00,45.00,0,0.15,15.86
0,296,310.00,45.00,1,29.66,7.43
0,296,310.00,45.00,2,26.78,7.33
0,296,310.00,45.00,3,33.30,11.20
0,296,310.00,45.00,4,0.01,18.71
0,297,373.20,84.00,0,0.15,15.86
0,297,373.20,84.00,1,29.66,7.43
0,297,373.20,84.00,2,26.78,7.33
0,297,373.20,84.00,3,33.30,11.20
0,297,373.20,84.00,4,0.01,18.71
0,298,332.00,60.00,0,0.15,15.86
0,298,332.00,60.00,1,29.66,7.43
0,298,332.00,60.00,2,26.78,7.33
0,298,332.00,60.00,3,33.30,11.20
0,298,332.00,60.00,4,0.01,18.71
0,299,47.50,122.50,0,0.15,15.86
0,299,47.50,122.50,1,29.66,7.43
0,299,47.50,122.50,2,26.78,7.33
0,299,47.50,122.50,3,33.30,11.20
0,299,47.50,122.50,4,0.01,18.71
0,300,213.14,335.29,0,0.15,15.86
0,300,213.14,335.29,1,29.66,7.43
0,300,213.14,335.29,2,26.78,7.33
0,300,213.14,335.29,3,33.30,11.20
0,300,213.14,335.29,4,0.01,18.71
10,1,238.54,109.88,0,0.39,15.74
10,1,238.54,109.88,1,30.49,6.81
10,1,238.54,109.88,2,26.42,7.77
10,1,238.54,109.88,3,35.33,12.21
10,1,238.54,109.88,4,0.40,19.29
10,2,46.32,52.70,0,0.39,15.74
10,2,46.32,52.70,1,30.49,6.81
10,2,46.32,52.70,2,26.42,7.77
10,2,46.32,52.70,3,35.33,12.21
10,2,46.32,52.70,4,0.40,19.29
10,3,186.98,281.17,0,0.39,15.74
10,3,186.98,281.17,1,30.49,6.81
10,3,186.98,281.17,2,26.42,7.77
10,3,186.98,281.17,3,35.33,12.21
10,3,186.98,281.17,4,0.40,19.29
10,4,263.23,74.26,0,0.39,15.74
10,4,263.23,74.26,1,30.49,6.81
10,4,263.23,74.26,2,26.42,7.77
10,4,263.23,74.26,3,35.33,12.21
10,4,263.23,74.26,4,0.40,19.29
10,5,11.93,313.34,0,0.39,15.74
10,5,11.93,313.34,1,30.49,6.81
10,5,11.93,313.34,2,26.42,7.77
10,5,11.93,313.34,3,35.33,12.21
10,5,11.93,313.34,4,0.40,19.29
10,6,103.19,273.94,0,0.39,15.74
10,6,103.19,273.94,1,30.49,6.81
10,6,103.19,273.94,2,26.42,7.77
10,6,103.19,273.94,3,35.33,12.21
10,6,103.19,273.94,4,0.40,19.29
10,7,99.92,100.07,0,0.39,15.74
10,7,99.92,100.07,1,30.49,6.81
10,7,99.92,100.07,2,26.42,7.77
10,7,99.92,100.07,3,35.33,12.21
10,7,99.92,100.07,4,0.40,19.29
10,8,171.81,382.37,0,0.39,15.74
10,8,171.81,382.37,1,30.49,6.81
10,8,171.81,382.37,2,26.42,7.77
10,8,171.81,382.37,3,35.33,12.21
10,8,171.81,382.37,4,0.40,19.29
10,9,228.13,207.25,0,0.39,15.74
10,9,228.13,207.25,1,30.49,6.81
10,9,228.13,207.25,2,26.42,7.77
10,9,228.13,207.25,3,35.33,12.21
10,9,228.13,207.25,4,0.40,19.29
10,10,388.90,160.90,0,0.39,15.74
10,10,388.90,160.90,1,30.49,6.81
10,10,388.90,160.90,2,26.42,7.77
10,10,388.90,160.90,3,35.33,12.21
10,10,388.90,160.90,4,0.40,19.29
10,11,137.31,126.69,0,0.39,15.74
10,11,137.31,126.69,1,30.49,6.81
10,11,137.31,126.69,2,26.42,7.77
10,11,137.31,126.69,3,35.33,12.21
10,11,137.31,126.69,4,0.40,19.29
10,12,236.86,59.77,0,0.39,15.74
10,12,236.86,59.77,1,30.49,6.81
10,12,236.86,59.77,2,26.42,7.77
10,12,236.86,59.77,3,35.33,12.21
10,12,236.86,59.77,4,0.40,19.29
10,13,122.79,69.50,0,0.39,15.74
10,13,122.79,69.50,1,30.49,6.81
10,13,122.79,69.50,2,26.42,7.77
10,13,122.79,69.50,3,35.33,12.21
10,13,122.79,69.50,4,0.40,19.29
10,14,2.57,384.20,0,0.39,15.74
10,14,2.57,384.20,1,30.49,6.81
10,14,2.57,384.20,2,26.42,7.77
10,14,2.57,384.20,3,35.33,12.21
10,14,2.57,384.20,4,0.40,19.29
10,15,2.11,330.61,0,0.39,15.74
10,15,2.11,330.61,1,30.49,6.81
10,15,2.11,330.61,2,26.42,7.77
10,15,2.11,330.61,3,35.33,12.21
10,15,2.11,330.61,4,0.40,19.29
10,16,326.83,318.36,0,0.39,15.74
10,16,326.83,318.36,1,30.49,6.81
10,16,326.83,318.36,2,26.42,7.77
10,16,326.83,318.36,3,35.33,12.21
10,16,326.83,318.36,4,0.40,19.29
10,17,383.90,184.17,0,0.39,15.74
10,17,383.90,184.17,1,30.49,6.81
10,17,383.90,184.17,2,26.42,7.77
10,17,383.90,184.17,3,35.33,12.21
10,17,383.90,184.17,4,0.40,19.29
10,18,190.68,370.58,0,0.39,15.74
10,18,190.68,370.58,1,30.49,6.81
10,18,190.68,370.58,2,26.42,7.77
10,18,190.68,370.58,3,35.33,12.21
10,18,190.68,370.58,4,0.40,19.29
10,19,85.08,323.08,0,0.39,15.74
10,19,85.08,323.08,1,30.49,6.81
10,19,85.08,323.08,2,26.42,7.77
10,19,85.08,323.08,3,35.33,12.21
10,19,85.08,323.08,4,0.40,19.29
10,20,207.42,366.28,0,0.39,15.74
10,20,207.42,366.28,1,30.49,6.81
10,20,207.42,366.28,2,26.42,7.77
10,20,207.42,366.28,3,35.33,12.21
10,20,207.42,366.28,4,0.40,19.29
10,21,395.49,106.44,0,0.39,15.74
10,21,395.49,106.44,1,30.49,6.81
10,21,395.49,106.44,2,26.42,7.77
10,21,395.49,106.44,3,35.33,12.21
10,21,395.49,106.44,4,0.40,19.29
10,22,261.69,375.95,0,0.39,15.74
10,22,261.69,375.95,1,30.49,6.81
10,22,261.69,375.95,2,26.42,7.77
10,22,261.69,375.95,3,35.33,12.21
10,22,261.69,375.95,4,0.40,19.29
10,23,345.62,294.12,0,0.39,15.74
10,23,345.62,294.12,1,30.49,6.81
10,23,345.62,294.12,2,26.42,7.77
10,23,345.62,294.12,3,35.33,12.21
10,23,345.62,294.12,4,0.40,19.29
10,24,114.84,44.86,0,0.39,15.74
10,24,114.84,44.86,1,30.49,6.81
10,24,114.84,44.86,2,26.42,7.77
10,24,114.84,44.86,3,35.33,12.21
10,24,114.84,44.86,4,0.40,19.29
10,25,88.40,354.62,0,0.39,15.74
10,25,88.40,354.62,1,30.49,6.81
10,25,88.40,354.62,2,26.42,7.77
10,25,88.40,354.62,3,35.33,12.21
10,25,88.40,354.62,4,0.40,19.29
10,26,287.98,3.76,0,0.39,15.74
10,26,287.98,3.76,1,30.49,6.81
10,26,287.98,3.76,2,26.42,7.77
10,26,287.98,3.76,3,35.33,12.21
10,26,287.98,3.76,4,0.40,19.29
10,27,249.73,74.73,0,0.39,15.74
10,27,249.73,74.73,1,30.49,6.81
10,27,249.73,74.73,2,26.42,7.77
10,27,249.73,74.73,3,35.33,12.21
10,27,249.73,74.73,4,0.40,19.29
10,28,387.93,368.00,0,0.39,15.74
10,28,387.93,368.00,1,30.49,6.81
10,28,387.93,368.00,2,26.42,7.77
10,28,387.93,368.00,3,35.33,12.21
10,28,387.93,368.00,4,0.40,19.29
10,29,159.07,248.02,0,0.39,15.74
10,29,159.07,248.02,1,30.49,6.81
10,29,159.07,248.02,2,26.42,7.77
10,29,159.07,248.02,3,35.33,12.21
10,29,159.07,248.02,4,0.40,19.29
10,30,388.78,187.48,0,0.39,15.74
10,30,388.78,187.48,1,30.49,6.81
10,30,388.78,187.48,2,26.42,7.77
10,30,388.78,187.48,3,35.33,12.21
10,30,388.78,187.48,4,0.40,19.29
10,31,186.64,5.63,0,0.39,15.74
10,31,186.64,5.63,1,30.49,6.81
10,31,186.64,5.63,2,26.42,7.77
10,31,186.64,5.63,3,35.33,12.21
10,31,186.64,5.63,4,0.40,19.29
10,32,230.79,52.00,0,0.39,15.74
10,32,230.79,52.00,1,30.49,6.81
10,32,230.79,52.00,2,26.42,7.77
10,32,230.79,52.00,3,35.33,12.21
10,32,230.79,52.00,4,0.40,19.29
10,33,42.39,254.39,0,0.39,15.74
10,33,42.39,254.39,1,30.49,6.81
10,33,42.39,254.39,2,26.42,7.77
10,33,42.39,254.39,3,35.33,12.21
10,33,42.39,254.39,4,0.40,19.29
10,34,154.44,106.50,0,0.39,15.74
10,34,154.44,106.50,1,30.49,6.81
10,34,154.44,106.50,2,26.42,7.77
10,34,154.44,106.50,3,35.33,12.21
10,34,154.44,106.50,4,0.40,19.29
10,35,294.48,214.87,0,0.39,15.74
10,35,294.48,214.87,1,30.49,6.81
10,35,294.48,214.87,2,26.42,7.77
10,35,294.48,214.87,3,35.33,12.21
10,35,294.48,214.87,4,0.40,19.29
10,36,122.40,319.93,0,0.39,15.74
10,36,122.40,319.93,1,30.49,6.81
10,36,122.40,319.93,2,26.42,7.77
10,36,122.40,319.93,3,35.33,12.21
10,36,122.40,319.93,4,0.40,19.29
10,37,289.04,296.74,0,0.39,15.74
10,37,289.04,296.74,1,30.49,6.81
10,37,289.04,296.74,2,26.42,7.77
10,37,289.04,296.74,3,35.33,12.21
10,37,289.04,296.74,4,0.40,19.29
10,38,145.85,231.97,0,0.39,15.74
10,38,145.85,231.97,1,30.49,6.81
10,38,145.85,231.97,2,26.42,7.77
10,38,145.85,231.97,3,35.33,12.21
10,38,145.85,231.97,4,0.40,19.29
10,39,127.42,194.15,0,0.39,15.74
10,39,127.42,194.15,1,30.49,6.81
10,39,127.42,194.15,2,26.42,7.77
10,39,127.42,194.15,3,35.33,12.21
10,39,127.42,194.15,4,0.40,19.29
10,40,297.71,99.68,0,0.39,15.74
10,40,297.71,99.68,1,30.49,6.81
10,40,297.71,99.68,2,26.42,7.77
10,40,297.71,99.68,3,35.33,12.21
10,40,297.71,99.68,4,0.40,19.29
10,41,242.11,303.01,0,0.39,15.74
10,41,242.11,303.01,1,30.49,6.81
10,41,242.11,303.01,2,26.42,7.77
10,41,242.11,303.01,3,35.33,12.21
10,41,242.11,303.01,4,0.40,19.29
10,42,355.01,259.25,0,0.39,15.74
10,42,355.01,259.25,1,30.49,6.81
10,42,355.01,259.25,2,26.42,7.77
10,42,355.01,259.25,3,35.33,12.21
10,42,355.01,259.25,4,0.40,19.29
10,43,211.68,51.03,0,0.39,15.74
10,43,211.68,51.03,1,30.49,6.81
10,43,211.68,51.03,2,26.42,7.77
10,43,211.68,51.03,3,35.33,12.21
10,43,211.68,51.03,4,0.40,19.29
10,44,341.55,221.20,0,0.39,15.74
10,44,341.55,221.20,1,30.49,6.81
10,44,341.55,221.20,2,26.42,7.77
10,44,341.55,221.20,3,35.33,12.21
10,44,341.55,221.20,4,0.40,19.29
10,45,247.56,80.90,0,0.39,15.74
10,45,247.56,80.90,1,30.49,6.81
10,45,247.56,80.90,2,26.42,7.77
10,45,247.56,80.90,3,35.33,12.21
10,45,247.56,80.90,4,0.40,19.29
10,46,92.83,387.48,0,0.39,15.74
10,46,92.83,387.48,1,30.49,6.81
10,46,92.83,387.48,2,26.42,7.77
10,46,92.83,387.48,3,35.33,12.21
10,46,92.83,387.48,4,0.40,19.29
10,47,75.39,287.77,0,0.39,15.74
10,47,75.39,287.77,1,30.49,6.81
10,47,75.39,287.77,2,26.42,7.77
10,47,75.39,287.77,3,35.33,12.21
10,47,75.39,287.77,4,0.40,19.29
10,48,319.75,203.05,0,0.39,15.74
10,48,319.75,203.05,1,30.49,6.81
10,48,319.75,203.05,2,26.42,7.77
10,48,319.75,203.05,3,35.33,12.21
10,48,319.75,203.05,4,0.40,19.29
10,49,183.88,156.27,0,0.39,15.74
10,49,183.88,156.27,1,30.49,6.81
10,49,183.88,156.27,2,26.42,7.77
10,49,183.88,156.27,3,35.33,12.21
10,49,183.88,156.27,4,0.40,19.29
10,50,300.63,332.56,0,0.39,15.74
10,50,300.63,332.56,1,30.49,6.81
10,50,300.63,332.56,2,26.42,7.77
10,50,300.63,332.56,3,35.33,12.21
10,50,300.63,332.56,4,0.40,19.29
10,51,33.21,357.09,0,0.39,15.74
10,51,33.21,357.09,1,30.49,6.81
10,51,33.21,357.09,2,26.42,7.77
10,51,33.21,357.09,3,35.33,12.21
10,51,33.21,357.09,4,0.40,19.29
10,52,205.64,122.58,0,0.39,15.74
10,52,205.64,122.58,1,30.49,6.81
10,52,205.64,122.58,2,26.42,7.77
10,52,205.64,122.58,3,35.33,12.21
10,52,205.64,122.58,4,0.40,19.29
10,53,252.12,249.85,0,0.39,15.74
10,53,252.12,249.85,1,30.49,6.81
10,53,252.12,249.85,2,26.42,7.77
10,53,252.12,249.85,3,35.33,12.21
10,53,252.12,249.85,4,0.40,19.29
10,54,322.95,35.11,0,0.39,15.74
10,54,322.95,35.11,1,30.49,6.81
10,54,322.95,35.11,2,26.42,7.77
10,54,322.95,35.11,3,35.33,12.21
10,54,322.95,35.11,4,0.40,19.29
10,55,245.55,266.65,0,0.39,15.74
10,55,245.55,266.65,1,30.49,6.81
10,55,245.55,266.65,2,26.42,7.77
10,55,245.55,266.65,3,35.33,12.21
10,55,245.55,266.65,4,0.40,19.29
10,56,285.35,156.53,0,0.39,15.74
10,56,285.35,156.53,1,30.49,6.81
10,56,285.35,156.53,2,26.42,7.77
10,56,285.35,156.53,3,35.33,12.21
10,56,285.35,156.53,4,0.40,19.29
10,57,111.85,179.11,0,0.39,15.74
10,57,111.85,179.11,1,30.49,6.81
10,57,111.85,179.11,2,26.42,7.77
10,57,111.85,179.11,3,35.33,12.21
10,57,111.85,179.11,4,0.40,19.29
10,58,336.36,206.00,0,0.39,15.74
10,58,336.36,206.00,1,30.49,6.81
10,58,336.36,206.00,2,26.42,7.77
10,58,336.36,206.00,3,35.33,12.21
10,58,336.36,206.00,4,0.40,19.29
10,59,75.59,149.72,0,0.39,15.74
10,59,75.59,149.72,1,30.49,6.81
10,59,75.59,149.72,2,26.42,7.77
10,59,75.59,149.72,3,35.33,12.21
10,59,75.59,149.72,4,0.40,19.29
10,60,178.08,260.78,0,0.39,15.74
10,60,178.08,260.78,1,30.49,6.81
10,60,178.08,260.78,2,26.42,7.77
10,60,178.08,260.78,3,35.33,12.21
10,60,178.08,260.78,4,0.40,19.29
10,61,39.23,151.62,0,0.39,15.74
10,61,39.23,151.62,1,30.49,6.81
10,61,39.23,151.62,2,26.42,7.77
10,61,39.23,151.62,3,35.33,12.21
10,61,39.23,151.62,4,0.40,19.29
10,62,46.68,379.18,0,0.39,15.74
10,62,46.68,379.18,1,30.49,6.81
10,62,46.68,379.18,2,26.42,7.77
10,62,46.68,379.18,3,35.33,12.21
10,62,46.68,379.18,4,0.40,19.29
10,63,122.25,169.87,0,0.39,15.74
10,63,122.25,169.87,1,30.49,6.81
10,63,122.25,169.87,2,26.42,7.77
10,63,122.25,169.87,3,35.33,12.21
10,63,122.25,169.87,4,0.40,19.29
10,64,330.67,53.17,0,0.39,15.74
10,64,330.67,53.17,1,30.49,6.81
10,64,330.67,53.17,2,26.42,7.77
10,64,330.67,53.17,3,35.33,12.21
10,64,330.67,53.17,4,0.40,19.29
10,65,324.08,288.96,0,0.39,15.74
10,65,324.08,288.96,1,30.49,6.81
10,65,324.08,288.96,2,26.42,7.77
10,65,324.08,288.96,3,35.33,12.21
10,65,324.08,288.96,4,0.40,19.29
10,66,116.80,390.05,0,0.39,15.74
10,66,116.80,390.05,1,30.49,6.81
10,66,116.80,390.05,2,26.42,7.77
10,66,116.80,390.05,3,35.33,12.21
10,66,116.80,390.05,4,0.40,19.29
10,67,48.85,213.85,0,0.39,15.74
10,67,48.85,213.85,1,30.49,6.81
10,67,48.85,213.85,2,26.42,7.77
10,67,48.85,213.85,3,35.33,12.21
10,67,48.85,213.85,4,0.40,19.29
10,68,232.82,311.07,0,0.39,15.74
10,68,232.82,311.07,1,30.49,6.81
10,68,232.82,311.07,2,26.42,7.77
10,68,232.82,311.07,3,35.33,12.21
10,68,232.82,311.07,4,0.40,19.29
10,69,373.15,369.82,0,0.39,15.74
10,69,373.15,369.82,1,30.49,6.81
10,69,373.15,369.82,2,26.42,7.77
10,69,373.15,369.82,3,35.33,12.21
10,69,373.15,369.82,4,0.40,19.29
10,70,217.78,51.22,0,0.39,15.74
10,70,217.78,51.22,1,30.49,6.81
10,70,217.78,51.22,2,26.42,7.77
10,70,217.78,51.22,3,35.33,12.21
10,70,217.78,51.22,4,0.40,19.29
10,71,50.81,363.59,0,0.39,15.74
10,71,50.81,363.59,1,30.49,6.81
10,71,50.81,363.59,2,26.42,7.77
10,71,50.81,363.59,3,35.33,12.21
10,71,50.81,363.59,4,0.40,19.29
10,72,10.74,396.35,0,0.39,15.74
10,72,10.74,396.35,1,30.49,6.81
10,72,10.74,396.35,2,26.42,7.77
10,72,10.74,396.35,3,35.33,12.21
10,72,10.74,396.35,4,0.40,19.29
10,73,357.06,128.56,0,0.39,15.74
10,73,357.06,128.56,1,30.49,6.81
10,73,357.06,128.56,2,26.42,7.77
10,73,357.06,128.56,3,35.33,12.21
10,73,357.06,128.56,4,0.40,19.29
10,74,228.12,46.59,0,0.39,15.74
10,74,228.12,46.59,1,30.49,6.81
10,74,228.12,46.59,2,26.42,7.77
10,74,228.12,46.59,3,35.33,12.21
10,74,228.12,46.59,4,0.40,19.29
10,75,192.42,63.78,0,0.39,15.74
10,75,192.42,63.78,1,30.49,6.81
10,75,192.42,63.78,2,26.42,7.77
10,75,192.42,63.78,3,35.33,12.21
10,75,192.42,63.78,4,0.40,19.29
10,76,353.50,72.00,0,0.39,15.74
10,76,353.50,72.00,1,30.49,6.81
10,76,353.50,72.00,2,26.42,7.77
10,76,353.50,72.00,3,35.33,12.21
10,76,353.50,72.00,4,0.40,19.29
10,77,111.97,169.52,0,0.39,15.74
10,77,111.97,169.52,1,30.49,6.81
10,77,111.97,169.52,2,26.42,7.77
10,77,111.97,169.52,3,35.33,12.21
10,77,111.97,169.52,4,0.40,19.29
10,78,195.47,394.07,0,0.39,15.74
10,78,195.47,394.07,1,30.49,6.81
10,78,195.47,394.07,2,26.42,7.77
10,78,195.47,394.07,3,35.33,12.21
10,78,195.47,394.07,4,0.40,19.29
10,79,349.95,221.26,0,0.39,15.74
10,79,349.95,221.26,1,30.49,6.81
10,79,349.95,221.26,2,26.42,7.77
10,79,349.95,221.26,3,35.33,12.21
10,79,349.95,221.26,4,0.40,19.29
10,80,382.02,179.52,0,0.39,15.74
10,80,382.02,179.52,1,30.49,6.81
10,80,382.02,179.52,2,26.42,7.77
10,80,382.02,179.52,3,35.33,12.21
10,80,382.02,179.52,4,0.40,19.29
10,81,269.47,342.16,0,0.39,15.74
10,81,269.47,342.16,1,30.49,6.81
10,81,269.47,342.16,2,26.42,7.77
10,81,269.47,342.16,3,35.33,12.21
10,81,269.47,342.16,4,0.40,19.29
10,82,316.88,90.94,0,0.39,15.74
10,82,316.88,90.94,1,30.49,6.81
10,82,316.88,90.94,2,26.42,7.77
10,82,316.88,90.94,3,35.33,12.21
10,82,316.88,90.94,4,0.40,19.29
10,83,151.82,9.42,0,0.39,15.74
10,83,151.82,9.42,1,30.49,6.81
10,83,151.82,9.42,2,26.42,7.77
10,83,151.82,9.42,3,35.33,12.21
10,83,151.82,9.42,4,0.40,19.29
10,84,231.21,288.90,0,0.39,15.74
10,84,231.21,288.90,1,30.49,6.81
10,84,231.21,288.90,2,26.42,7.77
10,84,231.21,288.90,3,35.33,12.21
10,84,231.21,288.90,4,0.40,19.29
10,85,365.60,88.00,0,0.39,15.74
10,85,365.60,88.00,1,30.49,6.81
10,85,365.60,88.00,2,26.42,7.77
10,85,365.60,88.00,3,35.33,12.21
10,85,365.60,88.00,4,0.40,19.29
10,86,12.22,153.50,0,0.39,15.74
10,86,12.22,153.50,1,30.49,6.81
10,86,12.22,153.50,2,26.42,7.77
10,86,12.22,153.50,3,35.33,12.21
10,86,12.22,153.50,4,0.40,19.29
10,87,391.52,53.35,0,0.39,15.74
10,87,391.52,53.35,1,30.49,6.81
10,87,391.52,53.35,2,26.42,7.77
10,87,391.52,53.35,3,35.33,12.21
10,87,391.52,53.35,4,0.40,19.29
10,88,197.35,306.88,0,0.39,15.74
10,88,197.35,306.88,1,30.49,6.81
10,88,197.35,306.88,2,26.42,7.77
10,88,197.35,306.88,3,35.33,12.21
10,88,197.35,306.88,4,0.40,19.29
10,89,315.59,58.00,0,0.39,15.74
10,89,315.59,58.00,1,30.49,6.81
10,89,315.59,58.00,2,26.42,7.77
10,89,315.59,58.00,3,35.33,12.21
10,89,315.59,58.00,4,0.40,19.29
10,90,186.83,24.61,0,0.39,15.74
10,90,186.83,24.61,1,30.49,6.81
10,90,186.83,24.61,2,26.42,7.77
10,90,186.83,24.61,3,35.33,12.21
10,90,186.83,24.61,4,0.40,19.29
10,91,371.00,86.00,0,0.39,15.74
10,91,371.00,86.00,1,30.49,6.81
10,91,371.00,86.00,2,26.42,7.77
10,91,371.00,86.00,3,35.33,12.21
10,91,371.00,86.00,4,0.40,19.29
10,92,282.05,69.47,0,0.39,15.74
10,92,282.05,69.47,1,30.49,6.81
10,92,282.05,69.47,2,26.42,7.77
10,92,282.05,69.47,3,35.33,12.21
10,92,282.05,69.47,4,0.40,19.29
10,93,258.77,64.80,0,0.39,15.74
10,93,258.77,64.80,1,30.49,6.81
10,93,258.77,64.80,2,26.42,7.77
10,93,258.77,64.80,3,35.33,12.21
10,93,258.77,64.80,4,0.40,19.29
10,94,43.91,362.17,0,0.39,15.74
10,94,43.91,362.17,1,30.49,6.81
10,94,43.91,362.17,2,26.42,7.77
10,94,43.91,362.17,3,35.33,12.21
10,94,43.91,362.17,4,0.40,19.29
10,95,312.14,137.04,0,0.39,15.74
10,95,312.14,137.04,1,30.49,6.81
10,95,312.14,137.04,2,26.42,7.77
10,95,312.14,137.04,3,35.33,12.21
10,95,312.14,137.04,4,0.40,19.29
10,96,90.78,184.46,0,0.39,15.74
10,96,90.78,184.46,1,30.49,6.81
10,96,90.78,184.46,2,26.42,7.77
10,96,90.78,184.46,3,35.33,12.21
10,96,90.78,184.46,4,0.40,19.29
10,97,247.60,184.06,0,0.39,15.74
10,97,247.60,184.06,1,30.49,6.81
10,97,247.60,184.06,2,26.42,7.77
10,97,247.60,184.06,3,35.33,12.21
10,97,247.60,184.06,4,0.40,19.29
10,98,298.36,8.52,0,0.39,15.74
10,98,298.36,8.52,1,30.49,6.81
10,98,298.36,8.52,2,26.42,7.77
10,98,298.36,8.52,3,35.33,12.21
10,98,298.36,8.52,4,0.40,19.29
10,99,376.50,149.39,0,0.39,15.74
10,99,376.50,149.39,1,30.49,6.81
10,99,376.50,149.39,2,26.42,7.77
10,99,376.50,149.39,3,35.33,12.21
10,99,376.50,149.39,4,0.40,19.29
10,100,388.45,171.63,0,0.39,15.74
10,100,388.45,171.63,1,30.49,6.81
10,100,388.45,171.63,2,26.42,7.77
10,100,388.45,171.63,3,35.33,12.21
10,100,388.45,171.63,4,0.40,19.29
10,101,361.67,10.00,0,0.39,15.74
10,101,361.67,10.00,1,30.49,6.81
10,101,361.67,10.00,2,26.42,7.77
10,101,361.67,10.00,3,35.33,12.21
10,101,361.67,10.00,4,0.40,19.29
10,102,83.22,186.27,0,0.39,15.74
10,102,83.22,186.27,1,30.49,6.81
10,102,83.22,186.27,2,26.42,7.77
10,102,83.22,186.27,3,35.33,12.21
10,102,83.22,186.27,4,0.40,19.29
10,103,133.11,392.96,0,0.39,15.74
10,103,133.11,392.96,1,30.49,6.81
10,103,133.11,392.96,2,26.42,7.77
10,103,133.11,392.96,3,35.33,12.21
10,103,133.11,392.96,4,0.40,19.29
10,104,307.70,12.14,0,0.39,15.74
10,104,307.70,12.14,1,30.49,6.81
10,104,307.70,12.14,2,26.42,7.77
10,104,307.70,12.14,3,35.33,12.21
10,104,307.70,12.14,4,0.40,19.29
10,105,61.25,360.72,0,0.39,15.74
10,105,61.25,360.72,1,30.49,6.81
10,105,61.25,360.72,2,26.42,7.77
10,105,61.25,360.72,3,35.33,12.21
10,105,61.25,360.72,4,0.40,19.29
10,106,82.18,226.36,0,0.39,15.74
10,106,82.18,226.36,1,30.49,6.81
10,106,82.18,226.36,2,26.42,7.77
10,106,82.18,226.36,3,35.33,12.21
10,106,82.18,226.36,4,0.40,19.29
10,107,235.57,135.41,0,0.39,15.74
10,107,235.57,135.41,1,30.49,6.81
10,107,235.57,135.41,2,26.42,7.77
10,107,235.57,135.41,3,35.33,12.21
10,107,235.57,135.41,4,0.40,19.29
10,108,9.82,16.02,0,0.39,15.74
10,108,9.82,16.02,1,30.49,6.81
10,108,9.82,16.02,2,26.42,7.77
10,108,9.82,16.02,3,35.33,12.21
10,108,9.82,16.02,4,0.40,19.29
10,109,90.52,293.42,0,0.39,15.74
10,109,90.52,293.42,1,30.49,6.81
10,109,90.52,293.42,2,26.42,7.77
10,109,90.52,293.42,3,35.33,12.21
10,109,90.52,293.42,4,0.40,19.29
10,110,155.31,324.56,0,0.39,15.74
10,110,155.31,324.56,1,30.49,6.81
10,110,155.31,324.56,2,26.42,7.77
10,110,155.31,324.56,3,35.33,12.21
10,110,155.31,324.56,4,0.40,19.29
10,111,352.38,53.15,0,0.39,15.74
10,111,352.38,53.15,1,30.49,6.81
10,111,352.38,53.15,2,26.42,7.77
10,111,352.38,53.15,3,35.33,12.21
10,111,352.38,53.15,4,0.40,19.29
10,112,141.94,98.54,0,0.39,15.74
10,112,141.94,98.54,1,30.49,6.81
10,112,141.94,98.54,2,26.42,7.77
10,112,141.94,98.54,3,35.33,12.21
10,112,141.94,98.54,4,0.40,19.29
10,113,115.73,130.55,0,0.39,15.74
10,113,115.73,130.55,1,30.49,6.81
10,113,115.73,130.55,2,26.42,7.77
10,113,115.73,130.55,3,35.33,12.21
10,113,115.73,130.55,4,0.40,19.29
10,114,139.02,9.34,0,0.39,15.74
10,114,139.02,9.34,1,30.49,6.81
10,114,139.02,9.34,2,26.42,7.77
10,114,139.02,9.34,3,35.33,12.21
10,114,139.02,9.34,4,0.40,19.29
10,115,390.60,260.71,0,0.39,15.74
10,115,390.60,260.71,1,30.49,6.81
10,115,390.60,260.71,2,26.42,7.77
10,115,390.60,260.71,3,35.33,12.21
10,115,390.60,260.71,4,0.40,19.29
10,116,203.21,174.04,0,0.39,15.74
10,116,203.21,174.04,1,30.49,6.81
10,116,203.21,174.04,2,26.42,7.77
10,116,203.21,174.04,3,35.33,12.21
10,116,203.21,174.04,4,0.40,19.29
10,117,348.00,82.00,0,0.39,15.74
10,117,348.00,82.00,1,30.49,6.81
10,117,348.00,82.00,2,26.42,7.77
10,117,348.00,82.00,3,35.33,12.21
10,117,348.00,82.00,4,0.40,19.29
10,118,114.37,208.83,0,0.39,15.74
10,118,114.37,208.83,1,30.49,6.81
10,118,114.37,208.83,2,26.42,7.77
10,118,114.37,208.83,3,35.33,12.21
10,118,114.37,208.83,4,0.40,19.29
10,119,313.35,87.91,0,0.39,15.74
10,119,313.35,87.91,1,30.49,6.81
10,119,313.35,87.91,2,26.42,7.77
10,119,313.35,87.91,3,35.33,12.21
10,119,313.35,87.91,4,0.40,19.29
10,120,183.97,252.44,0,0.39,15.74
10,120,183.97,252.44,1,30.49,6.81
10,120,183.97,252.44,2,26.42,7.77
10,120,183.97,252.44,3,35.33,12.21
10,120,183.97,252.44,4,0.40,19.29
10,121,106.21,102.47,0,0.39,15.74
10,121,106.21,102.47,1,30.49,6.81
10,121,106.21,102.47,2,26.42,7.77
10,121,106.21,102.47,3,35.33,12.21
10,121,106.21,102.47,4,0.40,19.29
10,122,162.77,222.57,0,0.39,15.74
10,122,162.77,222.57,1,30.49,6.81
10,122,162.77,222.57,2,26.42,7.77
10,122,162.77,222.57,3,35.33,12.21
10,122,162.77,222.57,4,0.40,19.29
10,123,171.57,313.08,0,0.39,15.74
10,123,171.57,313.08,1,30.49,6.81
10,123,171.57,313.08,2,26.42,7.77
10,123,171.57,313.08,3,35.33,12.21
10,123,171.57,313.08,4,0.40,19.29
10,124,115.10,12.31,0,0.39,15.74
10,124,115.10,12.31,1,30.49,6.81
10,124,115.10,12.31,2,26.42,7.77
10,124,115.10,12.31,3,35.33,12.21
10,124,115.10,12.31,4,0.40,19.29
10,125,368.60,68.93,0,0.39,15.74
10,125,368.60,68.93,1,30.49,6.81
10,125,368.60,68.93,2,26.42,7.77
10,125,368.60,68.93,3,35.33,12.21
10,125,368.60,68.93,4,0.40,19.29
10,126,39.78,61.07,0,0.39,15.74
10,126,39.78,61.07,1,30.49,6.81
10,126,39.78,61.07,2,26.42,7.77
10,126,39.78,61.07,3,35.33,12.21
10,126,39.78,61.07,4,0.40,19.29
10,127,27.68,394.18,0,0.39,15.74
10,127,27.68,394.18,1,30.49,6.81
10,127,27.68,394.18,2,26.42,7.77
10,127,27.68,394.18,3,35.33,12.21
10,127,27.68,394.18,4,0.40,19.29
10,128,249.71,358.17,0,0.39,15.74
10,128,249.71,358.17,1,30.49,6.81
10,128,249.71,358.17,2,26.42,7.77
10,128,249.71,358.17,3,35.33,12.21
10,128,249.71,358.17,4,0.40,19.29
10,129,261.36,171.83,0,0.39,15.74
10,129,261.36,171.83,1,30.49,6.81
10,129,261.36,171.83,2,26.42,7.77
10,129,261.36,171.83,3,35.33,12.21
10,129,261.36,171.83,4,0.40,19.29
10,130,381.84,201.07,0,0.39,15.74
10,130,381.84,201.07,1,30.49,6.81
10,130,381.84,201.07,2,26.42,7.77
10,130,381.84,201.07,3,35.33,12.21
10,130,381.84,201.07,4,0.40,19.29
10,131,278.21,45.79,0,0.39,15.74
10,131,278.21,45.79,1,30.49,6.81
10,131,278.21,45.79,2,26.42,7.77
10,131,278.21,45.79,3,35.33,12.21
10,131,278.21,45.79,4,0.40,19.29
10,132,359.06,330.84,0,0.39,15.74
10,132,359.06,330.84,1,30.49,6.81
10,132,359.06,330.84,2,26.42,7.77
10,132,359.06,330.84,3,35.33,12.21
10,132,359.06,330.84,4,0.40,19.29
10,133,6.74,127.13,0,0.39,15.74
10,133,6.74,127.13,1,30.49,6.81
10,133,6.74,127.13,2,26.42,7.77
10,133,6.74,127.13,3,35.33,12.21
10,133,6.74,127.13,4,0.40,19.29
10,134,369.39,45.78,0,0.39,15.74
10,134,369.39,45.78,1,30.49,6.81
10,134,369.39,45.78,2,26.42,7.77
10,134,369.39,45.78,3,35.33,12.21
10,134,369.39,45.78,4,0.40,19.29
10,135,104.51,231.64,0,0.39,15.74
10,135,104.51,231.64,1,30.49,6.81
10,135,104.51,231.64,2,26.42,7.77
10,135,104.51,231.64,3,35.33,12.21
10,135,104.51,231.64,4,0.40,19.29
10,136,337.93,62.20,0,0.39,15.74
10,136,337.93,62.20,1,30.49,6.81
10,136,337.93,62.20,2,26.42,7.77
10,136,337.93,62.20,3,35.33,12.21
10,136,337.93,62.20,4,0.40,19.29
10,137,274.33,37.82,0,0.39,15.74
10,137,274.33,37.82,1,30.49,6.81
10,137,274.33,37.82,2,26.42,7.77
10,137,274.33,37.82,3,35.33,12.21
10,137,274.33,37.82,4,0.40,19.29
10,138,275.35,74.68,0,0.39,15.74
10,138,275.35,74.68,1,30.49,6.81
10,138,275.35,74.68,2,26.42,7.77
10,138,275.35,74.68,3,35.33,12.21
10,138,275.35,74.68,4,0.40,19.29
10,139,360.63,69.26,0,0.39,15.74
10,139,360.63,69.26,1,30.49,6.81
10,139,360.63,69.26,2,26.42,7.77
10,139,360.63,69.26,3,35.33,12.21
10,139,360.63,69.26,4,0.40,19.29
10,140,377.30,7.57,0,0.39,15.74
10,140,377.30,7.57,1,30.49,6.81
10,140,377.30,7.57,2,26.42,7.77
10,140,377.30,7.57,3,35.33,12.21
10,140,377.30,7.57,4,0.40,19.29
10,141,363.37,374.37,0,0.39,15.74
10,141,363.37,374.37,1,30.49,6.81
10,141,363.37,374.37,2,26.42,7.77
10,141,363.37,374.37,3,35.33,12.21
10,141,363.37,374.37,4,0.40,19.29
10,142,247.36,161.97,0,0.39,15.74
10,142,247.36,161.97,1,30.49,6.81
10,142,247.36,161.97,2,26.42,7.77
10,142,247.36,161.97,3,35.33,12.21
10,142,247.36,161.97,4,0.40,19.29
10,143,351.28,355.34,0,0.39,15.74
10,143,351.28,355.34,1,30.49,6.81
10,143,351.28,355.34,2,26.42,7.77
10,143,351.28,355.34,3,35.33,12.21
10,143,351.28,355.34,4,0.40,19.29
10,144,396.52,194.67,0,0.39,15.74
10,144,396.52,194.67,1,30.49,6.81
10,144,396.52,194.67,2,26.42,7.77
10,144,396.52,194.67,3,35.33,12.21
10,144,396.52,194.67,4,0.40,19.29
10,145,232.65,353.15,0,0.39,15.74
10,145,232.65,353.15,1,30.49,6.81
10,145,232.65,353.15,2,26.42,7.77
10,145,232.65,353.15,3,35.33,12.21
10,145,232.65,353.15,4,0.40,19.29
10,146,135.82,201.28,0,0.39,15.74
10,146,135.82,201.28,1,30.49,6.81
10,146,135.82,201.28,2,26.42,7.77
10,146,135.82,201.28,3,35.33,12.21
10,146,135.82,201.28,4,0.40,19.29
10,147,9.95,232.68,0,0.39,15.74
10,147,9.95,232.68,1,30.49,6.81
10,147,9.95,232.68,2,26.42,7.77
10,147,9.95,232.68,3,35.33,12.21
10,147,9.95,232.68,4,0.40,19.29
10,148,275.01,220.55,0,0.39,15.74
10,148,275.01,220.55,1,30.49,6.81
10,148,275.01,220.55,2,26.42,7.77
10,148,275.01,220.55,3,35.33,12.21
10,148,275.01,220.55,4,0.40,19.29
10,149,339.22,306.12,0,0.39,15.74
10,149,339.22,306.12,1,30.49,6.81
10,149,339.22,306.12,2,26.42,7.77
10,149,339.22,306.12,3,35.33,12.21
10,149,339.22,306.12,4,0.40,19.29
10,150,277.29,137.88,0,0.39,15.74
10,150,277.29,137.88,1,30.49,6.81
10,150,277.29,137.88,2,26.42,7.77
10,150,277.29,137.88,3,35.33,12.21
10,150,277.29,137.88,4,0.40,19.29
10,151,191.65,56.86,0,0.39,15.74
10,151,191.65,56.86,1,30.49,6.81
10,151,191.65,56.86,2,26.42,7.77
10,151,191.65,56.86,3,35.33,12.21
10,151,191.65,56.86,4,0.40,19.29
10,152,37.02,53.77,0,0.39,15.74
10,152,37.02,53.77,1,30.49,6.81
10,152,37.02,53.77,2,26.42,7.77
10,152,37.02,53.77,3,35.33,12.21
10,152,37.02,53.77,4,0.40,19.29
10,153,51.21,128.68,0,0.39,15.74
10,153,51.21,128.68,1,30.49,6.81
10,153,51.21,128.68,2,26.42,7.77
10,153,51.21,128.68,3,35.33,12.21
10,153,51.21,128.68,4,0.40,19.29
10,154,377.17,222.28,0,0.39,15.74
10,154,377.17,222.28,1,30.49,6.81
10,154,377.17,222.28,2,26.42,7.77
10,154,377.17,222.28,3,35.33,12.21
10,154,377.17,222.28,4,0.40,19.29
10,155,189.93,178.72,0,0.39,15.74
10,155,189.93,178.72,1,30.49,6.81
10,155,189.93,178.72,2,26.42,7.77
10,155,189.93,178.72,3,35.33,12.21
10,155,189.93,178.72,4,0.40,19.29
10,156,357.35,339.53,0,0.39,15.74
10,156,357.35,339.53,1,30.49,6.81
10,156,357.35,339.53,2,26.42,7.77
10,156,357.35,339.53,3,35.33,12.21
10,156,357.35,339.53,4,0.40,19.29
10,157,173.46,64.06,0,0.39,15.74
10,157,173.46,64.06,1,30.49,6.81
10,157,173.46,64.06,2,26.42,7.77
10,157,173.46,64.06,3,35.33,12.21
10,157,173.46,64.06,4,0.40,19.29
10,158,210.73,62.41,0,0.39,15.74
10,158,210.73,62.41,1,30.49,6.81
10,158,210.73,62.41,2,26.42,7.77
10,158,210.73,62.41,3,35.33,12.21
10,158,210.73,62.41,4,0.40,19.29
10,159,364.45,336.13,0,0.39,15.74
10,159,364.45,336.13,1,30.49,6.81
10,159,364.45,336.13,2,26.42,7.77
10,159,364.45,336.13,3,35.33,12.21
10,159,364.45,336.13,4,0.40,19.29
10,160,312.08,386.52,0,0.39,15.74
10,160,312.08,386.52,1,30.49,6.81
10,160,312.08,386.52,2,26.42,7.77
10,160,312.08,386.52,3,35.33,12.21
10,160,312.08,386.52,4,0.40,19.29
10,161,164.54,190.19,0,0.39,15.74
10,161,164.54,190.19,1,30.49,6.81
10,161,164.54,190.19,2,26.42,7.77
10,161,164.54,190.19,3,35.33,12.21
10,161,164.54,190.19,4,0.40,19.29
10,162,312.30,345.24,0,0.39,15.74
10,162,312.30,345.24,1,30.49,6.81
10,162,312.30,345.24,2,26.42,7.77
10,162,312.30,345.24,3,35.33,12.21
10,162,312.30,345.24,4,0.40,19.29
10,163,153.71,181.09,0,0.39,15.74
10,163,153.71,181.09,1,30.49,6.81
10,163,153.71,181.09,2,26.42,7.77
10,163,153.71,181.09,3,35.33,12.21
10,163,153.71,181.09,4,0.40,19.29
10,164,44.29,2.13,0,0.39,15.74
10,164,44.29,2.13,1,30.49,6.81
10,164,44.29,2.13,2,26.42,7.77
10,164,44.29,2.13,3,35.33,12.21
10,164,44.29,2.13,4,0.40,19.29
10,165,108.77,39.69,0,0.39,15.74
10,165,108.77,39.69,1,30.49,6.81
10,165,108.77,39.69,2,26.42,7.77
10,165,108.77,39.69,3,35.33,12.21
10,165,108.77,39.69,4,0.40,19.29
10,166,269.85,387.58,0,0.39,15.74
10,166,269.85,387.58,1,30.49,6.81
10,166,269.85,387.58,2,26.42,7.77
10,166,269.85,387.58,3,35.33,12.21
10,166,269.85,387.58,4,0.40,19.29
10,167,397.04,351.85,0,0.39,15.74
10,167,397.04,351.85,1,30.49,6.81
10,167,397.04,351.85,2,26.42,7.77
10,167,397.04,351.85,3,35.33,12.21
10,167,397.04,351.85,4,0.40,19.29
10,168,214.70,255.09,0,0.39,15.74
10,168,214.70,255.09,1,30.49,6.81
10,168,214.70,255.09,2,26.42,7.77
10,168,214.70,255.09,3,35.33,12.21
10,168,214.70,255.09,4,0.40,19.29
10,169,196.43,24.24,0,0.39,15.74
10,169,196.43,24.24,1,30.49,6.81
10,169,196.43,24.24,2,26.42,7.77
10,169,196.43,24.24,3,35.33,12.21
10,169,196.43,24.24,4,0.40,19.29
10,170,272.73,278.46,0,0.39,15.74
10,170,272.73,278.46,1,30.49,6.81
10,170,272.73,278.46,2,26.42,7.77
10,170,272.73,278.46,3,35.33,12.21
10,170,272.73,278.46,4,0.40,19.29
10,171,68.92,126.96,0,0.39,15.74
10,171,68.92,126.96,1,30.49,6.81
10,171,68.92,126.96,2,26.42,7.77
10,171,68.92,126.96,3,35.33,12.21
10,171,68.92,126.96,4,0.40,19.29
10,172,333.81,209.72,0,0.39,15.74
10,172,333.81,209.72,1,30.49,6.81
10,172,333.81,209.72,2,26.42,7.77
10,172,333.81,209.72,3,35.33,12.21
10,172,333.81,209.72,4,0.40,19.29
10,173,395.04,122.75,0,0.39,15.74
10,173,395.04,122.75,1,30.49,6.81
10,173,395.04,122.75,2,26.42,7.77
10,173,395.04,122.75,3,35.33,12.21
10,173,395.04,122.75,4,0.40,19.29
10,174,175.37,215.05,0,0.39,15.74
10,174,175.37,215.05,1,30.49,6.81
10,174,175.37,215.05,2,26.42,7.77
10,174,175.37,215.05,3,35.33,12.21
10,174,175.37,215.05,4,0.40,19.29
10,175,376.38,198.87,0,0.39,15.74
10,175,376.38,198.87,1,30.49,6.81
10,175,376.38,198.87,2,26.42,7.77
10,175,376.38,198.87,3,35.33,12.21
10,175,376.38,198.87,4,0.40,19.29
10,176,57.08,201.08,0,0.39,15.74
10,176,57.08,201.08,1,30.49,6.81
10,176,57.08,201.08,2,26.42,7.77
10,176,57.08,201.08,3,35.33,12.21
10,176,57.08,201.08,4,0.40,19.29
10,177,207.88,278.81,0,0.39,15.74
10,177,207.88,278.81,1,30.49,6.81
10,177,207.88,278.81,2,26.42,7.77
10,177,207.88,278.81,3,35.33,12.21
10,177,207.88,278.81,4,0.40,19.29
10,178,185.96,73.53,0,0.39,15.74
10,178,185.96,73.53,1,30.49,6.81
10,178,185.96,73.53,2,26.42,7.77
10,178,185.96,73.53,3,35.33,12.21
10,178,185.96,73.53,4,0.40,19.29
10,179,60.11,294.71,0,0.39,15.74
10,179,60.11,294.71,1,30.49,6.81
10,179,60.11,294.71,2,26.42,7.77
10,179,60.11,294.71,3,35.33,12.21
10,179,60.11,294.71,4,0.40,19.29
10,180,175.88,196.30,0,0.39,15.74
10,180,175.88,196.30,1,30.49,6.81
10,180,175.88,196.30,2,26.42,7.77
10,180,175.88,196.30,3,35.33,12.21
10,180,175.88,196.30,4,0.40,19.29
10,181,4.38,165.63,0,0.39,15.74
10,181,4.38,165.63,1,30.49,6.81
10,181,4.38,165.63,2,26.42,7.77
10,181,4.38,165.63,3,35.33,12.21
10,181,4.38,165.63,4,0.40,19.29
10,182,39.85,372.72,0,0.39,15.74
10,182,39.85,372.72,1,30.49,6.81
10,182,39.85,372.72,2,26.42,7.77
10,182,39.85,372.72,3,35.33,12.21
10,182,39.85,372.72,4,0.40,19.29
10,183,105.52,135.88,0,0.39,15.74
10,183,105.52,135.88,1,30.49,6.81
10,183,105.52,135.88,2,26.42,7.77
10,183,105.52,135.88,3,35.33,12.21
10,183,105.52,135.88,4,0.40,19.29
10,184,45.50,74.94,0,0.39,15.74
10,184,45.50,74.94,1,30.49,6.81
10,184,45.50,74.94,2,26.42,7.77
10,184,45.50,74.94,3,35.33,12.21
10,184,45.50,74.94,4,0.40,19.29
10,185,113.61,283.00,0,0.39,15.74
10,185,113.61,283.00,1,30.49,6.81
10,185,113.61,283.00,2,26.42,7.77
10,185,113.61,283.00,3,35.33,12.21
10,185,113.61,283.00,4,0.40,19.29
10,186,181.27,99.41,0,0.39,15.74
10,186,181.27,99.41,1,30.49,6.81
10,186,181.27,99.41,2,26.42,7.77
10,186,181.27,99.41,3,35.33,12.21
10,186,181.27,99.41,4,0.40,19.29
10,187,173.01,305.10,0,0.39,15.74
10,187,173.01,305.10,1,30.49,6.81
10,187,173.01,305.10,2,26.42,7.77
10,187,173.01,305.10,3,35.33,12.21
10,187,173.01,305.10,4,0.40,19.29
10,188,260.98,159.90,0,0.39,15.74
10,188,260.98,159.90,1,30.49,6.81
10,188,260.98,159.90,2,26.42,7.77
10,188,260.98,159.90,3,35.33,12.21
10,188,260.98,159.90,4,0.40,19.29
10,189,56.31,239.85,0,0.39,15.74
10,189,56.31,239.85,1,30.49,6.81
10,189,56.31,239.85,2,26.42,7.77
10,189,56.31,239.85,3,35.33,12.21
10,189,56.31,239.85,4,0.40,19.29
10,190,52.51,14.51,0,0.39,15.74
10,190,52.51,14.51,1,30.49,6.81
10,190,52.51,14.51,2,26.42,7.77
10,190,52.51,14.51,3,35.33,12.21
10,190,52.51,14.51,4,0.40,19.29
10,191,91.64,339.61,0,0.39,15.74
10,191,91.64,339.61,1,30.49,6.81
10,191,91.64,339.61,2,26.42,7.77
10,191,91.64,339.61,3,35.33,12.21
10,191,91.64,339.61,4,0.40,19.29
10,192,251.11,52.33,0,0.39,15.74
10,192,251.11,52.33,1,30.49,6.81
10,192,251.11,52.33,2,26.42,7.77
10,192,251.11,52.33,3,35.33,12.21
10,192,251.11,52.33,4,0.40,19.29
10,193,337.84,73.47,0,0.39,15.74
10,193,337.84,73.47,1,30.49,6.81
10,193,337.84,73.47,2,26.42,7.77
10,193,337.84,73.47,3,35.33,12.21
10,193,337.84,73.47,4,0.40,19.29
10,194,13.10,182.00,0,0.39,15.74
10,194,13.10,182.00,1,30.49,6.81
10,194,13.10,182.00,2,26.42,7.77
10,194,13.10,182.00,3,35.33,12.21
10,194,13.10,182.00,4,0.40,19.29
10,195,152.58,340.94,0,0.39,15.74
10,195,152.58,340.94,1,30.49,6.81
10,195,152.58,340.94,2,26.42,7.77
10,195,152.58,340.94,3,35.33,12.21
10,195,152.58,340.94,4,0.40,19.29
10,196,60.71,97.87,0,0.39,15.74
10,196,60.71,97.87,1,30.49,6.81
10,196,60.71,97.87,2,26.42,7.77
10,196,60.71,97.87,3,35.33,12.21
10,196,60.71,97.87,4,0.40,19.29
10,197,374.94,242.44,0,0.39,15.74
10,197,374.94,242.44,1,30.49,6.81
10,197,374.94,242.44,2,26.42,7.77
10,197,374.94,242.44,3,35.33,12.21
10,197,374.94,242.44,4,0.40,19.29
10,198,311.14,140.86,0,0.39,15.74
10,198,311.14,140.86,1,30.49,6.81
10,198,311.14,140.86,2,26.42,7.77
10,198,311.14,140.86,3,35.33,12.21
10,198,311.14,140.86,4,0.40,19.29
10,199,16.75,192.14,0,0.39,15.74
10,199,16.75,192.14,1,30.49,6.81
10,199,16.75,192.14,2,26.42,7.77
10,199,16.75,192.14,3,35.33,12.21
10,199,16.75,192.14,4,0.40,19.29
10,200,4.05,30.59,0,0.39,15.74
10,200,4.05,30.59,1,30.49,6.81
10,200,4.05,30.59,2,26.42,7.77
10,200,4.05,30.59,3,35.33,12.21
10,200,4.05,30.59,4,0.40,19.29
10,201,369.50,96.00,0,0.39,15.74
10,201,369.50,96.00,1,30.49,6.81
10,201,369.50,96.00,2,26.42,7.77
10,201,369.50,96.00,3,35.33,12.21
10,201,369.50,96.00,4,0.40,19.29
10,202,361.56,200.35,0,0.39,15.74
10,202,361.56,200.35,1,30.49,6.81
10,202,361.56,200.35,2,26.42,7.77
10,202,361.56,200.35,3,35.33,12.21
10,202,361.56,200.35,4,0.40,19.29
10,203,333.36,262.92,0,0.39,15.74
10,203,333.36,262.92,1,30.49,6.81
10,203,333.36,262.92,2,26.42,7.77
10,203,333.36,262.92,3,35.33,12.21
10,203,333.36,262.92,4,0.40,19.29
10,204,55.74,307.90,0,0.39,15.74
10,204,55.74,307.90,1,30.49,6.81
10,204,55.74,307.90,2,26.42,7.77
10,204,55.74,307.90,3,35.33,12.21
10,204,55.74,307.90,4,0.40,19.29
10,205,89.29,119.42,0,0.39,15.74
10,205,89.29,119.42,1,30.49,6.81
10,205,89.29,119.42,2,26.42,7.77
10,205,89.29,119.42,3,35.33,12.21
10,205,89.29,119.42,4,0.40,19.29
10,206,221.49,145.82,0,0.39,15.74
10,206,221.49,145.82,1,30.49,6.81
10,206,221.49,145.82,2,26.42,7.77
10,206,221.49,145.82,3,35.33,12.21
10,206,221.49,145.82,4,0.40,19.29
10,207,19.87,245.74,0,0.39,15.74
10,207,19.87,245.74,1,30.49,6.81
10,207,19.87,245.74,2,26.42,7.77
10,207,19.87,245.74,3,35.33,12.21
10,207,19.87,245.74,4,0.40,19.29
10,208,79.24,368.46,0,0.39,15.74
10,208,79.24,368.46,1,30.49,6.81
10,208,79.24,368.46,2,26.42,7.77
10,208,79.24,368.46,3,35.33,12.21
10,208,79.24,368.46,4,0.40,19.29
10,209,359.30,159.58,0,0.39,15.74
10,209,359.30,159.58,1,30.49,6.81
10,209,359.30,159.58,2,26.42,7.77
10,209,359.30,159.58,3,35.33,12.21
10,209,359.30,159.58,4,0.40,19.29
10,210,283.72,107.14,0,0.39,15.74
10,210,283.72,107.14,1,30.49,6.81
10,210,283.72,107.14,2,26.42,7.77
10,210,283.72,107.14,3,35.33,12.21
10,210,283.72,107.14,4,0.40,19.29
10,211,182.63,383.70,0,0.39,15.74
10,211,182.63,383.70,1,30.49,6.81
10,211,182.63,383.70,2,26.42,7.77
10,211,182.63,383.70,3,35.33,12.21
10,211,182.63,383.70,4,0.40,19.29
10,212,380.66,309.29,0,0.39,15.74
10,212,380.66,309.29,1,30.49,6.81
10,212,380.66,309.29,2,26.42,7.77
10,212,380.66,309.29,3,35.33,12.21
10,212,380.66,309.29,4,0.40,19.29
10,213,392.73,328.97,0,0.39,15.74
10,213,392.73,328.97,1,30.49,6.81
10,213,392.73,328.97,2,26.42,7.77
10,213,392.73,328.97,3,35.33,12.21
10,213,392.73,328.97,4,0.40,19.29
10,214,265.47,68.32,0,0.39,15.74
10,214,265.47,68.32,1,30.49,6.81
10,214,265.47,68.32,2,26.42,7.77
10,214,265.47,68.32,3,35.33,12.21
10,214,265.47,68.32,4,0.40,19.29
10,215,288.26,382.53,0,0.39,15.74
10,215,288.26,382.53,1,30.49,6.81
10,215,288.26,382.53,2,26.42,7.77
10,215,288.26,382.53,3,35.33,12.21
10,215,288.26,382.53,4,0.40,19.29
10,216,251.46,378.46,0,0.39,15.74
10,216,251.46,378.46,1,30.49,6.81
10,216,251.46,378.46,2,26.42,7.77
10,216,251.46,378.46,3,35.33,12.21
10,216,251.46,378.46,4,0.40,19.29
10,217,346.61,30.37,0,0.39,15.74
10,217,346.61,30.37,1,30.49,6.81
10,217,346.61,30.37,2,26.42,7.77
10,217,346.61,30.37,3,35.33,12.21
10,217,346.61,30.37,4,0.40,19.29
10,218,295.38,389.73,0,0.39,15.74
10,218,295.38,389.73,1,30.49,6.81
10,218,295.38,389.73,2,26.42,7.77
10,218,295.38,389.73,3,35.33,12.21
10,218,295.38,389.73,4,0.40,19.29
10,219,3.45,62.53,0,0.39,15.74
10,219,3.45,62.53,1,30.49,6.81
10,219,3.45,62.53,2,26.42,7.77
10,219,3.45,62.53,3,35.33,12.21
10,219,3.45,62.53,4,0.40,19.29
10,220,329.57,36.25,0,0.39,15.74
10,220,329.57,36.25,1,30.49,6.81
10,220,329.57,36.25,2,26.42,7.77
10,220,329.57,36.25,3,35.33,12.21
10,220,329.57,36.25,4,0.40,19.29
10,221,307.39,261.20,0,0.39,15.74
10,221,307.39,261.20,1,30.49,6.81
10,221,307.39,261.20,2,26.42,7.77
10,221,307.39,261.20,3,35.33,12.21
10,221,307.39,261.20,4,0.40,19.29
10,222,40.43,355.11,0,0.39,15.74
10,222,40.43,355.11,1,30.49,6.81
10,222,40.43,355.11,2,26.42,7.77
10,222,40.43,355.11,3,35.33,12.21
10,222,40.43,355.11,4,0.40,19.29
10,223,296.62,185.69,0,0.39,15.74
10,223,296.62,185.69,1,30.49,6.81
10,223,296.62,185.69,2,26.42,7.77
10,223,296.62,185.69,3,35.33,12.21
10,223,296.62,185.69,4,0.40,19.29
10,224,364.55,49.18,0,0.39,15.74
10,224,364.55,49.18,1,30.49,6.81
10,224,364.55,49.18,2,26.42,7.77
10,224,364.55,49.18,3,35.33,12.21
10,224,364.55,49.18,4,0.40,19.29
10,225,365.99,248.87,0,0.39,15.74
10,225,365.99,248.87,1,30.49,6.81
10,225,365.99,248.87,2,26.42,7.77
10,225,365.99,248.87,3,35.33,12.21
10,225,365.99,248.87,4,0.40,19.29
10,226,261.78,183.74,0,0.39,15.74
10,226,261.78,183.74,1,30.49,6.81
10,226,261.78,183.74,2,26.42,7.77
10,226,261.78,183.74,3,35.33,12.21
10,226,261.78,183.74,4,0.40,19.29
10,227,139.61,320.21,0,0.39,15.74
10,227,139.61,320.21,1,30.49,6.81
10,227,139.61,320.21,2,26.42,7.77
10,227,139.61,320.21,3,35.33,12.21
10,227,139.61,320.21,4,0.40,19.29
10,228,254.65,19.31,0,0.39,15.74
10,228,254.65,19.31,1,30.49,6.81
10,228,254.65,19.31,2,26.42,7.77
10,228,254.65,19.31,3,35.33,12.21
10,228,254.65,19.31,4,0.40,19.29
10,229,129.28,135.82,0,0.39,15.74
10,229,129.28,135.82,1,30.49,6.81
10,229,129.28,135.82,2,26.42,7.77
10,229,129.28,135.82,3,35.33,12.21
10,229,129.28,135.82,4,0.40,19.29
10,230,153.12,2.71,0,0.39,15.74
10,230,153.12,2.71,1,30.49,6.81
10,230,153.12,2.71,2,26.42,7.77
10,230,153.12,2.71,3,35.33,12.21
10,230,153.12,2.71,4,0.40,19.29
10,231,273.35,328.68,0,0.39,15.74
10,231,273.35,328.68,1,30.49,6.81
10,231,273.35,328.68,2,26.42,7.77
10,231,273.35,328.68,3,35.33,12.21
10,231,273.35,328.68,4,0.40,19.29
10,232,314.00,52.68,0,0.39,15.74
10,232,314.00,52.68,1,30.49,6.81
10,232,314.00,52.68,2,26.42,7.77
10,232,314.00,52.68,3,35.33,12.21
10,232,314.00,52.68,4,0.40,19.29
10,233,371.70,292.43,0,0.39,15.74
10,233,371.70,292.43,1,30.49,6.81
10,233,371.70,292.43,2,26.42,7.77
10,233,371.70,292.43,3,35.33,12.21
10,233,371.70,292.43,4,0.40,19.29
10,234,187.84,91.56,0,0.39,15.74
10,234,187.84,91.56,1,30.49,6.81
10,234,187.84,91.56,2,26.42,7.77
10,234,187.84,91.56,3,35.33,12.21
10,234,187.84,91.56,4,0.40,19.29
10,235,203.23,87.68,0,0.39,15.74
10,235,203.23,87.68,1,30.49,6.81
10,235,203.23,87.68,2,26.42,7.77
10,235,203.23,87.68,3,35.33,12.21
10,235,203.23,87.68,4,0.40,19.29
10,236,242.95,87.02,0,0.39,15.74
10,236,242.95,87.02,1,30.49,6.81
10,236,242.95,87.02,2,26.42,7.77
10,236,242.95,87.02,3,35.33,12.21
10,236,242.95,87.02,4,0.40,19.29
10,237,164.45,196.64,0,0.39,15.74
10,237,164.45,196.64,1,30.49,6.81
10,237,164.45,196.64,2,26.42,7.77
10,237,164.45,196.64,3,35.33,12.21
10,237,164.45,196.64,4,0.40,19.29
10,238,39.17,261.25,0,0.39,15.74
10,238,39.17,261.25,1,30.49,6.81
10,238,39.17,261.25,2,26.42,7.77
10,238,39.17,261.25,3,35.33,12.21
10,238,39.17,261.25,4,0.40,19.29
10,239,165.32,148.18,0,0.39,15.74
10,239,165.32,148.18,1,30.49,6.81
10,239,165.32,148.18,2,26.42,7.77
10,239,165.32,148.18,3,35.33,12.21
10,239,165.32,148.18,4,0.40,19.29
10,240,174.92,227.75,0,0.39,15.74
10,240,174.92,227.75,1,30.49,6.81
10,240,174.92,227.75,2,26.42,7.77
10,240,174.92,227.75,3,35.33,12.21
10,240,174.92,227.75,4,0.40,19.29
10,241,395.69,220.88,0,0.39,15.74
10,241,395.69,220.88,1,30.49,6.81
10,241,395.69,220.88,2,26.42,7.77
10,241,395.69,220.88,3,35.33,12.21
10,241,395.69,220.88,4,0.40,19.29
10,242,191.18,230.20,0,0.39,15.74
10,242,191.18,230.20,1,30.49,6.81
10,242,191.18,230.20,2,26.42,7.77
10,242,191.18,230.20,3,35.33,12.21
10,242,191.18,230.20,4,0.40,19.29
10,243,43.16,240.05,0,0.39,15.74
10,243,43.16,240.05,1,30.49,6.81
10,243,43.16,240.05,2,26.42,7.77
10,243,43.16,240.05,3,35.33,12.21
10,243,43.16,240.05,4,0.40,19.29
10,244,203.65,346.70,0,0.39,15.74
10,244,203.65,346.70,1,30.49,6.81
10,244,203.65,346.70,2,26.42,7.77
10,244,203.65,346.70,3,35.33,12.21
10,244,203.65,346.70,4,0.40,19.29
10,245,181.90,192.29,0,0.39,15.74
10,245,181.90,192.29,1,30.49,6.81
10,245,181.90,192.29,2,26.42,7.77
10,245,181.90,192.29,3,35.33,12.21
10,245,181.90,192.29,4,0.40,19.29
10,246,317.45,272.72,0,0.39,15.74
10,246,317.45,272.72,1,30.49,6.81
10,246,317.45,272.72,2,26.42,7.77
10,246,317.45,272.72,3,35.33,12.21
10,246,317.45,272.72,4,0.40,19.29
10,247,96.87,89.74,0,0.39,15.74
10,247,96.87,89.74,1,30.49,6.81
10,247,96.87,89.74,2,26.42,7.77
10,247,96.87,89.74,3,35.33,12.21
10,247,96.87,89.74,4,0.40,19.29
10,248,393.57,345.91,0,0.39,15.74
10,248,393.57,345.91,1,30.49,6.81
10,248,393.57,345.91,2,26.42,7.77
10,248,393.57,345.91,3,35.33,12.21
10,248,393.57,345.91,4,0.40,19.29
10,249,357.83,378.67,0,0.39,15.74
10,249,357.83,378.67,1,30.49,6.81
10,249,357.83,378.67,2,26.42,7.77
10,249,357.83,378.67,3,35.33,12.21
10,249,357.83,378.67,4,0.40,19.29
10,250,224.15,287.64,0,0.39,15.74
10,250,224.15,287.64,1,30.49,6.81
10,250,224.15,287.64,2,26.42,7.77
10,250,224.15,287.64,3,35.33,12.21
10,250,224.15,287.64,4,0.40,19.29
10,251,129.49,281.62,0,0.39,15.74
10,251,129.49,281.62,1,30.49,6.81
10,251,129.49,281.62,2,26.42,7.77
10,251,129.49,281.62,3,35.33,12.21
10,251,129.49,281.62,4,0.40,19.29
10,252,4.95,32.67,0,0.39,15.74
10,252,4.95,32.67,1,30.49,6.81
10,252,4.95,32.67,2,26.42,7.77
10,252,4.95,32.67,3,35.33,12.21
10,252,4.95,32.67,4,0.40,19.29
10,253,288.32,178.25,0,0.39,15.74
10,253,288.32,178.25,1,30.49,6.81
10,253,288.32,178.25,2,26.42,7.77
10,253,288.32,178.25,3,35.33,12.21
10,253,288.32,178.25,4,0.40,19.29
10,254,345.28,97.50,0,0.39,15.74
10,254,345.28,97.50,1,30.49,6.81
10,254,345.28,97.50,2,26.42,7.77
10,254,345.28,97.50,3,35.33,12.21
10,254,345.28,97.50,4,0.40,19.29
10,255,33.85,280.72,0,0.39,15.74
10,255,33.85,280.72,1,30.49,6.81
10,255,33.85,280.72,2,26.42,7.77
10,255,33.85,280.72,3,35.33,12.21
10,255,33.85,280.72,4,0.40,19.29
10,256,77.70,66.05,0,0.39,15.74
10,256,77.70,66.05,1,30.49,6.81
10,256,77.70,66.05,2,26.42,7.77
10,256,77.70,66.05,3,35.33,12.21
10,256,77.70,66.05,4,0.40,19.29
10,257,331.81,154.00,0,0.39,15.74
10,257,331.81,154.00,1,30.49,6.81
10,257,331.81,154.00,2,26.42,7.77
10,257,331.81,154.00,3,35.33,12.21
10,257,331.81,154.00,4,0.40,19.29
10,258,350.81,73.54,0,0.39,15.74
10,258,350.81,73.54,1,30.49,6.81
10,258,350.81,73.54,2,26.42,7.77
10,258,350.81,73.54,3,35.33,12.21
10,258,350.81,73.54,4,0.40,19.29
10,259,90.49,68.57,0,0.39,15.74
10,259,90.49,68.57,1,30.49,6.81
10,259,90.49,68.57,2,26.42,7.77
10,259,90.49,68.57,3,35.33,12.21
10,259,90.49,68.57,4,0.40,19.29
10,260,284.73,387.85,0,0.39,15.74
10,260,284.73,387.85,1,30.49,6.81
10,260,284.73,387.85,2,26.42,7.77
10,260,284.73,387.85,3,35.33,12.21
10,260,284.73,387.85,4,0.40,19.29
10,261,98.51,390.43,0,0.39,15.74
10,261,98.51,390.43,1,30.49,6.81
10,261,98.51,390.43,2,26.42,7.77
10,261,98.51,390.43,3,35.33,12.21
10,261,98.51,390.43,4,0.40,19.29
10,262,127.66,75.57,0,0.39,15.74
10,262,127.66,75.57,1,30.49,6.81
10,262,127.66,75.57,2,26.42,7.77
10,262,127.66,75.57,3,35.33,12.21
10,262,127.66,75.57,4,0.40,19.29
10,263,129.19,54.21,0,0.39,15.74
10,263,129.19,54.21,1,30.49,6.81
10,263,129.19,54.21,2,26.42,7.77
10,263,129.19,54.21,3,35.33,12.21
10,263,129.19,54.21,4,0.40,19.29
10,264,22.16,159.79,0,0.39,15.74
10,264,22.16,159.79,1,30.49,6.81
10,264,22.16,159.79,2,26.42,7.77
10,264,22.16,159.79,3,35.33,12.21
10,264,22.16,159.79,4,0.40,19.29
10,265,239.09,296.87,0,0.39,15.74
10,265,239.09,296.87,1,30.49,6.81
10,265,239.09,296.87,2,26.42,7.77
10,265,239.09,296.87,3,35.33,12.21
10,265,239.09,296.87,4,0.40,19.29
10,266,148.60,283.54,0,0.39,15.74
10,266,148.60,283.54,1,30.49,6.81
10,266,148.60,283.54,2,26.42,7.77
10,266,148.60,283.54,3,35.33,12.21
10,266,148.60,283.54,4,0.40,19.29
10,267,141.19,28.82,0,0.39,15.74
10,267,141.19,28.82,1,30.49,6.81
10,267,141.19,28.82,2,26.42,7.77
10,267,141.19,28.82,3,35.33,12.21
10,267,141.19,28.82,4,0.40,19.29
10,268,145.23,113.89,0,0.39,15.74
10,268,145.23,113.89,1,30.49,6.81
10,268,145.23,113.89,2,26.42,7.77
10,268,145.23,113.89,3,35.33,12.21
10,268,145.23,113.89,4,0.40,19.29
10,269,1.18,189.50,0,0.39,15.74
10,269,1.18,189.50,1,30.49,6.81
10,269,1.18,189.50,2,26.42,7.77
10,269,1.18,189.50,3,35.33,12.21
10,269,1.18,189.50,4,0.40,19.29
10,270,84.01,269.66,0,0.39,15.74
10,270,84.01,269.66,1,30.49,6.81
10,270,84.01,269.66,2,26.42,7.77
10,270,84.01,269.66,3,35.33,12.21
10,270,84.01,269.66,4,0.40,19.29
10,271,9.78,111.72,0,0.39,15.74
10,271,9.78,111.72,1,30.49,6.81
10,271,9.78,111.72,2,26.42,7.77
10,271,9.78,111.72,3,35.33,12.21
10,271,9.78,111.72,4,0.40,19.29
10,272,68.70,281.02,0,0.39,15.74
10,272,68.70,281.02,1,30.49,6.81
10,272,68.70,281.02,2,26.42,7.77
10,272,68.70,281.02,3,35.33,12.21
10,272,68.70,281.02,4,0.40,19.29
10,273,33.00,230.71,0,0.39,15.74
10,273,33.00,230.71,1,30.49,6.81
10,273,33.00,230.71,2,26.42,7.77
10,273,33.00,230.71,3,35.33,12.21
10,273,33.00,230.71,4,0.40,19.29
10,274,101.27,3.82,0,0.39,15.74
10,274,101.27,3.82,1,30.49,6.81
10,274,101.27,3.82,2,26.42,7.77
10,274,101.27,3.82,3,35.33,12.21
10,274,101.27,3.82,4,0.40,19.29
10,275,276.60,229.01,0,0.39,15.74
10,275,276.60,229.01,1,30.49,6.81
10,275,276.60,229.01,2,26.42,7.77
10,275,276.60,229.01,3,35.33,12.21
10,275,276.60,229.01,4,0.40,19.29
10,276,265.07,251.59,0,0.39,15.74
10,276,265.07,251.59,1,30.49,6.81
10,276,265.07,251.59,2,26.42,7.77
10,276,265.07,251.59,3,35.33,12.21
10,276,265.07,251.59,4,0.40,19.29
10,277,240.42,194.44,0,0.39,15.74
10,277,240.42,194.44,1,30.49,6.81
10,277,240.42,194.44,2,26.42,7.77
10,277,240.42,194.44,3,35.33,12.21
10,277,240.42,194.44,4,0.40,19.29
10,278,100.59,392.14,0,0.39,15.74
10,278,100.59,392.14,1,30.49,6.81
10,278,100.59,392.14,2,26.42,7.77
10,278,100.59,392.14,3,35.33,12.21
10,278,100.59,392.14,4,0.40,19.29
10,279,243.84,384.39,0,0.39,15.74
10,279,243.84,384.39,1,30.49,6.81
10,279,243.84,384.39,2,26.42,7.77
10,279,243.84,384.39,3,35.33,12.21
10,279,243.84,384.39,4,0.40,19.29
10,280,340.46,213.57,0,0.39,15.74
10,280,340.46,213.57,1,30.49,6.81
10,280,340.46,213.57,2,26.42,7.77
10,280,340.46,213.57,3,35.33,12.21
10,280,340.46,213.57,4,0.40,19.29
10,281,202.85,17.07,0,0.39,15.74
10,281,202.85,17.07,1,30.49,6.81
10,281,202.85,17.07,2,26.42,7.77
10,281,202.85,17.07,3,35.33,12.21
10,281,202.85,17.07,4,0.40,19.29
10,282,294.29,165.16,0,0.39,15.74
10,282,294.29,165.16,1,30.49,6.81
10,282,294.29,165.16,2,26.42,7.77
10,282,294.29,165.16,3,35.33,12.21
10,282,294.29,165.16,4,0.40,19.29
10,283,295.18,147.27,0,0.39,15.74
10,283,295.18,147.27,1,30.49,6.81
10,283,295.18,147.27,2,26.42,7.77
10,283,295.18,147.27,3,35.33,12.21
10,283,295.18,147.27,4,0.40,19.29
10,284,175.37,91.85,0,0.39,15.74
10,284,175.37,91.85,1,30.49,6.81
10,284,175.37,91.85,2,26.42,7.77
10,284,175.37,91.85,3,35.33,12.21
10,284,175.37,91.85,4,0.40,19.29
10,285,231.84,343.23,0,0.39,15.74
10,285,231.84,343.23,1,30.49,6.81
10,285,231.84,343.23,2,26.42,7.77
10,285,231.84,343.23,3,35.33,12.21
10,285,231.84,343.23,4,0.40,19.29
10,286,272.63,317.80,0,0.39,15.74
10,286,272.63,317.80,1,30.49,6.81
10,286,272.63,317.80,2,26.42,7.77
10,286,272.63,317.80,3,35.33,12.21
10,286,272.63,317.80,4,0.40,19.29
10,287,366.76,162.81,0,0.39,15.74
10,287,366.76,162.81,1,30.49,6.81
10,287,366.76,162.81,2,26.42,7.77
10,287,366.76,162.81,3,35.33,12.21
10,287,366.76,162.81,4,0.40,19.29
10,288,115.20,13.58,0,0.39,15.74
10,288,115.20,13.58,1,30.49,6.81
10,288,115.20,13.58,2,26.42,7.77
10,288,115.20,13.58,3,35.33,12.21
10,288,115.20,13.58,4,0.40,19.29
10,289,83.68,313.74,0,0.39,15.74
10,289,83.68,313.74,1,30.49,6.81
10,289,83.68,313.74,2,26.42,7.77
10,289,83.68,313.74,3,35.33,12.21
10,289,83.68,313.74,4,0.40,19.29
10,290,273.04,288.45,0,0.39,15.74
10,290,273.04,288.45,1,30.49,6.81
10,290,273.04,288.45,2,26.42,7.77
10,290,273.04,288.45,3,35.33,12.21
10,290,273.04,288.45,4,0.40,19.29
10,291,72.57,5.84,0,0.39,15.74
10,291,72.57,5.84,1,30.49,6.81
10,291,72.57,5.84,2,26.42,7.77
10,291,72.57,5.84,3,35.33,12.21
10,291,72.57,5.84,4,0.40,19.29
10,292,264.93,307.61,0,0.39,15.74
10,292,264.93,307.61,1,30.49,6.81
10,292,264.93,307.61,2,26.42,7.77
10,292,264.93,307.61,3,35.33,12.21
10,292,264.93,307.61,4,0.40,19.29
10,293,188.09,146.90,0,0.39,15.74
10,293,188.09,146.90,1,30.49,6.81
10,293,188.09,146.90,2,26.42,7.77
10,293,188.09,146.90,3,35.33,12.21
10,293,188.09,146.90,4,0.40,19.29
10,294,132.39,346.13,0,0.39,15.74
10,294,132.39,346.13,1,30.49,6.81
10,294,132.39,346.13,2,26.42,7.77
10,294,132.39,346.13,3,35.33,12.21
10,294,132.39,346.13,4,0.40,19.29
10,295,338.71,202.20,0,0.39,15.74
10,295,338.71,202.20,1,30.49,6.81
10,295,338.71,202.20,2,26.42,7.77
10,295,338.71,202.20,3,35.33,12.21
10,295,338.71,202.20,4,0.40,19.29
10,296,309.70,48.03,0,0.39,15.74
10,296,309.70,48.03,1,30.49,6.81
10,296,309.70,48.03,2,26.42,7.77
10,296,309.70,48.03,3,35.33,12.21
10,296,309.70,48.03,4,0.40,19.29
10,297,371.40,85.91,0,0.39,15.74
10,297,371.40,85.91,1,30.49,6.81
10,297,371.40,85.91,2,26.42,7.77
10,297,371.40,85.91,3,35.33,12.21
10,297,371.40,85.91,4,0.40,19.29
10,298,330.38,61.90,0,0.39,15.74
10,298,330.38,61.90,1,30.49,6.81
10,298,330.38,61.90,2,26.42,7.77
10,298,330.38,61.90,3,35.33,12.21
10,298,330.38,61.90,4,0.40,19.29
10,299,45.22,124.04,0,0.39,15.74
10,299,45.22,124.04,1,30.49,6.81
10,299,45.22,124.04,2,26.42,7.77
10,299,45.22,124.04,3,35.33,12.21
10,299,45.22,124.04,4,0.40,19.29
10,300,213.13,335.34,0,0.39,15.74
10,300,213.13,335.34,1,30.49,6.81
10,300,213.13,335.34,2,26.42,7.77
10,300,213.13,335.34,3,35.33,12.21
10,300,213.13,335.34,4,0.40,19.29
20,1,240.24,106.96,0,0.37,15.17
20,1,240.24,106.96,1,31.62,5.37
20,1,240.24,106.96,2,24.91,8.19
20,1,240.24,106.96,3,38.52,14.28
20,1,240.24,106.96,4,0.86,21.25
20,2,46.61,54.08,0,0.37,15.17
20,2,46.61,54.08,1,31.62,5.37
20,2,46.61,54.08,2,24.91,8.19
20,2,46.61,54.08,3,38.52,14.28
20,2,46.61,54.08,4,0.86,21.25
20,3,187.25,281.62,0,0.37,15.17
20,3,187.25,281.62,1,31.62,5.37
20,3,187.25,281.62,2,24.91,8.19
20,3,187.25,281.62,3,38.52,14.28
20,3,187.25,281.62,4,0.86,21.25
20,4,261.76,76.95,0,0.37,15.17
20,4,261.76,76.95,1,31.62,5.37
20,4,261.76,76.95,2,24.91,8.19
20,4,261.76,76.95,3,38.52,14.28
20,4,261.76,76.95,4,0.86,21.25
20,5,11.96,311.18,0,0.37,15.17
20,5,11.96,311.18,1,31.62,5.37
20,5,11.96,311.18,2,24.91,8.19
20,5,11.96,311.18,3,38.52,14.28
20,5,11.96,311.18,4,0.86,21.25
20,6,101.38,272.78,0,0.37,15.17
20,6,101.38,272.78,1,31.62,5.37
20,6,101.38,272.78,2,24.91,8.19
20,6,101.38,272.78,3,38.52,14.28
20,6,101.38,272.78,4,0.86,21.25
20,7,98.60,101.21,0,0.37,15.17
20,7,98.60,101.21,1,31.62,5.37
20,7,98.60,101.21,2,24.91,8.19
20,7,98.60,101.21,3,38.52,14.28
20,7,98.60,101.21,4,0.86,21.25
20,8,171.12,382.41,0,0.37,15.17
20,8,171.12,382.41,1,31.62,5.37
20,8,171.12,382.41,2,24.91,8.19
20,8,171.12,382.41,3,38.52,14.28
20,8,171.12,382.41,4,0.86,21.25
20,9,229.28,207.52,0,0.37,15.17
20,9,229.28,207.52,1,31.62,5.37
20,9,229.28,207.52,2,24.91,8.19
20,9,229.28,207.52,3,38.52,14.28
20,9,229.28,207.52,4,0.86,21.25
20,10,386.66,157.53,0,0.37,15.17
20,10,386.66,157.53,1,31.62,5.37
20,10,386.66,157.53,2,24.91,8.19
20,10,386.66,157.53,3,38.52,14.28
20,10,386.66,157.53,4,0.86,21.25
20,11,136.90,126.42,0,0.37,15.17
20,11,136.90,126.42,1,31.62,5.37
20,11,136.90,126.42,2,24.91,8.19
20,11,136.90,126.42,3,38.52,14.28
20,11,136.90,126.42,4,0.86,21.25
20,12,238.61,61.57,0,0.37,15.17
20,12,238.61,61.57,1,31.62,5.37
20,12,238.61,61.57,2,24.91,8.19
20,12,238.61,61.57,3,38.52,14.28
20,12,238.61,61.57,4,0.86,21.25
20,13,122.68,69.45,0,0.37,15.17
20,13,122.68,69.45,1,31.62,5.37
20,13,122.68,69.45,2,24.91,8.19
20,13,122.68,69.45,3,38.52,14.28
20,13,122.68,69.45,4,0.86,21.25
20,14,4.03,384.12,0,0.37,15.17
20,14,4.03,384.12,1,31.62,5.37
20,14,4.03,384.12,2,24.91,8.19
20,14,4.03,384.12,3,38.52,14.28
20,14,4.03,384.12,4,0.86,21.25
20,15,3.47,329.14,0,0.37,15.17
20,15,3.47,329.14,1,31.62,5.37
20,15,3.47,329.14,2,24.91,8.19
20,15,3.47,329.14,3,38.52,14.28
20,15,3.47,329.14,4,0.86,21.25
20,16,327.23,317.78,0,0.37,15.17
20,16,327.23,317.78,1,31.62,5.37
20,16,327.23,317.78,2,24.91,8.19
20,16,327.23,317.78,3,38.52,14.28
20,16,327.23,317.78,4,0.86,21.25
20,17,383.38,180.61,0,0.37,15.17
20,17,383.38,180.61,1,31.62,5.37
20,17,383.38,180.61,2,24.91,8.19
20,17,383.38,180.61,3,38.52,14.28
20,17,383.38,180.61,4,0.86,21.25
20,18,190.48,370.25,0,0.37,15.17
20,18,190.48,370.25,1,31.62,5.37
20,18,190.48,370.25,2,24.91,8.19
20,18,190.48,370.25,3,38.52,14.28
20,18,190.48,370.25,4,0.86,21.25
20,19,83.05,322.02,0,0.37,15.17
20,19,83.05,322.02,1,31.62,5.37
20,19,83.05,322.02,2,24.91,8.19
20,19,83.05,322.02,3,38.52,14.28
20,19,83.05,322.02,4,0.86,21.25
20,20,206.42,367.16,0,0.37,15.17
20,20,206.42,367.16,1,31.62,5.37
20,20,206.42,367.16,2,24.91,8.19
20,20,206.42,367.16,3,38.52,14.28
20,20,206.42,367.16,4,0.86,21.25
20,21,393.38,107.42,0,0.37,15.17
20,21,393.38,107.42,1,31.62,5.37
20,21,393.38,107.42,2,24.91,8.19
20,21,393.38,107.42,3,38.52,14.28
20,21,393.38,107.42,4,0.86,21.25
20,22,261.70,374.89,0,0.37,15.17
20,22,261.70,374.89,1,31.62,5.37
20,22,261.70,374.89,2,24.91,8.19
20,22,261.70,374.89,3,38.52,14.28
20,22,261.70,374.89,4,0.86,21.25
20,23,345.51,293.34,0,0.37,15.17
20,23,345.51,293.34,1,31.62,5.37
20,23,345.51,293.34,2,24.91,8.19
20,23,345.51,293.34,3,38.52,14.28
20,23,345.51,293.34,4,0.86,21.25
20,24,114.76,44.94,0,0.37,15.17
20,24,114.76,44.94,1,31.62,5.37
20,24,114.76,44.94,2,24.91,8.19
20,24,114.76,44.94,3,38.52,14.28
20,24,114.76,44.94,4,0.86,21.25
20,25,89.14,354.47,0,0.37,15.17
20,25,89.14,354.47,1,31.62,5.37
20,25,89.14,354.47,2,24.91,8.19
20,25,89.14,354.47,3,38.52,14.28
20,25,89.14,354.47,4,0.86,21.25
20,26,287.94,5.15,0,0.37,15.17
20,26,287.94,5.15,1,31.62,5.37
20,26,287.94,5.15,2,24.91,8.19
20,26,287.94,5.15,3,38.52,14.28
20,26,287.94,5.15,4,0.86,21.25
20,27,252.58,75.96,0,0.37,15.17
20,27,252.58,75.96,1,31.62,5.37
20,27,252.58,75.96,2,24.91,8.19
20,27,252.58,75.96,3,38.52,14.28
20,27,252.58,75.96,4,0.86,21.25
20,28,388.28,368.16,0,0.37,15.17
20,28,388.28,368.16,1,31.62,5.37
20,28,388.28,368.16,2,24.91,8.19
20,28,388.28,368.16,3,38.52,14.28
20,28,388.28,368.16,4,0.86,21.25
20,29,159.01,247.52,0,0.37,15.17
20,29,159.01,247.52,1,31.62,5.37
20,29,159.01,247.52,2,24.91,8.19
20,29,159.01,247.52,3,38.52,14.28
20,29,159.01,247.52,4,0.86,21.25
20,30,387.35,185.41,0,0.37,15.17
20,30,387.35,185.41,1,31.62,5.37
20,30,387.35,185.41,2,24.91,8.19
20,30,387.35,185.41,3,38.52,14.28
20,30,387.35,185.41,4,0.86,21.25
20,31,187.57,6.69,0,0.37,15.17
20,31,187.57,6.69,1,31.62,5.37
20,31,187.57,6.69,2,24.91,8.19
20,31,187.57,6.69,3,38.52,14.28
20,31,187.57,6.69,4,0.86,21.25
20,32,234.65,55.10,0,0.37,15.17
20,32,234.65,55.10,1,31.62,5.37
20,32,234.65,55.10,2,24.91,8.19
20,32,234.65,55.10,3,38.52,14.28
20,32,234.65,55.10,4,0.86,21.25
20,33,43.26,251.19,0,0.37,15.17
20,33,43.26,251.19,1,31.62,5.37
20,33,43.26,251.19,2,24.91,8.19
20,33,43.26,251.19,3,38.52,14.28
20,33,43.26,251.19,4,0.86,21.25
20,34,154.32,106.44,0,0.37,15.17
20,34,154.32,106.44,1,31.62,5.37
20,34,154.32,106.44,2,24.91,8.19
20,34,154.32,106.44,3,38.52,14.28
20,34,154.32,106.44,4,0.86,21.25
20,35,297.14,214.00,0,0.37,15.17
20,35,297.14,214.00,1,31.62,5.37
20,35,297.14,214.00,2,24.91,8.19
20,35,297.14,214.00,3,38.52,14.28
20,35,297.14,214.00,4,0.86,21.25
20,36,122.25,319.38,0,0.37,15.17
20,36,122.25,319.38,1,31.62,5.37
20,36,122.25,319.38,2,24.91,8.19
20,36,122.25,319.38,3,38.52,14.28
20,36,122.25,319.38,4,0.86,21.25
20,37,289.03,297.43,0,0.37,15.17
20,37,289.03,297.43,1,31.62,5.37
20,37,289.03,297.43,2,24.91,8.19
20,37,289.03,297.43,3,38.52,14.28
20,37,289.03,297.43,4,0.86,21.25
20,38,143.21,232.79,0,0.37,15.17
20,38,143.21,232.79,1,31.62,5.37
20,38,143.21,232.79,2,24.91,8.19
20,38,143.21,232.79,3,38.52,14.28
20,38,143.21,232.79,4,0.86,21.25
20,39,124.97,193.96,0,0.37,15.17
20,39,124.97,193.96,1,31.62,5.37
20,39,124.97,193.96,2,24.91,8.19
20,39,124.97,193.96,3,38.52,14.28
20,39,124.97,193.96,4,0.86,21.25
20,40,296.42,97.64,0,0.37,15.17
20,40,296.42,97.64,1,31.62,5.37
20,40,296.42,97.64,2,24.91,8.19
20,40,296.42,97.64,3,38.52,14.28
20,40,296.42,97.64,4,0.86,21.25
20,41,242.10,303.72,0,0.37,15.17
20,41,242.10,303.72,1,31.62,5.37
20,41,242.10,303.72,2,24.91,8.19
20,41,242.10,303.72,3,38.52,14.28
20,41,242.10,303.72,4,0.86,21.25
20,42,354.35,258.35,0,0.37,15.17
20,42,354.35,258.35,1,31.62,5.37
20,42,354.35,258.35,2,24.91,8.19
20,42,354.35,258.35,3,38.52,14.28
20,42,354.35,258.35,4,0.86,21.25
20,43,215.55,51.25,0,0.37,15.17
20,43,215.55,51.25,1,31.62,5.37
20,43,215.55,51.25,2,24.91,8.19
20,43,215.55,51.25,3,38.52,14.28
20,43,215.55,51.25,4,0.86,21.25
20,44,342.13,218.95,0,0.37,15.17
20,44,342.13,218.95,1,31.62,5.37
20,44,342.13,218.95,2,24.91,8.19
20,44,342.13,218.95,3,38.52,14.28
20,44,342.13,218.95,4,0.86,21.25
20,45,248.67,80.35,0,0.37,15.17
20,45,248.67,80.35,1,31.62,5.37
20,45,248.67,80.35,2,24.91,8.19
20,45,248.67,80.35,3,38.52,14.28
20,45,248.67,80.35,4,0.86,21.25
20,46,90.44,386.65,0,0.37,15.17
20,46,90.44,386.65,1,31.62,5.37
20,46,90.44,386.65,2,24.91,8.19
20,46,90.44,386.65,3,38.52,14.28
20,46,90.44,386.65,4,0.86,21.25
20,47,73.84,286.09,0,0.37,15.17
20,47,73.84,286.09,1,31.62,5.37
20,47,73.84,286.09,2,24.91,8.19
20,47,73.84,286.09,3,38.52,14.28
20,47,73.84,286.09,4,0.86,21.25
20,48,320.41,201.58,0,0.37,15.17
20,48,320.41,201.58,1,31.62,5.37
20,48,320.41,201.58,2,24.91,8.19
20,48,320.41,201.58,3,38.52,14.28
20,48,320.41,201.58,4,0.86,21.25
20,49,183.62,156.48,0,0.37,15.17
20,49,183.62,156.48,1,31.62,5.37
20,49,183.62,156.48,2,24.91,8.19
20,49,183.62,156.48,3,38.52,14.28
20,49,183.62,156.48,4,0.86,21.25
20,50,301.54,332.18,0,0.37,15.17
20,50,301.54,332.18,1,31.62,5.37
20,50,301.54,332.18,2,24.91,8.19
20,50,301.54,332.18,3,38.52,14.28
20,50,301.54,332.18,4,0.86,21.25
20,51,32.80,357.75,0,0.37,15.17
20,51,32.80,357.75,1,31.62,5.37
20,51,32.80,357.75,2,24.91,8.19
20,51,32.80,357.75,3,38.52,14.28
20,51,32.80,357.75,4,0.86,21.25
20,52,206.21,120.18,0,0.37,15.17
20,52,206.21,120.18,1,31.62,5.37
20,52,206.21,120.18,2,24.91,8.19
20,52,206.21,120.18,3,38.52,14.28
20,52,206.21,120.18,4,0.86,21.25
20,53,252.01,249.50,0,0.37,15.17
20,53,252.01,249.50,1,31.62,5.37
20,53,252.01,249.50,2,24.91,8.19
20,53,252.01,249.50,3,38.52,14.28
20,53,252.01,249.50,4,0.86,21.25
20,54,321.38,38.25,0,0.37,15.17
20,54,321.38,38.25,1,31.62,5.37
20,54,321.38,38.25,2,24.91,8.19
20,54,321.38,38.25,3,38.52,14.28
20,54,321.38,38.25,4,0.86,21.25
20,55,246.60,266.32,0,0.37,15.17
20,55,246.60,266.32,1,31.62,5.37
20,55,246.60,266.32,2,24.91,8.19
20,55,246.60,266.32,3,38.52,14.28
20,55,246.60,266.32,4,0.86,21.25
20,56,287.71,156.14,0,0.37,15.17
20,56,287.71,156.14,1,31.62,5.37
20,56,287.71,156.14,2,24.91,8.19
20,56,287.71,156.14,3,38.52,14.28
20,56,287.71,156.14,4,0.86,21.25
20,57,110.40,180.07,0,0.37,15.17
20,57,110.40,180.07,1,31.62,5.37
20,57,110.40,180.07,2,24.91,8.19
20,57,110.40,180.07,3,38.52,14.28
20,57,110.40,180.07,4,0.86,21.25
20,58,337.47,201.75,0,0.37,15.17
20,58,337.47,201.75,1,31.62,5.37
20,58,337.47,201.75,2,24.91,8.19
20,58,337.47,201.75,3,38.52,14.28
20,58,337.47,201.75,4,0.86,21.25
20,59,72.77,150.55,0,0.37,15.17
20,59,72.77,150.55,1,31.62,5.37
20,59,72.77,150.55,2,24.91,8.19
20,59,72.77,150.55,3,38.52,14.28
20,59,72.77,150.55,4,0.86,21.25
20,60,177.49,262.19,0,0.37,15.17
20,60,177.49,262.19,1,31.62,5.37
20,60,177.49,262.19,2,24.91,8.19
20,60,177.49,262.19,3,38.52,14.28
20,60,177.49,262.19,4,0.86,21.25
20,61,37.04,151.71,0,0.37,15.17
20,61,37.04,151.71,1,31.62,5.37
20,61,37.04,151.71,2,24.91,8.19
20,61,37.04,151.71,3,38.52,14.28
20,61,37.04,151.71,4,0.86,21.25
20,62,47.76,378.44,0,0.37,15.17
20,62,47.76,378.44,1,31.62,5.37
20,62,47.76,378.44,2,24.91,8.19
20,62,47.76,378.44,3,38.52,14.28
20,62,47.76,378.44,4,0.86,21.25
20,63,119.31,169.32,0,0.37,15.17
20,63,119.31,169.32,1,31.62,5.37
20,63,119.31,169.32,2,24.91,8.19
20,63,119.31,169.32,3,38.52,14.28
20,63,119.31,169.32,4,0.86,21.25
20,64,327.43,53.96,0,0.37,15.17
20,64,327.43,53.96,1,31.62,5.37
20,64,327.43,53.96,2,24.91,8.19
20,64,327.43,53.96,3,38.52,14.28
20,64,327.43,53.96,4,0.86,21.25
20,65,324.50,288.77,0,0.37,15.17
20,65,324.50,288.77,1,31.62,5.37
20,65,324.50,288.77,2,24.91,8.19
20,65,324.50,288.77,3,38.52,14.28
20,65,324.50,288.77,4,0.86,21.25
20,66,117.06,390.01,0,0.37,15.17
20,66,117.06,390.01,1,31.62,5.37
20,66,117.06,390.01,2,24.91,8.19
20,66,117.06,390.01,3,38.52,14.28
20,66,117.06,390.01,4,0.86,21.25
20,67,45.44,212.49,0,0.37,15.17
20,67,45.44,212.49,1,31.62,5.37
20,67,45.44,212.49,2,24.91,8.19
20,67,45.44,212.49,3,38.52,14.28
20,67,45.44,212.49,4,0.86,21.25
20,68,233.19,311.83,0,0.37,15.17
20,68,233.19,311.83,1,31.62,5.37
20,68,233.19,311.83,2,24.91,8.19
20,68,233.19,311.83,3,38.52,14.28
20,68,233.19,311.83,4,0.86,21.25
20,69,372.82,368.84,0,0.37,15.17
20,69,372.82,368.84,1,31.62,5.37
20,69,372.82,368.84,2,24.91,8.19
20,69,372.82,368.84,3,38.52,14.28
20,69,372.82,368.84,4,0.86,21.25
20,70,221.38,54.56,0,0.37,15.17
20,70,221.38,54.56,1,31.62,5.37
20,70,221.38,54.56,2,24.91,8.19
20,70,221.38,54.56,3,38.52,14.28
20,70,221.38,54.56,4,0.86,21.25
20,71,51.02,363.09,0,0.37,15.17
20,71,51.02,363.09,1,31.62,5.37
20,71,51.02,363.09,2,24.91,8.19
20,71,51.02,363.09,3,38.52,14.28
20,71,51.02,363.09,4,0.86,21.25
20,72,11.10,395.35,0,0.37,15.17
20,72,11.10,395.35,1,31.62,5.37
20,72,11.10,395.35,2,24.91,8.19
20,72,11.10,395.35,3,38.52,14.28
20,72,11.10,395.35,4,0.86,21.25
20,73,359.09,127.20,0,0.37,15.17
20,73,359.09,127.20,1,31.62,5.37
20,73,359.09,127.20,2,24.91,8.19
20,73,359.09,127.20,3,38.52,14.28
20,73,359.09,127.20,4,0.86,21.25
20,74,229.54,48.49,0,0.37,15.17
20,74,229.54,48.49,1,31.62,5.37
20,74,229.54,48.49,2,24.91,8.19
20,74,229.54,48.49,3,38.52,14.28
20,74,229.54,48.49,4,0.86,21.25
20,75,192.27,64.33,0,0.37,15.17
20,75,192.27,64.33,1,31.62,5.37
20,75,192.27,64.33,2,24.91,8.19
20,75,192.27,64.33,3,38.52,14.28
20,75,192.27,64.33,4,0.86,21.25
20,76,353.17,74.13,0,0.37,15.17
20,76,353.17,74.13,1,31.62,5.37
20,76,353.17,74.13,2,24.91,8.19
20,76,353.17,74.13,3,38.52,14.28
20,76,353.17,74.13,4,0.86,21.25
20,77,108.94,169.08,0,0.37,15.17
20,77,108.94,169.08,1,31.62,5.37
20,77,108.94,169.08,2,24.91,8.19
20,77,108.94,169.08,3,38.52,14.28
20,77,108.94,169.08,4,0.86,21.25
20,78,195.32,393.79,0,0.37,15.17
20,78,195.32,393.79,1,31.62,5.37
20,78,195.32,393.79,2,24.91,8.19
20,78,195.32,393.79,3,38.52,14.28
20,78,195.32,393.79,4,0.86,21.25
20,79,350.63,218.79,0,0.37,15.17
20,79,350.63,218.79,1,31.62,5.37
20,79,350.63,218.79,2,24.91,8.19
20,79,350.63,218.79,3,38.52,14.28
20,79,350.63,218.79,4,0.86,21.25
20,80,380.82,175.83,0,0.37,15.17
20,80,380.82,175.83,1,31.62,5.37
20,80,380.82,175.83,2,24.91,8.19
20,80,380.82,175.83,3,38.52,14.28
20,80,380.82,175.83,4,0.86,21.25
20,81,269.95,343.33,0,0.37,15.17
20,81,269.95,343.33,1,31.62,5.37
20,81,269.95,343.33,2,24.91,8.19
20,81,269.95,343.33,3,38.52,14.28
20,81,269.95,343.33,4,0.86,21.25
20,82,316.96,89.08,0,0.37,15.17
20,82,316.96,89.08,1,31.62,5.37
20,82,316.96,89.08,2,24.91,8.19
20,82,316.96,89.08,3,38.52,14.28
20,82,316.96,89.08,4,0.86,21.25
20,83,151.88,9.69,0,0.37,15.17
20,83,151.88,9.69,1,31.62,5.37
20,83,151.88,9.69,2,24.91,8.19
20,83,151.88,9.69,3,38.52,14.28
20,83,151.88,9.69,4,0.86,21.25
20,84,231.45,288.05,0,0.37,15.17
20,84,231.45,288.05,1,31.62,5.37
20,84,231.45,288.05,2,24.91,8.19
20,84,231.45,288.05,3,38.52,14.28
20,84,231.45,288.05,4,0.86,21.25
20,85,364.90,91.43,0,0.37,15.17
20,85,364.90,91.43,1,31.62,5.37
20,85,364.90,91.43,2,24.91,8.19
20,85,364.90,91.43,3,38.52,14.28
20,85,364.90,91.43,4,0.86,21.25
20,86,10.45,155.47,0,0.37,15.17
20,86,10.45,155.47,1,31.62,5.37
20,86,10.45,155.47,2,24.91,8.19
20,86,10.45,155.47,3,38.52,14.28
20,86,10.45,155.47,4,0.86,21.25
20,87,389.68,54.14,0,0.37,15.17
20,87,389.68,54.14,1,31.62,5.37
20,87,389.68,54.14,2,24.91,8.19
20,87,389.68,54.14,3,38.52,14.28
20,87,389.68,54.14,4,0.86,21.25
20,88,197.06,306.54,0,0.37,15.17
20,88,197.06,306.54,1,31.62,5.37
20,88,197.06,306.54,2,24.91,8.19
20,88,197.06,306.54,3,38.52,14.28
20,88,197.06,306.54,4,0.86,21.25
20,89,313.44,60.24,0,0.37,15.17
20,89,313.44,60.24,1,31.62,5.37
20,89,313.44,60.24,2,24.91,8.19
20,89,313.44,60.24,3,38.52,14.28
20,89,313.44,60.24,4,0.86,21.25
20,90,188.96,26.84,0,0.37,15.17
20,90,188.96,26.84,1,31.62,5.37
20,90,188.96,26.84,2,24.91,8.19
20,90,188.96,26.84,3,38.52,14.28
20,90,188.96,26.84,4,0.86,21.25
20,92,279.72,70.53,0,0.37,15.17
20,92,279.72,70.53,1,31.62,5.37
20,92,279.72,70.53,2,24.91,8.19
20,92,279.72,70.53,3,38.52,14.28
20,92,279.72,70.53,4,0.86,21.25
20,93,258.59,67.29,0,0.37,15.17
20,93,258.59,67.29,1,31.62,5.37
20,93,258.59,67.29,2,24.91,8.19
20,93,258.59,67.29,3,38.52,14.28
20,93,258.59,67.29,4,0.86,21.25
20,94,43.56,361.81,0,0.37,15.17
20,94,43.56,361.81,1,31.62,5.37
20,94,43.56,361.81,2,24.91,8.19
20,94,43.56,361.81,3,38.52,14.28
20,94,43.56,361.81,4,0.86,21.25
20,95,316.19,134.70,0,0.37,15.17
20,95,316.19,134.70,1,31.62,5.37
20,95,316.19,134.70,2,24.91,8.19
20,95,316.19,134.70,3,38.52,14.28
20,95,316.19,134.70,4,0.86,21.25
20,96,87.21,185.50,0,0.37,15.17
20,96,87.21,185.50,1,31.62,5.37
20,96,87.21,185.50,2,24.91,8.19
20,96,87.21,185.50,3,38.52,14.28
20,96,87.21,185.50,4,0.86,21.25
20,97,247.65,183.85,0,0.37,15.17
20,97,247.65,183.85,1,31.62,5.37
20,97,247.65,183.85,2,24.91,8.19
20,97,247.65,183.85,3,38.52,14.28
20,97,247.65,183.85,4,0.86,21.25
20,98,298.28,10.50,0,0.37,15.17
20,98,298.28,10.50,1,31.62,5.37
20,98,298.28,10.50,2,24.91,8.19
20,98,298.28,10.50,3,38.52,14.28
20,98,298.28,10.50,4,0.86,21.25
20,99,374.27,145.56,0,0.37,15.17
20,99,374.27,145.56,1,31.62,5.37
20,99,374.27,145.56,2,24.91,8.19
20,99,374.27,145.56,3,38.52,14.28
20,99,374.27,145.56,4,0.86,21.25
20,100,386.27,167.25,0,0.37,15.17
20,100,386.27,167.25,1,31.62,5.37
20,100,386.27,167.25,2,24.91,8.19
20,100,386.27,167.25,3,38.52,14.28
20,100,386.27,167.25,4,0.86,21.25
20,101,360.91,11.99,0,0.37,15.17
20,101,360.91,11.99,1,31.62,5.37
20,101,360.91,11.99,2,24.91,8.19
20,101,360.91,11.99,3,38.52,14.28
20,101,360.91,11.99,4,0.86,21.25
20,102,78.30,186.51,0,0.37,15.17
20,102,78.30,186.51,1,31.62,5.37
20,102,78.30,186.51,2,24.91,8.19
20,102,78.30,186.51,3,38.52,14.28
20,102,78.30,186.51,4,0.86,21.25
20,103,133.77,392.35,0,0.37,15.17
20,103,133.77,392.35,1,31.62,5.37
20,103,133.77,392.35,2,24.91,8.19
20,103,133.77,392.35,3,38.52,14.28
20,103,133.77,392.35,4,0.86,21.25
20,104,307.11,14.21,0,0.37,15.17
20,104,307.11,14.21,1,31.62,5.37
20,104,307.11,14.21,2,24.91,8.19
20,104,307.11,14.21,3,38.52,14.28
20,104,307.11,14.21,4,0.86,21.25
20,105,61.68,359.63,0,0.37,15.17
20,105,61.68,359.63,1,31.62,5.37
20,105,61.68,359.63,2,24.91,8.19
20,105,61.68,359.63,3,38.52,14.28
20,105,61.68,359.63,4,0.86,21.25
20,106,78.73,225.21,0,0.37,15.17
20,106,78.73,225.21,1,31.62,5.37
20,106,78.73,225.21,2,24.91,8.19
20,106,78.73,225.21,3,38.52,14.28
20,106,78.73,225.21,4,0.86,21.25
20,107,236.75,132.98,0,0.37,15.17
20,107,236.75,132.98,1,31.62,5.37
20,107,236.75,132.98,2,24.91,8.19
20,107,236.75,132.98,3,38.52,14.28
20,107,236.75,132.98,4,0.86,21.25
20,108,10.22,15.87,0,0.37,15.17
20,108,10.22,15.87,1,31.62,5.37
20,108,10.22,15.87,2,24.91,8.19
20,108,10.22,15.87,3,38.52,14.28
20,108,10.22,15.87,4,0.86,21.25
20,109,88.79,291.88,0,0.37,15.17
20,109,88.79,291.88,1,31.62,5.37
20,109,88.79,291.88,2,24.91,8.19
20,109,88.79,291.88,3,38.52,14.28
20,109,88.79,291.88,4,0.86,21.25
20,110,154.76,325.25,0,0.37,15.17
20,110,154.76,325.25,1,31.62,5.37
20,110,154.76,325.25,2,24.91,8.19
20,110,154.76,325.25,3,38.52,14.28
20,110,154.76,325.25,4,0.86,21.25
20,111,352.81,57.06,0,0.37,15.17
20,111,352.81,57.06,1,31.62,5.37
20,111,352.81,57.06,2,24.91,8.19
20,111,352.81,57.06,3,38.52,14.28
20,111,352.81,57.06,4,0.86,21.25
20,112,141.90,98.38,0,0.37,15.17
20,112,141.90,98.38,1,31.62,5.37
20,112,141.90,98.38,2,24.91,8.19
20,112,141.90,98.38,3,38.52,14.28
20,112,141.90,98.38,4,0.86,21.25
20,113,113.31,132.18,0,0.37,15.17
20,113,113.31,132.18,1,31.62,5.37
20,113,113.31,132.18,2,24.91,8.19
20,113,113.31,132.18,3,38.52,14.28
20,113,113.31,132.18,4,0.86,21.25
20,114,139.13,9.51,0,0.37,15.17
20,114,139.13,9.51,1,31.62,5.37
20,114,139.13,9.51,2,24.91,8.19
20,114,139.13,9.51,3,38.52,14.28
20,114,139.13,9.51,4,0.86,21.25
20,115,389.51,259.67,0,0.37,15.17
20,115,389.51,259.67,1,31.62,5.37
20,115,389.51,259.67,2,24.91,8.19
20,115,389.51,259.67,3,38.52,14.28
20,115,389.51,259.67,4,0.86,21.25
20,116,204.07,173.65,0,0.37,15.17
20,116,204.07,173.65,1,31.62,5.37
20,116,204.07,173.65,2,24.91,8.19
20,116,204.07,173.65,3,38.52,14.28
20,116,204.07,173.65,4,0.86,21.25
20,117,348.92,84.96,0,0.37,15.17
20,117,348.92,84.96,1,31.62,5.37
20,117,348.92,84.96,2,24.91,8.19
20,117,348.92,84.96,3,38.52,14.28
20,117,348.92,84.96,4,0.86,21.25
20,118,113.01,207.80,0,0.37,15.17
20,118,113.01,207.80,1,31.62,5.37
20,118,113.01,207.80,2,24.91,8.19
20,118,113.01,207.80,3,38.52,14.28
20,118,113.01,207.80,4,0.86,21.25
20,119,309.48,84.21,0,0.37,15.17
20,119,309.48,84.21,1,31.62,5.37
20,119,309.48,84.21,2,24.91,8.19
20,119,309.48,84.21,3,38.52,14.28
20,119,309.48,84.21,4,0.86,21.25
20,120,183.15,252.86,0,0.37,15.17
20,120,183.15,252.86,1,31.62,5.37
20,120,183.15,252.86,2,24.91,8.19
20,120,183.15,252.86,3,38.52,14.28
20,120,183.15,252.86,4,0.86,21.25
20,121,105.13,104.11,0,0.37,15.17
20,121,105.13,104.11,1,31.62,5.37
20,121,105.13,104.11,2,24.91,8.19
20,121,105.13,104.11,3,38.52,14.28
20,121,105.13,104.11,4,0.86,21.25
20,122,162.84,223.29,0,0.37,15.17
20,122,162.84,223.29,1,31.62,5.37
20,122,162.84,223.29,2,24.91,8.19
20,122,162.84,223.29,3,38.52,14.28
20,122,162.84,223.29,4,0.86,21.25
20,123,172.09,313.75,0,0.37,15.17
20,123,172.09,313.75,1,31.62,5.37
20,123,172.09,313.75,2,24.91,8.19
20,123,172.09,313.75,3,38.52,14.28
20,123,172.09,313.75,4,0.86,21.25
20,124,114.50,13.05,0,0.37,15.17
20,124,114.50,13.05,1,31.62,5.37
20,124,114.50,13.05,2,24.91,8.19
20,124,114.50,13.05,3,38.52,14.28
20,124,114.50,13.05,4,0.86,21.25
20,125,368.71,71.96,0,0.37,15.17
20,125,368.71,71.96,1,31.62,5.37
20,125,368.71,71.96,2,24.91,8.19
20,125,368.71,71.96,3,38.52,14.28
20,125,368.71,71.96,4,0.86,21.25
20,126,39.34,62.83,0,0.37,15.17
20,126,39.34,62.83,1,31.62,5.37
20,126,39.34,62.83,2,24.91,8.19
20,126,39.34,62.83,3,38.52,14.28
20,126,39.34,62.83,4,0.86,21.25
20,127,27.36,394.92,0,0.37,15.17
20,127,27.36,394.92,1,31.62,5.37
20,127,27.36,394.92,2,24.91,8.19
20,127,27.36,394.92,3,38.52,14.28
20,127,27.36,394.92,4,0.86,21.25
20,128,249.31,358.33,0,0.37,15.17
20,128,249.31,358.33,1,31.62,5.37
20,128,249.31,358.33,2,24.91,8.19
20,128,249.31,358.33,3,38.52,14.28
20,128,249.31,358.33,4,0.86,21.25
20,129,262.90,170.25,0,0.37,15.17
20,129,262.90,170.25,1,31.62,5.37
20,129,262.90,170.25,2,24.91,8.19
20,129,262.90,170.25,3,38.52,14.28
20,129,262.90,170.25,4,0.86,21.25
20,130,380.46,200.01,0,0.37,15.17
20,130,380.46,200.01,1,31.62,5.37
20,130,380.46,200.01,2,24.91,8.19
20,130,380.46,200.01,3,38.52,14.28
20,130,380.46,200.01,4,0.86,21.25
20,131,278.94,48.75,0,0.37,15.17
20,131,278.94,48.75,1,31.62,5.37
20,131,278.94,48.75,2,24.91,8.19
20,131,278.94,48.75,3,38.52,14.28
20,131,278.94,48.75,4,0.86,21.25
20,132,358.32,329.88,0,0.37,15.17
20,132,358.32,329.88,1,31.62,5.37
20,132,358.32,329.88,2,24.91,8.19
20,132,358.32,329.88,3,38.52,14.28
20,132,358.32,329.88,4,0.86,21.25
20,133,5.11,130.99,0,0.37,15.17
20,133,5.11,130.99,1,31.62,5.37
20,133,5.11,130.99,2,24.91,8.19
20,133,5.11,130.99,3,38.52,14.28
20,133,5.11,130.99,4,0.86,21.25
20,134,371.42,48.94,0,0.37,15.17
20,134,371.42,48.94,1,31.62,5.37
20,134,371.42,48.94,2,24.91,8.19
20,134,371.42,48.94,3,38.52,14.28
20,134,371.42,48.94,4,0.86,21.25
20,135,102.10,231.13,0,0.37,15.17
20,135,102.10,231.13,1,31.62,5.37
20,135,102.10,231.13,2,24.91,8.19
20,135,102.10,231.13,3,38.52,14.28
20,135,102.10,231.13,4,0.86,21.25
20,136,335.95,63.03,0,0.37,15.17
20,136,335.95,63.03,1,31.62,5.37
20,136,335.95,63.03,2,24.91,8.19
20,136,335.95,63.03,3,38.52,14.28
20,136,335.95,63.03,4,0.86,21.25
20,137,272.87,40.50,0,0.37,15.17
20,137,272.87,40.50,1,31.62,5.37
20,137,272.87,40.50,2,24.91,8.19
20,137,272.87,40.50,3,38.52,14.28
20,137,272.87,40.50,4,0.86,21.25
20,138,272.77,76.39,0,0.37,15.17
20,138,272.77,76.39,1,31.62,5.37
20,138,272.77,76.39,2,24.91,8.19
20,138,272.77,76.39,3,38.52,14.28
20,138,272.77,76.39,4,0.86,21.25
20,139,360.23,71.50,0,0.37,15.17
20,139,360.23,71.50,1,31.62,5.37
20,139,360.23,71.50,2,24.91,8.19
20,139,360.23,71.50,3,38.52,14.28
20,139,360.23,71.50,4,0.86,21.25
20,140,376.45,9.70,0,0.37,15.17
20,140,376.45,9.70,1,31.62,5.37
20,140,376.45,9.70,2,24.91,8.19
20,140,376.45,9.70,3,38.52,14.28
20,140,376.45,9.70,4,0.86,21.25
20,141,363.68,373.45,0,0.37,15.17
20,141,363.68,373.45,1,31.62,5.37
20,141,363.68,373.45,2,24.91,8.19
20,141,363.68,373.45,3,38.52,14.28
20,141,363.68,373.45,4,0.86,21.25
20,142,248.21,160.45,0,0.37,15.17
20,142,248.21,160.45,1,31.62,5.37
20,142,248.21,160.45,2,24.91,8.19
20,142,248.21,160.45,3,38.52,14.28
20,142,248.21,160.45,4,0.86,21.25
20,143,351.55,355.63,0,0.37,15.17
20,143,351.55,355.63,1,31.62,5.37
20,143,351.55,355.63,2,24.91,8.19
20,143,351.55,355.63,3,38.52,14.28
20,143,351.55,355.63,4,0.86,21.25
20,144,394.10,192.99,0,0.37,15.17
20,144,394.10,192.99,1,31.62,5.37
20,144,394.10,192.99,2,24.91,8.19
20,144,394.10,192.99,3,38.52,14.28
20,144,394.10,192.99,4,0.86,21.25
20,145,233.01,353.52,0,0.37,15.17
20,145,233.01,353.52,1,31.62,5.37
20,145,233.01,353.52,2,24.91,8.19
20,145,233.01,353.52,3,38.52,14.28
20,145,233.01,353.52,4,0.86,21.25
20,146,133.28,200.17,0,0.37,15.17
20,146,133.28,200.17,1,31.62,5.37
20,146,133.28,200.17,2,24.91,8.19
20,146,133.28,200.17,3,38.52,14.28
20,146,133.28,200.17,4,0.86,21.25
20,147,9.37,230.16,0,0.37,15.17
20,147,9.37,230.16,1,31.62,5.37
20,147,9.37,230.16,2,24.91,8.19
20,147,9.37,230.16,3,38.52,14.28
20,147,9.37,230.16,4,0.86,21.25
20,148,275.64,219.45,0,0.37,15.17
20,148,275.64,219.45,1,31.62,5.37
20,148,275.64,219.45,2,24.91,8.19
20,148,275.64,219.45,3,38.52,14.28
20,148,275.64,219.45,4,0.86,21.25
20,149,339.23,305.38,0,0.37,15.17
20,149,339.23,305.38,1,31.62,5.37
20,149,339.23,305.38,2,24.91,8.19
20,149,339.23,305.38,3,38.52,14.28
20,149,339.23,305.38,4,0.86,21.25
20,150,278.54,135.20,0,0.37,15.17
20,150,278.54,135.20,1,31.62,5.37
20,150,278.54,135.20,2,24.91,8.19
20,150,278.54,135.20,3,38.52,14.28
20,150,278.54,135.20,4,0.86,21.25
20,151,193.16,56.83,0,0.37,15.17
20,151,193.16,56.83,1,31.62,5.37
20,151,193.16,56.83,2,24.91,8.19
20,151,193.16,56.83,3,38.52,14.28
20,151,193.16,56.83,4,0.86,21.25
20,152,35.94,55.15,0,0.37,15.17
20,152,35.94,55.15,1,31.62,5.37
20,152,35.94,55.15,2,24.91,8.19
20,152,35.94,55.15,3,38.52,14.28
20,152,35.94,55.15,4,0.86,21.25
20,153,49.16,131.31,0,0.37,15.17
20,153,49.16,131.31,1,31.62,5.37
20,153,49.16,131.31,2,24.91,8.19
20,153,49.16,131.31,3,38.52,14.28
20,153,49.16,131.31,4,0.86,21.25
20,154,376.91,220.19,0,0.37,15.17
20,154,376.91,220.19,1,31.62,5.37
20,154,376.91,220.19,2,24.91,8.19
20,154,376.91,220.19,3,38.52,14.28
20,154,376.91,220.19,4,0.86,21.25
20,155,190.75,178.95,0,0.37,15.17
20,155,190.75,178.95,1,31.62,5.37
20,155,190.75,178.95,2,24.91,8.19
20,155,190.75,178.95,3,38.52,14.28
20,155,190.75,178.95,4,0.86,21.25
20,156,356.67,340.17,0,0.37,15.17
20,156,356.67,340.17,1,31.62,5.37
20,156,356.67,340.17,2,24.91,8.19
20,156,356.67,340.17,3,38.52,14.28
20,156,356.67,340.17,4,0.86,21.25
20,157,175.81,63.99,0,0.37,15.17
20,157,175.81,63.99,1,31.62,5.37
20,157,175.81,63.99,2,24.91,8.19
20,157,175.81,63.99,3,38.52,14.28
20,157,175.81,63.99,4,0.86,21.25
20,158,213.83,64.84,0,0.37,15.17
20,158,213.83,64.84,1,31.62,5.37
20,158,213.83,64.84,2,24.91,8.19
20,158,213.83,64.84,3,38.52,14.28
20,158,213.83,64.84,4,0.86,21.25
20,159,365.11,335.92,0,0.37,15.17
20,159,365.11,335.92,1,31.62,5.37
20,159,365.11,335.92,2,24.91,8.19
20,159,365.11,335.92,3,38.52,14.28
20,159,365.11,335.92,4,0.86,21.25
20,160,312.39,386.17,0,0.37,15.17
20,160,312.39,386.17,1,31.62,5.37
20,160,312.39,386.17,2,24.91,8.19
20,160,312.39,386.17,3,38.52,14.28
20,160,312.39,386.17,4,0.86,21.25
20,161,165.06,189.36,0,0.37,15.17
20,161,165.06,189.36,1,31.62,5.37
20,161,165.06,189.36,2,24.91,8.19
20,161,165.06,189.36,3,38.52,14.28
20,161,165.06,189.36,4,0.86,21.25
20,162,312.34,344.96,0,0.37,15.17
20,162,312.34,344.96,1,31.62,5.37
20,162,312.34,344.96,2,24.91,8.19
20,162,312.34,344.96,3,38.52,14.28
20,162,312.34,344.96,4,0.86,21.25
20,163,152.27,181.70,0,0.37,15.17
20,163,152.27,181.70,1,31.62,5.37
20,163,152.27,181.70,2,24.91,8.19
20,163,152.27,181.70,3,38.52,14.28
20,163,152.27,181.70,4,0.86,21.25
20,164,44.71,2.96,0,0.37,15.17
20,164,44.71,2.96,1,31.62,5.37
20,164,44.71,2.96,2,24.91,8.19
20,164,44.71,2.96,3,38.52,14.28
20,164,44.71,2.96,4,0.86,21.25
20,165,108.97,39.87,0,0.37,15.17
20,165,108.97,39.87,1,31.62,5.37
20,165,108.97,39.87,2,24.91,8.19
20,165,108.97,39.87,3,38.52,14.28
20,165,108.97,39.87,4,0.86,21.25
20,166,269.89,387.03,0,0.37,15.17
20,166,269.89,387.03,1,31.62,5.37
20,166,269.89,387.03,2,24.91,8.19
20,166,269.89,387.03,3,38.52,14.28
20,166,269.89,387.03,4,0.86,21.25
20,167,395.22,351.84,0,0.37,15.17
20,167,395.22,351.84,1,31.62,5.37
20,167,395.22,351.84,2,24.91,8.19
20,167,395.22,351.84,3,38.52,14.28
20,167,395.22,351.84,4,0.86,21.25
20,168,215.53,254.82,0,0.37,15.17
20,168,215.53,254.82,1,31.62,5.37
20,168,215.53,254.82,2,24.91,8.19
20,168,215.53,254.82,3,38.52,14.28
20,168,215.53,254.82,4,0.86,21.25
20,169,198.73,24.25,0,0.37,15.17
20,169,198.73,24.25,1,31.62,5.37
20,169,198.73,24.25,2,24.91,8.19
20,169,198.73,24.25,3,38.52,14.28
20,169,198.73,24.25,4,0.86,21.25
20,170,273.85,278.57,0,0.37,15.17
20,170,273.85,278.57,1,31.62,5.37
20,170,273.85,278.57,2,24.91,8.19
20,170,273.85,278.57,3,38.52,14.28
20,170,273.85,278.57,4,0.86,21.25
20,171,66.58,127.93,0,0.37,15.17
20,171,66.58,127.93,1,31.62,5.37
20,171,66.58,127.93,2,24.91,8.19
20,171,66.58,127.93,3,38.52,14.28
20,171,66.58,127.93,4,0.86,21.25
20,172,333.42,206.85,0,0.37,15.17
20,172,333.42,206.85,1,31.62,5.37
20,172,333.42,206.85,2,24.91,8.19
20,172,333.42,206.85,3,38.52,14.28
20,172,333.42,206.85,4,0.86,21.25
20,173,391.66,123.60,0,0.37,15.17
20,173,391.66,123.60,1,31.62,5.37
20,173,391.66,123.60,2,24.91,8.19
20,173,391.66,123.60,3,38.52,14.28
20,173,391.66,123.60,4,0.86,21.25
20,174,176.03,216.21,0,0.37,15.17
20,174,176.03,216.21,1,31.62,5.37
20,174,176.03,216.21,2,24.91,8.19
20,174,176.03,216.21,3,38.52,14.28
20,174,176.03,216.21,4,0.86,21.25
20,175,374.03,195.17,0,0.37,15.17
20,175,374.03,195.17,1,31.62,5.37
20,175,374.03,195.17,2,24.91,8.19
20,175,374.03,195.17,3,38.52,14.28
20,175,374.03,195.17,4,0.86,21.25
20,176,53.59,201.41,0,0.37,15.17
20,176,53.59,201.41,1,31.62,5.37
20,176,53.59,201.41,2,24.91,8.19
20,176,53.59,201.41,3,38.52,14.28
20,176,53.59,201.41,4,0.86,21.25
20,177,208.18,277.45,0,0.37,15.17
20,177,208.18,277.45,1,31.62,5.37
20,177,208.18,277.45,2,24.91,8.19
20,177,208.18,277.45,3,38.52,14.28
20,177,208.18,277.45,4,0.86,21.25
20,178,188.20,74.34,0,0.37,15.17
20,178,188.20,74.34,1,31.62,5.37
20,178,188.20,74.34,2,24.91,8.19
20,178,188.20,74.34,3,38.52,14.28
20,178,188.20,74.34,4,0.86,21.25
20,179,59.95,292.49,0,0.37,15.17
20,179,59.95,292.49,1,31.62,5.37
20,179,59.95,292.49,2,24.91,8.19
20,179,59.95,292.49,3,38.52,14.28
20,179,59.95,292.49,4,0.86,21.25
20,180,175.91,196.69,0,0.37,15.17
20,180,175.91,196.69,1,31.62,5.37
20,180,175.91,196.69,2,24.91,8.19
20,180,175.91,196.69,3,38.52,14.28
20,180,175.91,196.69,4,0.86,21.25
20,181,3.94,166.10,0,0.37,15.17
20,181,3.94,166.10,1,31.62,5.37
20,181,3.94,166.10,2,24.91,8.19
20,181,3.94,166.10,3,38.52,14.28
20,181,3.94,166.10,4,0.86,21.25
20,182,38.91,373.47,0,0.37,15.17
20,182,38.91,373.47,1,31.62,5.37
20,182,38.91,373.47,2,24.91,8.19
20,182,38.91,373.47,3,38.52,14.28
20,182,38.91,373.47,4,0.86,21.25
20,183,103.27,137.88,0,0.37,15.17
20,183,103.27,137.88,1,31.62,5.37
20,183,103.27,137.88,2,24.91,8.19
20,183,103.27,137.88,3,38.52,14.28
20,183,103.27,137.88,4,0.86,21.25
20,184,44.48,76.53,0,0.37,15.17
20,184,44.48,76.53,1,31.62,5.37
20,184,44.48,76.53,2,24.91,8.19
20,184,44.48,76.53,3,38.52,14.28
20,184,44.48,76.53,4,0.86,21.25
20,185,112.13,282.57,0,0.37,15.17
20,185,112.13,282.57,1,31.62,5.37
20,185,112.13,282.57,2,24.91,8.19
20,185,112.13,282.57,3,38.52,14.28
20,185,112.13,282.57,4,0.86,21.25
20,186,182.94,98.69,0,0.37,15.17
20,186,182.94,98.69,1,31.62,5.37
20,186,182.94,98.69,2,24.91,8.19
20,186,182.94,98.69,3,38.52,14.28
20,186,182.94,98.69,4,0.86,21.25
20,187,172.96,304.80,0,0.37,15.17
20,187,172.96,304.80,1,31.62,5.37
20,187,172.96,304.80,2,24.91,8.19
20,187,172.96,304.80,3,38.52,14.28
20,187,172.96,304.80,4,0.86,21.25
20,188,261.69,157.38,0,0.37,15.17
20,188,261.69,157.38,1,31.62,5.37
20,188,261.69,157.38,2,24.91,8.19
20,188,261.69,157.38,3,38.52,14.28
20,188,261.69,157.38,4,0.86,21.25
20,189,53.44,239.39,0,0.37,15.17
20,189,53.44,239.39,1,31.62,5.37
20,189,53.44,239.39,2,24.91,8.19
20,189,53.44,239.39,3,38.52,14.28
20,189,53.44,239.39,4,0.86,21.25
20,190,52.59,15.03,0,0.37,15.17
20,190,52.59,15.03,1,31.62,5.37
20,190,52.59,15.03,2,24.91,8.19
20,190,52.59,15.03,3,38.52,14.28
20,190,52.59,15.03,4,0.86,21.25
20,191,92.47,339.36,0,0.37,15.17
20,191,92.47,339.36,1,31.62,5.37
20,191,92.47,339.36,2,24.91,8.19
20,191,92.47,339.36,3,38.52,14.28
20,191,92.47,339.36,4,0.86,21.25
20,192,251.13,56.56,0,0.37,15.17
20,192,251.13,56.56,1,31.62,5.37
20,192,251.13,56.56,2,24.91,8.19
20,192,251.13,56.56,3,38.52,14.28
20,192,251.13,56.56,4,0.86,21.25
20,193,333.90,73.97,0,0.37,15.17
20,193,333.90,73.97,1,31.62,5.37
20,193,333.90,73.97,2,24.91,8.19
20,193,333.90,73.97,3,38.52,14.28
20,193,333.90,73.97,4,0.86,21.25
20,194,10.78,179.62,0,0.37,15.17
20,194,10.78,179.62,1,31.62,5.37
20,194,10.78,179.62,2,24.91,8.19
20,194,10.78,179.62,3,38.52,14.28
20,194,10.78,179.62,4,0.86,21.25
20,195,151.13,341.53,0,0.37,15.17
20,195,151.13,341.53,1,31.62,5.37
20,195,151.13,341.53,2,24.91,8.19
20,195,151.13,341.53,3,38.52,14.28
20,195,151.13,341.53,4,0.86,21.25
20,196,59.60,99.53,0,0.37,15.17
20,196,59.60,99.53,1,31.62,5.37
20,196,59.60,99.53,2,24.91,8.19
20,196,59.60,99.53,3,38.52,14.28
20,196,59.60,99.53,4,0.86,21.25
20,197,375.42,240.50,0,0.37,15.17
20,197,375.42,240.50,1,31.62,5.37
20,197,375.42,240.50,2,24.91,8.19
20,197,375.42,240.50,3,38.52,14.28
20,197,375.42,240.50,4,0.86,21.25
20,198,315.05,140.91,0,0.37,15.17
20,198,315.05,140.91,1,31.62,5.37
20,198,315.05,140.91,2,24.91,8.19
20,198,315.05,140.91,3,38.52,14.28
20,198,315.05,140.91,4,0.86,21.25
20,199,14.65,191.88,0,0.37,15.17
20,199,14.65,191.88,1,31.62,5.37
20,199,14.65,191.88,2,24.91,8.19
20,199,14.65,191.88,3,38.52,14.28
20,199,14.65,191.88,4,0.86,21.25
20,200,4.49,27.58,0,0.37,15.17
20,200,4.49,27.58,1,31.62,5.37
20,200,4.49,27.58,2,24.91,8.19
20,200,4.49,27.58,3,38.52,14.28
20,200,4.49,27.58,4,0.86,21.25
20,201,369.92,98.13,0,0.37,15.17
20,201,369.92,98.13,1,31.62,5.37
20,201,369.92,98.13,2,24.91,8.19
20,201,369.92,98.13,3,38.52,14.28
20,201,369.92,98.13,4,0.86,21.25
20,202,362.52,198.03,0,0.37,15.17
20,202,362.52,198.03,1,31.62,5.37
20,202,362.52,198.03,2,24.91,8.19
20,202,362.52,198.03,3,38.52,14.28
20,202,362.52,198.03,4,0.86,21.25
20,203,331.67,260.93,0,0.37,15.17
20,203,331.67,260.93,1,31.62,5.37
20,203,331.67,260.93,2,24.91,8.19
20,203,331.67,260.93,3,38.52,14.28
20,203,331.67,260.93,4,0.86,21.25
20,204,57.33,304.94,0,0.37,15.17
20,204,57.33,304.94,1,31.62,5.37
20,204,57.33,304.94,2,24.91,8.19
20,204,57.33,304.94,3,38.52,14.28
20,204,57.33,304.94,4,0.86,21.25
20,205,87.19,122.37,0,0.37,15.17
20,205,87.19,122.37,1,31.62,5.37
20,205,87.19,122.37,2,24.91,8.19
20,205,87.19,122.37,3,38.52,14.28
20,205,87.19,122.37,4,0.86,21.25
20,206,222.49,143.82,0,0.37,15.17
20,206,222.49,143.82,1,31.62,5.37
20,206,222.49,143.82,2,24.91,8.19
20,206,222.49,143.82,3,38.52,14.28
20,206,222.49,143.82,4,0.86,21.25
20,207,20.10,242.27,0,0.37,15.17
20,207,20.10,242.27,1,31.62,5.37
20,207,20.10,242.27,2,24.91,8.19
20,207,20.10,242.27,3,38.52,14.28
20,207,20.10,242.27,4,0.86,21.25
20,208,77.63,368.78,0,0.37,15.17
20,208,77.63,368.78,1,31.62,5.37
20,208,77.63,368.78,2,24.91,8.19
20,208,77.63,368.78,3,38.52,14.28
20,208,77.63,368.78,4,0.86,21.25
20,209,359.84,156.98,0,0.37,15.17
20,209,359.84,156.98,1,31.62,5.37
20,209,359.84,156.98,2,24.91,8.19
20,209,359.84,156.98,3,38.52,14.28
20,209,359.84,156.98,4,0.86,21.25
20,210,282.76,105.21,0,0.37,15.17
20,210,282.76,105.21,1,31.62,5.37
20,210,282.76,105.21,2,24.91,8.19
20,210,282.76,105.21,3,38.52,14.28
20,210,282.76,105.21,4,0.86,21.25
20,211,182.23,384.67,0,0.37,15.17
20,211,182.23,384.67,1,31.62,5.37
20,211,182.23,384.67,2,24.91,8.19
20,211,182.23,384.67,3,38.52,14.28
20,211,182.23,384.67,4,0.86,21.25
20,212,380.63,308.71,0,0.37,15.17
20,212,380.63,308.71,1,31.62,5.37
20,212,380.63,308.71,2,24.91,8.19
20,212,380.63,308.71,3,38.52,14.28
20,212,380.63,308.71,4,0.86,21.25
20,213,393.35,329.32,0,0.37,15.17
20,213,393.35,329.32,1,31.62,5.37
20,213,393.35,329.32,2,24.91,8.19
20,213,393.35,329.32,3,38.52,14.28
20,213,393.35,329.32,4,0.86,21.25
20,214,264.93,71.64,0,0.37,15.17
20,214,264.93,71.64,1,31.62,5.37
20,214,264.93,71.64,2,24.91,8.19
20,214,264.93,71.64,3,38.52,14.28
20,214,264.93,71.64,4,0.86,21.25
20,215,289.50,381.12,0,0.37,15.17
20,215,289.50,381.12,1,31.62,5.37
20,215,289.50,381.12,2,24.91,8.19
20,215,289.50,381.12,3,38.52,14.28
20,215,289.50,381.12,4,0.86,21.25
20,216,251.73,379.13,0,0.37,15.17
20,216,251.73,379.13,1,31.62,5.37
20,216,251.73,379.13,2,24.91,8.19
20,216,251.73,379.13,3,38.52,14.28
20,216,251.73,379.13,4,0.86,21.25
20,217,345.28,32.74,0,0.37,15.17
20,217,345.28,32.74,1,31.62,5.37
20,217,345.28,32.74,2,24.91,8.19
20,217,345.28,32.74,3,38.52,14.28
20,217,345.28,32.74,4,0.86,21.25
20,218,295.72,390.10,0,0.37,15.17
20,218,295.72,390.10,1,31.62,5.37
20,218,295.72,390.10,2,24.91,8.19
20,218,295.72,390.10,3,38.52,14.28
20,218,295.72,390.10,4,0.86,21.25
20,219,4.52,64.17,0,0.37,15.17
20,219,4.52,64.17,1,31.62,5.37
20,219,4.52,64.17,2,24.91,8.19
20,219,4.52,64.17,3,38.52,14.28
20,219,4.52,64.17,4,0.86,21.25
20,220,330.02,38.89,0,0.37,15.17
20,220,330.02,38.89,1,31.62,5.37
20,220,330.02,38.89,2,24.91,8.19
20,220,330.02,38.89,3,38.52,14.28
20,220,330.02,38.89,4,0.86,21.25
20,221,307.32,261.13,0,0.37,15.17
20,221,307.32,261.13,1,31.62,5.37
20,221,307.32,261.13,2,24.91,8.19
20,221,307.32,261.13,3,38.52,14.28
20,221,307.32,261.13,4,0.86,21.25
20,222,40.65,353.75,0,0.37,15.17
20,222,40.65,353.75,1,31.62,5.37
20,222,40.65,353.75,2,24.91,8.19
20,222,40.65,353.75,3,38.52,14.28
20,222,40.65,353.75,4,0.86,21.25
20,223,298.66,184.49,0,0.37,15.17
20,223,298.66,184.49,1,31.62,5.37
20,223,298.66,184.49,2,24.91,8.19
20,223,298.66,184.49,3,38.52,14.28
20,223,298.66,184.49,4,0.86,21.25
20,224,363.97,52.28,0,0.37,15.17
20,224,363.97,52.28,1,31.62,5.37
20,224,363.97,52.28,2,24.91,8.19
20,224,363.97,52.28,3,38.52,14.28
20,224,363.97,52.28,4,0.86,21.25
20,225,366.35,246.71,0,0.37,15.17
20,225,366.35,246.71,1,31.62,5.37
20,225,366.35,246.71,2,24.91,8.19
20,225,366.35,246.71,3,38.52,14.28
20,225,366.35,246.71,4,0.86,21.25
20,226,262.88,182.22,0,0.37,15.17
20,226,262.88,182.22,1,31.62,5.37
20,226,262.88,182.22,2,24.91,8.19
20,226,262.88,182.22,3,38.52,14.28
20,226,262.88,182.22,4,0.86,21.25
20,227,139.83,321.26,0,0.37,15.17
20,227,139.83,321.26,1,31.62,5.37
20,227,139.83,321.26,2,24.91,8.19
20,227,139.83,321.26,3,38.52,14.28
20,227,139.83,321.26,4,0.86,21.25
20,228,255.10,22.58,0,0.37,15.17
20,228,255.10,22.58,1,31.62,5.37
20,228,255.10,22.58,2,24.91,8.19
20,228,255.10,22.58,3,38.52,14.28
20,228,255.10,22.58,4,0.86,21.25
20,229,126.70,135.82,0,0.37,15.17
20,229,126.70,135.82,1,31.62,5.37
20,229,126.70,135.82,2,24.91,8.19
20,229,126.70,135.82,3,38.52,14.28
20,229,126.70,135.82,4,0.86,21.25
20,230,153.39,2.96,0,0.37,15.17
20,230,153.39,2.96,1,31.62,5.37
20,230,153.39,2.96,2,24.91,8.19
20,230,153.39,2.96,3,38.52,14.28
20,230,153.39,2.96,4,0.86,21.25
20,231,272.71,329.27,0,0.37,15.17
20,231,272.71,329.27,1,31.62,5.37
20,231,272.71,329.27,2,24.91,8.19
20,231,272.71,329.27,3,38.52,14.28
20,231,272.71,329.27,4,0.86,21.25
20,232,313.00,54.97,0,0.37,15.17
20,232,313.00,54.97,1,31.62,5.37
20,232,313.00,54.97,2,24.91,8.19
20,232,313.00,54.97,3,38.52,14.28
20,232,313.00,54.97,4,0.86,21.25
20,233,371.27,292.20,0,0.37,15.17
20,233,371.27,292.20,1,31.62,5.37
20,233,371.27,292.20,2,24.91,8.19
20,233,371.27,292.20,3,38.52,14.28
20,233,371.27,292.20,4,0.86,21.25
20,234,190.96,90.87,0,0.37,15.17
20,234,190.96,90.87,1,31.62,5.37
20,234,190.96,90.87,2,24.91,8.19
20,234,190.96,90.87,3,38.52,14.28
20,234,190.96,90.87,4,0.86,21.25
20,235,205.38,87.30,0,0.37,15.17
20,235,205.38,87.30,1,31.62,5.37
20,235,205.38,87.30,2,24.91,8.19
20,235,205.38,87.30,3,38.52,14.28
20,235,205.38,87.30,4,0.86,21.25
20,236,245.15,86.75,0,0.37,15.17
20,236,245.15,86.75,1,31.62,5.37
20,236,245.15,86.75,2,24.91,8.19
20,236,245.15,86.75,3,38.52,14.28
20,236,245.15,86.75,4,0.86,21.25
20,237,163.58,197.27,0,0.37,15.17
20,237,163.58,197.27,1,31.62,5.37
20,237,163.58,197.27,2,24.91,8.19
20,237,163.58,197.27,3,38.52,14.28
20,237,163.58,197.27,4,0.86,21.25
20,238,38.58,258.36,0,0.37,15.17
20,238,38.58,258.36,1,31.62,5.37
20,238,38.58,258.36,2,24.91,8.19
20,238,38.58,258.36,3,38.52,14.28
20,238,38.58,258.36,4,0.86,21.25
20,239,165.26,148.69,0,0.37,15.17
20,239,165.26,148.69,1,31.62,5.37
20,239,165.26,148.69,2,24.91,8.19
20,239,165.26,148.69,3,38.52,14.28
20,239,165.26,148.69,4,0.86,21.25
20,240,174.70,228.22,0,0.37,15.17
20,240,174.70,228.22,1,31.62,5.37
20,240,174.70,228.22,2,24.91,8.19
20,240,174.70,228.22,3,38.52,14.28
20,240,174.70,228.22,4,0.86,21.25
20,241,394.67,219.07,0,0.37,15.17
20,241,394.67,219.07,1,31.62,5.37
20,241,394.67,219.07,2,24.91,8.19
20,241,394.67,219.07,3,38.52,14.28
20,241,394.67,219.07,4,0.86,21.25
20,242,191.51,230.65,0,0.37,15.17
20,242,191.51,230.65,1,31.62,5.37
20,242,191.51,230.65,2,24.91,8.19
20,242,191.51,230.65,3,38.52,14.28
20,242,191.51,230.65,4,0.86,21.25
20,243,41.26,236.79,0,0.37,15.17
20,243,41.26,236.79,1,31.62,5.37
20,243,41.26,236.79,2,24.91,8.19
20,243,41.26,236.79,3,38.52,14.28
20,243,41.26,236.79,4,0.86,21.25
20,244,203.14,346.36,0,0.37,15.17
20,244,203.14,346.36,1,31.62,5.37
20,244,203.14,346.36,2,24.91,8.19
20,244,203.14,346.36,3,38.52,14.28
20,244,203.14,346.36,4,0.86,21.25
20,245,182.06,190.67,0,0.37,15.17
20,245,182.06,190.67,1,31.62,5.37
20,245,182.06,190.67,2,24.91,8.19
20,245,182.06,190.67,3,38.52,14.28
20,245,182.06,190.67,4,0.86,21.25
20,246,316.99,272.53,0,0.37,15.17
20,246,316.99,272.53,1,31.62,5.37
20,246,316.99,272.53,2,24.91,8.19
20,246,316.99,272.53,3,38.52,14.28
20,246,316.99,272.53,4,0.86,21.25
20,247,95.06,90.84,0,0.37,15.17
20,247,95.06,90.84,1,31.62,5.37
20,247,95.06,90.84,2,24.91,8.19
20,247,95.06,90.84,3,38.52,14.28
20,247,95.06,90.84,4,0.86,21.25
20,248,392.66,343.59,0,0.37,15.17
20,248,392.66,343.59,1,31.62,5.37
20,248,392.66,343.59,2,24.91,8.19
20,248,392.66,343.59,3,38.52,14.28
20,248,392.66,343.59,4,0.86,21.25
20,249,357.81,379.72,0,0.37,15.17
20,249,357.81,379.72,1,31.62,5.37
20,249,357.81,379.72,2,24.91,8.19
20,249,357.81,379.72,3,38.52,14.28
20,249,357.81,379.72,4,0.86,21.25
20,250,223.88,287.64,0,0.37,15.17
20,250,223.88,287.64,1,31.62,5.37
20,250,223.88,287.64,2,24.91,8.19
20,250,223.88,287.64,3,38.52,14.28
20,250,223.88,287.64,4,0.86,21.25
20,251,128.08,281.32,0,0.37,15.17
20,251,128.08,281.32,1,31.62,5.37
20,251,128.08,281.32,2,24.91,8.19
20,251,128.08,281.32,3,38.52,14.28
20,251,128.08,281.32,4,0.86,21.25
20,252,6.69,35.54,0,0.37,15.17
20,252,6.69,35.54,1,31.62,5.37
20,252,6.69,35.54,2,24.91,8.19
20,252,6.69,35.54,3,38.52,14.28
20,252,6.69,35.54,4,0.86,21.25
20,253,289.14,177.41,0,0.37,15.17
20,253,289.14,177.41,1,31.62,5.37
20,253,289.14,177.41,2,24.91,8.19
20,253,289.14,177.41,3,38.52,14.28
20,253,289.14,177.41,4,0.86,21.25
20,254,346.20,99.89,0,0.37,15.17
20,254,346.20,99.89,1,31.62,5.37
20,254,346.20,99.89,2,24.91,8.19
20,254,346.20,99.89,3,38.52,14.28
20,254,346.20,99.89,4,0.86,21.25
20,255,32.20,278.61,0,0.37,15.17
20,255,32.20,278.61,1,31.62,5.37
20,255,32.20,278.61,2,24.91,8.19
20,255,32.20,278.61,3,38.52,14.28
20,255,32.20,278.61,4,0.86,21.25
20,256,76.80,67.50,0,0.37,15.17
20,256,76.80,67.50,1,31.62,5.37
20,256,76.80,67.50,2,24.91,8.19
20,256,76.80,67.50,3,38.52,14.28
20,256,76.80,67.50,4,0.86,21.25
20,257,334.14,152.66,0,0.37,15.17
20,257,334.14,152.66,1,31.62,5.37
20,257,334.14,152.66,2,24.91,8.19
20,257,334.14,152.66,3,38.52,14.28
20,257,334.14,152.66,4,0.86,21.25
20,258,348.12,75.01,0,0.37,15.17
20,258,348.12,75.01,1,31.62,5.37
20,258,348.12,75.01,2,24.91,8.19
20,258,348.12,75.01,3,38.52,14.28
20,258,348.12,75.01,4,0.86,21.25
20,259,90.30,70.37,0,0.37,15.17
20,259,90.30,70.37,1,31.62,5.37
20,259,90.30,70.37,2,24.91,8.19
20,259,90.30,70.37,3,38.52,14.28
20,259,90.30,70.37,4,0.86,21.25
20,260,285.41,388.04,0,0.37,15.17
20,260,285.41,388.04,1,31.62,5.37
20,260,285.41,388.04,2,24.91,8.19
20,260,285.41,388.04,3,38.52,14.28
20,260,285.41,388.04,4,0.86,21.25
20,261,98.06,390.42,0,0.37,15.17
20,261,98.06,390.42,1,31.62,5.37
20,261,98.06,390.42,2,24.91,8.19
20,261,98.06,390.42,3,38.52,14.28
20,261,98.06,390.42,4,0.86,21.25
20,262,127.77,76.05,0,0.37,15.17
20,262,127.77,76.05,1,31.62,5.37
20,262,127.77,76.05,2,24.91,8.19
20,262,127.77,76.05,3,38.52,14.28
20,262,127.77,76.05,4,0.86,21.25
20,263,129.87,54.42,0,0.37,15.17
20,263,129.87,54.42,1,31.62,5.37
20,263,129.87,54.42,2,24.91,8.19
20,263,129.87,54.42,3,38.52,14.28
20,263,129.87,54.42,4,0.86,21.25
20,264,19.31,161.24,0,0.37,15.17
20,264,19.31,161.24,1,31.62,5.37
20,264,19.31,161.24,2,24.91,8.19
20,264,19.31,161.24,3,38.52,14.28
20,264,19.31,161.24,4,0.86,21.25
20,265,238.90,296.92,0,0.37,15.17
20,265,238.90,296.92,1,31.62,5.37
20,265,238.90,296.92,2,24.91,8.19
20,265,238.90,296.92,3,38.52,14.28
20,265,238.90,296.92,4,0.86,21.25
20,266,148.64,283.37,0,0.37,15.17
20,266,148.64,283.37,1,31.62,5.37
20,266,148.64,283.37,2,24.91,8.19
20,266,148.64,283.37,3,38.52,14.28
20,266,148.64,283.37,4,0.86,21.25
20,267,141.12,28.94,0,0.37,15.17
20,267,141.12,28.94,1,31.62,5.37
20,267,141.12,28.94,2,24.91,8.19
20,267,141.12,28.94,3,38.52,14.28
20,267,141.12,28.94,4,0.86,21.25
20,268,145.00,113.52,0,0.37,15.17
20,268,145.00,113.52,1,31.62,5.37
20,268,145.00,113.52,2,24.91,8.19
20,268,145.00,113.52,3,38.52,14.28
20,268,145.00,113.52,4,0.86,21.25
20,269,2.26,185.33,0,0.37,15.17
20,269,2.26,185.33,1,31.62,5.37
20,269,2.26,185.33,2,24.91,8.19
20,269,2.26,185.33,3,38.52,14.28
20,269,2.26,185.33,4,0.86,21.25
20,270,82.25,268.81,0,0.37,15.17
20,270,82.25,268.81,1,31.62,5.37
20,270,82.25,268.81,2,24.91,8.19
20,270,82.25,268.81,3,38.52,14.28
20,270,82.25,268.81,4,0.86,21.25
20,271,9.15,114.78,0,0.37,15.17
20,271,9.15,114.78,1,31.62,5.37
20,271,9.15,114.78,2,24.91,8.19
20,271,9.15,114.78,3,38.52,14.28
20,271,9.15,114.78,4,0.86,21.25
20,272,66.10,277.95,0,0.37,15.17
20,272,66.10,277.95,1,31.62,5.37
20,272,66.10,277.95,2,24.91,8.19
20,272,66.10,277.95,3,38.52,14.28
20,272,66.10,277.95,4,0.86,21.25
20,273,31.35,228.36,0,0.37,15.17
20,273,31.35,228.36,1,31.62,5.37
20,273,31.35,228.36,2,24.91,8.19
20,273,31.35,228.36,3,38.52,14.28
20,273,31.35,228.36,4,0.86,21.25
20,274,102.66,4.51,0,0.37,15.17
20,274,102.66,4.51,1,31.62,5.37
20,274,102.66,4.51,2,24.91,8.19
20,274,102.66,4.51,3,38.52,14.28
20,274,102.66,4.51,4,0.86,21.25
20,275,277.86,228.50,0,0.37,15.17
20,275,277.86,228.50,1,31.62,5.37
20,275,277.86,228.50,2,24.91,8.19
20,275,277.86,228.50,3,38.52,14.28
20,275,277.86,228.50,4,0.86,21.25
20,276,266.80,252.47,0,0.37,15.17
20,276,266.80,252.47,1,31.62,5.37
20,276,266.80,252.47,2,24.91,8.19
20,276,266.80,252.47,3,38.52,14.28
20,276,266.80,252.47,4,0.86,21.25
20,277,240.97,193.98,0,0.37,15.17
20,277,240.97,193.98,1,31.62,5.37
20,277,240.97,193.98,2,24.91,8.19
20,277,240.97,193.98,3,38.52,14.28
20,277,240.97,193.98,4,0.86,21.25
20,278,99.44,393.38,0,0.37,15.17
20,278,99.44,393.38,1,31.62,5.37
20,278,99.44,393.38,2,24.91,8.19
20,278,99.44,393.38,3,38.52,14.28
20,278,99.44,393.38,4,0.86,21.25
20,279,242.54,385.46,0,0.37,15.17
20,279,242.54,385.46,1,31.62,5.37
20,279,242.54,385.46,2,24.91,8.19
20,279,242.54,385.46,3,38.52,14.28
20,279,242.54,385.46,4,0.86,21.25
20,280,341.95,211.11,0,0.37,15.17
20,280,341.95,211.11,1,31.62,5.37
20,280,341.95,211.11,2,24.91,8.19
20,280,341.95,211.11,3,38.52,14.28
20,280,341.95,211.11,4,0.86,21.25
20,281,205.74,18.14,0,0.37,15.17
20,281,205.74,18.14,1,31.62,5.37
20,281,205.74,18.14,2,24.91,8.19
20,281,205.74,18.14,3,38.52,14.28
20,281,205.74,18.14,4,0.86,21.25
20,282,297.66,164.41,0,0.37,15.17
20,282,297.66,164.41,1,31.62,5.37
20,282,297.66,164.41,2,24.91,8.19
20,282,297.66,164.41,3,38.52,14.28
20,282,297.66,164.41,4,0.86,21.25
20,283,297.70,147.41,0,0.37,15.17
20,283,297.70,147.41,1,31.62,5.37
20,283,297.70,147.41,2,24.91,8.19
20,283,297.70,147.41,3,38.52,14.28
20,283,297.70,147.41,4,0.86,21.25
20,284,177.62,91.93,0,0.37,15.17
20,284,177.62,91.93,1,31.62,5.37
20,284,177.62,91.93,2,24.91,8.19
20,284,177.62,91.93,3,38.52,14.28
20,284,177.62,91.93,4,0.86,21.25
20,285,231.19,344.52,0,0.37,15.17
20,285,231.19,344.52,1,31.62,5.37
20,285,231.19,344.52,2,24.91,8.19
20,285,231.19,344.52,3,38.52,14.28
20,285,231.19,344.52,4,0.86,21.25
20,286,271.96,317.11,0,0.37,15.17
20,286,271.96,317.11,1,31.62,5.37
20,286,271.96,317.11,2,24.91,8.19
20,286,271.96,317.11,3,38.52,14.28
20,286,271.96,317.11,4,0.86,21.25
20,287,367.86,160.70,0,0.37,15.17
20,287,367.86,160.70,1,31.62,5.37
20,287,367.86,160.70,2,24.91,8.19
20,287,367.86,160.70,3,38.52,14.28
20,287,367.86,160.70,4,0.86,21.25
20,288,116.80,11.34,0,0.37,15.17
20,288,116.80,11.34,1,31.62,5.37
20,288,116.80,11.34,2,24.91,8.19
20,288,116.80,11.34,3,38.52,14.28
20,288,116.80,11.34,4,0.86,21.25
20,289,82.66,311.07,0,0.37,15.17
20,289,82.66,311.07,1,31.62,5.37
20,289,82.66,311.07,2,24.91,8.19
20,289,82.66,311.07,3,38.52,14.28
20,289,82.66,311.07,4,0.86,21.25
20,290,273.59,288.86,0,0.37,15.17
20,290,273.59,288.86,1,31.62,5.37
20,290,273.59,288.86,2,24.91,8.19
20,290,273.59,288.86,3,38.52,14.28
20,290,273.59,288.86,4,0.86,21.25
20,291,72.19,5.64,0,0.37,15.17
20,291,72.19,5.64,1,31.62,5.37
20,291,72.19,5.64,2,24.91,8.19
20,291,72.19,5.64,3,38.52,14.28
20,291,72.19,5.64,4,0.86,21.25
20,292,264.31,307.89,0,0.37,15.17
20,292,264.31,307.89,1,31.62,5.37
20,292,264.31,307.89,2,24.91,8.19
20,292,264.31,307.89,3,38.52,14.28
20,292,264.31,307.89,4,0.86,21.25
20,293,189.27,146.69,0,0.37,15.17
20,293,189.27,146.69,1,31.62,5.37
20,293,189.27,146.69,2,24.91,8.19
20,293,189.27,146.69,3,38.52,14.28
20,293,189.27,146.69,4,0.86,21.25
20,294,131.40,346.64,0,0.37,15.17
20,294,131.40,346.64,1,31.62,5.37
20,294,131.40,346.64,2,24.91,8.19
20,294,131.40,346.64,3,38.52,14.28
20,294,131.40,346.64,4,0.86,21.25
20,295,340.75,198.62,0,0.37,15.17
20,295,340.75,198.62,1,31.62,5.37
20,295,340.75,198.62,2,24.91,8.19
20,295,340.75,198.62,3,38.52,14.28
20,295,340.75,198.62,4,0.86,21.25
20,296,308.88,48.78,0,0.37,15.17
20,296,308.88,48.78,1,31.62,5.37
20,296,308.88,48.78,2,24.91,8.19
20,296,308.88,48.78,3,38.52,14.28
20,296,308.88,48.78,4,0.86,21.25
20,297,371.46,88.11,0,0.37,15.17
20,297,371.46,88.11,1,31.62,5.37
20,297,371.46,88.11,2,24.91,8.19
20,297,371.46,88.11,3,38.52,14.28
20,297,371.46,88.11,4,0.86,21.25
20,298,326.31,62.63,0,0.37,15.17
20,298,326.31,62.63,1,31.62,5.37
20,298,326.31,62.63,2,24.91,8.19
20,298,326.31,62.63,3,38.52,14.28
20,298,326.31,62.63,4,0.86,21.25
20,299,42.20,126.23,0,0.37,15.17
20,299,42.20,126.23,1,31.62,5.37
20,299,42.20,126.23,2,24.91,8.19
20,299,42.20,126.23,3,38.52,14.28
20,299,42.20,126.23,4,0.86,21.25
20,300,212.69,334.51,0,0.37,15.17
20,300,212.69,334.51,1,31.62,5.37
20,300,212.69,334.51,2,24.91,8.19
20,300,212.69,334.51,3,38.52,14.28
20,300,212.69,334.51,4,0.86,21.25
30,1,239.04,104.49,0,0.29,13.72
30,1,239.04,104.49,1,33.34,3.43
30,1,239.04,104.49,2,22.74,8.89
30,1,239.04,104.49,3,38.20,16.59
30,1,239.04,104.49,4,1.42,24.56
30,2,46.21,56.64,0,0.29,13.72
30,2,46.21,56.64,1,33.34,3.43
30,2,46.21,56.64,2,22.74,8.89
30,2,46.21,56.64,3,38.20,16.59
30,2,46.21,56.64,4,1.42,24.56
30,3,186.95,281.84,0,0.29,13.72
30,3,186.95,281.84,1,33.34,3.43
30,3,186.95,281.84,2,22.74,8.89
30,3,186.95,281.84,3,38.20,16.59
30,3,186.95,281.84,4,1.42,24.56
30,4,257.21,80.74,0,0.29,13.72
30,4,257.21,80.74,1,33.34,3.43
30,4,257.21,80.74,2,22.74,8.89
30,4,257.21,80.74,3,38.20,16.59
30,4,257.21,80.74,4,1.42,24.56
30,5,12.29,309.54,0,0.29,13.72
30,5,12.29,309.54,1,33.34,3.43
30,5,12.29,309.54,2,22.74,8.89
30,5,12.29,309.54,3,38.20,16.59
30,5,12.29,309.54,4,1.42,24.56
30,6,99.78,270.67,0,0.29,13.72
30,6,99.78,270.67,1,33.34,3.43
30,6,99.78,270.67,2,22.74,8.89
30,6,99.78,270.67,3,38.20,16.59
30,6,99.78,270.67,4,1.42,24.56
30,7,96.53,102.25,0,0.29,13.72
30,7,96.53,102.25,1,33.34,3.43
30,7,96.53,102.25,2,22.74,8.89
30,7,96.53,102.25,3,38.20,16.59
30,7,96.53,102.25,4,1.42,24.56
30,8,170.54,381.08,0,0.29,13.72
30,8,170.54,381.08,1,33.34,3.43
30,8,170.54,381.08,2,22.74,8.89
30,8,170.54,381.08,3,38.20,16.59
30,8,170.54,381.08,4,1.42,24.56
30,9,230.75,208.64,0,0.29,13.72
30,9,230.75,208.64,1,33.34,3.43
30,9,230.75,208.64,2,22.74,8.89
30,9,230.75,208.64,3,38.20,16.59
30,9,230.75,208.64,4,1.42,24.56
30,10,385.36,156.03,0,0.29,13.72
30,10,385.36,156.03,1,33.34,3.43
30,10,385.36,156.03,2,22.74,8.89
30,10,385.36,156.03,3,38.20,16.59
30,10,385.36,156.03,4,1.42,24.56
30,11,136.63,126.69,0,0.29,13.72
30,11,136.63,126.69,1,33.34,3.43
30,11,136.63,126.69,2,22.74,8.89
30,11,136.63,126.69,3,38.20,16.59
30,11,136.63,126.69,4,1.42,24.56
30,12,239.20,65.65,0,0.29,13.72
30,12,239.20,65.65,1,33.34,3.43
30,12,239.20,65.65,2,22.74,8.89
30,12,239.20,65.65,3,38.20,16.59
30,12,239.20,65.65,4,1.42,24.56
30,13,122.22,69.95,0,0.29,13.72
30,13,122.22,69.95,1,33.34,3.43
30,13,122.22,69.95,2,22.74,8.89
30,13,122.22,69.95,3,38.20,16.59
30,13,122.22,69.95,4,1.42,24.56
30,14,3.87,383.91,0,0.29,13.72
30,14,3.87,383.91,1,33.34,3.43
30,14,3.87,383.91,2,22.74,8.89
30,14,3.87,383.91,3,38.20,16.59
30,14,3.87,383.91,4,1.42,24.56
30,15,3.07,326.26,0,0.29,13.72
30,15,3.07,326.26,1,33.34,3.43
30,15,3.07,326.26,2,22.74,8.89
30,15,3.07,326.26,3,38.20,16.59
30,15,3.07,326.26,4,1.42,24.56
30,16,326.78,317.33,0,0.29,13.72
30,16,326.78,317.33,1,33.34,3.43
30,16,326.78,317.33,2,22.74,8.89
30,16,326.78,317.33,3,38.20,16.59
30,16,326.78,317.33,4,1.42,24.56
30,17,383.15,178.84,0,0.29,13.72
30,17,383.15,178.84,1,33.34,3.43
30,17,383.15,178.84,2,22.74,8.89
30,17,383.15,178.84,3,38.20,16.59
30,17,383.15,178.84,4,1.42,24.56
30,18,191.38,370.04,0,0.29,13.72
30,18,191.38,370.04,1,33.34,3.43
30,18,191.38,370.04,2,22.74,8.89
30,18,191.38,370.04,3,38.20,16.59
30,18,191.38,370.04,4,1.42,24.56
30,19,81.57,319.16,0,0.29,13.72
30,19,81.57,319.16,1,33.34,3.43
30,19,81.57,319.16,2,22.74,8.89
30,19,81.57,319.16,3,38.20,16.59
30,19,81.57,319.16,4,1.42,24.56
30,20,206.73,366.94,0,0.29,13.72
30,20,206.73,366.94,1,33.34,3.43
30,20,206.73,366.94,2,22.74,8.89
30,20,206.73,366.94,3,38.20,16.59
30,20,206.73,366.94,4,1.42,24.56
30,21,392.91,108.15,0,0.29,13.72
30,21,392.91,108.15,1,33.34,3.43
30,21,392.91,108.15,2,22.74,8.89
30,21,392.91,108.15,3,38.20,16.59
30,21,392.91,108.15,4,1.42,24.56
30,22,261.89,373.25,0,0.29,13.72
30,22,261.89,373.25,1,33.34,3.43
30,22,261.89,373.25,2,22.74,8.89
30,22,261.89,373.25,3,38.20,16.59
30,22,261.89,373.25,4,1.42,24.56
30,23,345.12,292.38,0,0.29,13.72
30,23,345.12,292.38,1,33.34,3.43
30,23,345.12,292.38,2,22.74,8.89
30,23,345.12,292.38,3,38.20,16.59
30,23,345.12,292.38,4,1.42,24.56
30,24,115.84,44.33,0,0.29,13.72
30,24,115.84,44.33,1,33.34,3.43
30,24,115.84,44.33,2,22.74,8.89
30,24,115.84,44.33,3,38.20,16.59
30,24,115.84,44.33,4,1.42,24.56
30,25,90.20,354.70,0,0.29,13.72
30,25,90.20,354.70,1,33.34,3.43
30,25,90.20,354.70,2,22.74,8.89
30,25,90.20,354.70,3,38.20,16.59
30,25,90.20,354.70,4,1.42,24.56
30,26,288.94,6.74,0,0.29,13.72
30,26,288.94,6.74,1,33.34,3.43
30,26,288.94,6.74,2,22.74,8.89
30,26,288.94,6.74,3,38.20,16.59
30,26,288.94,6.74,4,1.42,24.56
30,27,249.50,77.93,0,0.29,13.72
30,27,249.50,77.93,1,33.34,3.43
30,27,249.50,77.93,2,22.74,8.89
30,27,249.50,77.93,3,38.20,16.59
30,27,249.50,77.93,4,1.42,24.56
30,28,388.02,369.02,0,0.29,13.72
30,28,388.02,369.02,1,33.34,3.43
30,28,388.02,369.02,2,22.74,8.89
30,28,388.02,369.02,3,38.20,16.59
30,28,388.02,369.02,4,1.42,24.56
30,29,158.36,246.78,0,0.29,13.72
30,29,158.36,246.78,1,33.34,3.43
30,29,158.36,246.78,2,22.74,8.89
30,29,158.36,246.78,3,38.20,16.59
30,29,158.36,246.78,4,1.42,24.56
30,30,387.26,183.55,0,0.29,13.72
30,30,387.26,183.55,1,33.34,3.43
30,30,387.26,183.55,2,22.74,8.89
30,30,387.26,183.55,3,38.20,16.59
30,30,387.26,183.55,4,1.42,24.56
30,31,188.84,8.74,0,0.29,13.72
30,31,188.84,8.74,1,33.34,3.43
30,31,188.84,8.74,2,22.74,8.89
30,31,188.84,8.74,3,38.20,16.59
30,31,188.84,8.74,4,1.42,24.56
30,32,235.05,58.18,0,0.29,13.72
30,32,235.05,58.18,1,33.34,3.43
30,32,235.05,58.18,2,22.74,8.89
30,32,235.05,58.18,3,38.20,16.59
30,32,235.05,58.18,4,1.42,24.56
30,33,41.48,248.85,0,0.29,13.72
30,33,41.48,248.85,1,33.34,3.43
30,33,41.48,248.85,2,22.74,8.89
30,33,41.48,248.85,3,38.20,16.59
30,33,41.48,248.85,4,1.42,24.56
30,34,155.98,105.90,0,0.29,13.72
30,34,155.98,105.90,1,33.34,3.43
30,34,155.98,105.90,2,22.74,8.89
30,34,155.98,105.90,3,38.20,16.59
30,34,155.98,105.90,4,1.42,24.56
30,35,298.63,212.98,0,0.29,13.72
30,35,298.63,212.98,1,33.34,3.43
30,35,298.63,212.98,2,22.74,8.89
30,35,298.63,212.98,3,38.20,16.59
30,35,298.63,212.98,4,1.42,24.56
30,36,121.19,318.19,0,0.29,13.72
30,36,121.19,318.19,1,33.34,3.43
30,36,121.19,318.19,2,22.74,8.89
30,36,121.19,318.19,3,38.20,16.59
30,36,121.19,318.19,4,1.42,24.56
30,37,289.50,298.07,0,0.29,13.72
30,37,289.50,298.07,1,33.34,3.43
30,37,289.50,298.07,2,22.74,8.89
30,37,289.50,298.07,3,38.20,16.59
30,37,289.50,298.07,4,1.42,24.56
30,38,140.31,232.70,0,0.29,13.72
30,38,140.31,232.70,1,33.34,3.43
30,38,140.31,232.70,2,22.74,8.89
30,38,140.31,232.70,3,38.20,16.59
30,38,140.31,232.70,4,1.42,24.56
30,39,122.06,194.39,0,0.29,13.72
30,39,122.06,194.39,1,33.34,3.43
30,39,122.06,194.39,2,22.74,8.89
30,39,122.06,194.39,3,38.20,16.59
30,39,122.06,194.39,4,1.42,24.56
30,40,295.08,95.94,0,0.29,13.72
30,40,295.08,95.94,1,33.34,3.43
30,40,295.08,95.94,2,22.74,8.89
30,40,295.08,95.94,3,38.20,16.59
30,40,295.08,95.94,4,1.42,24.56
30,41,241.55,305.05,0,0.29,13.72
30,41,241.55,305.05,1,33.34,3.43
30,41,241.55,305.05,2,22.74,8.89
30,41,241.55,305.05,3,38.20,16.59
30,41,241.55,305.05,4,1.42,24.56
30,42,354.93,257.18,0,0.29,13.72
30,42,354.93,257.18,1,33.34,3.43
30,42,354.93,257.18,2,22.74,8.89
30,42,354.93,257.18,3,38.20,16.59
30,42,354.93,257.18,4,1.42,24.56
30,43,217.96,52.32,0,0.29,13.72
30,43,217.96,52.32,1,33.34,3.43
30,43,217.96,52.32,2,22.74,8.89
30,43,217.96,52.32,3,38.20,16.59
30,43,217.96,52.32,4,1.42,24.56
30,44,342.81,217.63,0,0.29,13.72
30,44,342.81,217.63,1,33.34,3.43
30,44,342.81,217.63,2,22.74,8.89
30,44,342.81,217.63,3,38.20,16.59
30,44,342.81,217.63,4,1.42,24.56
30,45,246.07,82.93,0,0.29,13.72
30,45,246.07,82.93,1,33.34,3.43
30,45,246.07,82.93,2,22.74,8.89
30,45,246.07,82.93,3,38.20,16.59
30,45,246.07,82.93,4,1.42,24.56
30,46,89.89,386.42,0,0.29,13.72
30,46,89.89,386.42,1,33.34,3.43
30,46,89.89,386.42,2,22.74,8.89
30,46,89.89,386.42,3,38.20,16.59
30,46,89.89,386.42,4,1.42,24.56
30,47,71.06,284.63,0,0.29,13.72
30,47,71.06,284.63,1,33.34,3.43
30,47,71.06,284.63,2,22.74,8.89
30,47,71.06,284.63,3,38.20,16.59
30,47,71.06,284.63,4,1.42,24.56
30,48,322.81,201.15,0,0.29,13.72
30,48,322.81,201.15,1,33.34,3.43
30,48,322.81,201.15,2,22.74,8.89
30,48,322.81,201.15,3,38.20,16.59
30,48,322.81,201.15,4,1.42,24.56
30,49,184.62,154.92,0,0.29,13.72
30,49,184.62,154.92,1,33.34,3.43
30,49,184.62,154.92,2,22.74,8.89
30,49,184.62,154.92,3,38.20,16.59
30,49,184.62,154.92,4,1.42,24.56
30,50,300.93,332.02,0,0.29,13.72
30,50,300.93,332.02,1,33.34,3.43
30,50,300.93,332.02,2,22.74,8.89
30,50,300.93,332.02,3,38.20,16.59
30,50,300.93,332.02,4,1.42,24.56
30,51,31.40,357.51,0,0.29,13.72
30,51,31.40,357.51,1,33.34,3.43
30,51,31.40,357.51,2,22.74,8.89
30,51,31.40,357.51,3,38.20,16.59
30,51,31.40,357.51,4,1.42,24.56
30,52,207.84,118.47,0,0.29,13.72
30,52,207.84,118.47,1,33.34,3.43
30,52,207.84,118.47,2,22.74,8.89
30,52,207.84,118.47,3,38.20,16.59
30,52,207.84,118.47,4,1.42,24.56
30,53,251.58,249.71,0,0.29,13.72
30,53,251.58,249.71,1,33.34,3.43
30,53,251.58,249.71,2,22.74,8.89
30,53,251.58,249.71,3,38.20,16.59
30,53,251.58,249.71,4,1.42,24.56
30,54,321.70,38.31,0,0.29,13.72
30,54,321.70,38.31,1,33.34,3.43
30,54,321.70,38.31,2,22.74,8.89
30,54,321.70,38.31,3,38.20,16.59
30,54,321.70,38.31,4,1.42,24.56
30,55,247.77,265.98,0,0.29,13.72
30,55,247.77,265.98,1,33.34,3.43
30,55,247.77,265.98,2,22.74,8.89
30,55,247.77,265.98,3,38.20,16.59
30,55,247.77,265.98,4,1.42,24.56
30,56,290.40,157.71,0,0.29,13.72
30,56,290.40,157.71,1,33.34,3.43
30,56,290.40,157.71,2,22.74,8.89
30,56,290.40,157.71,3,38.20,16.59
30,56,290.40,157.71,4,1.42,24.56
30,57,108.97,180.94,0,0.29,13.72
30,57,108.97,180.94,1,33.34,3.43
30,57,108.97,180.94,2,22.74,8.89
30,57,108.97,180.94,3,38.20,16.59
30,57,108.97,180.94,4,1.42,24.56
30,58,339.30,200.10,0,0.29,13.72
30,58,339.30,200.10,1,33.34,3.43
30,58,339.30,200.10,2,22.74,8.89
30,58,339.30,200.10,3,38.20,16.59
30,58,339.30,200.10,4,1.42,24.56
30,59,71.59,151.47,0,0.29,13.72
30,59,71.59,151.47,1,33.34,3.43
30,59,71.59,151.47,2,22.74,8.89
30,59,71.59,151.47,3,38.20,16.59
30,59,71.59,151.47,4,1.42,24.56
30,60,176.67,262.99,0,0.29,13.72
30,60,176.67,262.99,1,33.34,3.43
30,60,176.67,262.99,2,22.74,8.89
30,60,176.67,262.99,3,38.20,16.59
30,60,176.67,262.99,4,1.42,24.56
30,61,35.61,151.38,0,0.29,13.72
30,61,35.61,151.38,1,33.34,3.43
30,61,35.61,151.38,2,22.74,8.89
30,61,35.61,151.38,3,38.20,16.59
30,61,35.61,151.38,4,1.42,24.56
30,62,47.98,378.20,0,0.29,13.72
30,62,47.98,378.20,1,33.34,3.43
30,62,47.98,378.20,2,22.74,8.89
30,62,47.98,378.20,3,38.20,16.59
30,62,47.98,378.20,4,1.42,24.56
30,63,117.51,170.23,0,0.29,13.72
30,63,117.51,170.23,1,33.34,3.43
30,63,117.51,170.23,2,22.74,8.89
30,63,117.51,170.23,3,38.20,16.59
30,63,117.51,170.23,4,1.42,24.56
30,64,326.50,51.71,0,0.29,13.72
30,64,326.50,51.71,1,33.34,3.43
30,64,326.50,51.71,2,22.74,8.89
30,64,326.50,51.71,3,38.20,16.59
30,64,326.50,51.71,4,1.42,24.56
30,65,326.48,289.13,0,0.29,13.72
30,65,326.48,289.13,1,33.34,3.43
30,65,326.48,289.13,2,22.74,8.89
30,65,326.48,289.13,3,38.20,16.59
30,65,326.48,289.13,4,1.42,24.56
30,66,116.84,389.46,0,0.29,13.72
30,66,116.84,389.46,1,33.34,3.43
30,66,116.84,389.46,2,22.74,8.89
30,66,116.84,389.46,3,38.20,16.59
30,66,116.84,389.46,4,1.42,24.56
30,67,43.72,213.77,0,0.29,13.72
30,67,43.72,213.77,1,33.34,3.43
30,67,43.72,213.77,2,22.74,8.89
30,67,43.72,213.77,3,38.20,16.59
30,67,43.72,213.77,4,1.42,24.56
30,68,233.53,312.52,0,0.29,13.72
30,68,233.53,312.52,1,33.34,3.43
30,68,233.53,312.52,2,22.74,8.89
30,68,233.53,312.52,3,38.20,16.59
30,68,233.53,312.52,4,1.42,24.56
30,69,370.77,367.79,0,0.29,13.72
30,69,370.77,367.79,1,33.34,3.43
30,69,370.77,367.79,2,22.74,8.89
30,69,370.77,367.79,3,38.20,16.59
30,69,370.77,367.79,4,1.42,24.56
30,70,222.68,58.27,0,0.29,13.72
30,70,222.68,58.27,1,33.34,3.43
30,70,222.68,58.27,2,22.74,8.89
30,70,222.68,58.27,3,38.20,16.59
30,70,222.68,58.27,4,1.42,24.56
30,71,50.69,363.03,0,0.29,13.72
30,71,50.69,363.03,1,33.34,3.43
30,71,50.69,363.03,2,22.74,8.89
30,71,50.69,363.03,3,38.20,16.59
30,71,50.69,363.03,4,1.42,24.56
30,72,11.53,395.44,0,0.29,13.72
30,72,11.53,395.44,1,33.34,3.43
30,72,11.53,395.44,2,22.74,8.89
30,72,11.53,395.44,3,38.20,16.59
30,72,11.53,395.44,4,1.42,24.56
30,73,361.40,128.07,0,0.29,13.72
30,73,361.40,128.07,1,33.34,3.43
30,73,361.40,128.07,2,22.74,8.89
30,73,361.40,128.07,3,38.20,16.59
30,73,361.40,128.07,4,1.42,24.56
30,74,229.74,51.26,0,0.29,13.72
30,74,229.74,51.26,1,33.34,3.43
30,74,229.74,51.26,2,22.74,8.89
30,74,229.74,51.26,3,38.20,16.59
30,74,229.74,51.26,4,1.42,24.56
30,75,193.19,65.41,0,0.29,13.72
30,75,193.19,65.41,1,33.34,3.43
30,75,193.19,65.41,2,22.74,8.89
30,75,193.19,65.41,3,38.20,16.59
30,75,193.19,65.41,4,1.42,24.56
30,76,351.85,76.60,0,0.29,13.72
30,76,351.85,76.60,1,33.34,3.43
30,76,351.85,76.60,2,22.74,8.89
30,76,351.85,76.60,3,38.20,16.59
30,76,351.85,76.60,4,1.42,24.56
30,77,106.23,169.48,0,0.29,13.72
30,77,106.23,169.48,1,33.34,3.43
30,77,106.23,169.48,2,22.74,8.89
30,77,106.23,169.48,3,38.20,16.59
30,77,106.23,169.48,4,1.42,24.56
30,78,195.73,393.13,0,0.29,13.72
30,78,195.73,393.13,1,33.34,3.43
30,78,195.73,393.13,2,22.74,8.89
30,78,195.73,393.13,3,38.20,16.59
30,78,195.73,393.13,4,1.42,24.56
30,79,351.74,216.15,0,0.29,13.72
30,79,351.74,216.15,1,33.34,3.43
30,79,351.74,216.15,2,22.74,8.89
30,79,351.74,216.15,3,38.20,16.59
30,79,351.74,216.15,4,1.42,24.56
30,80,380.41,173.70,0,0.29,13.72
30,80,380.41,173.70,1,33.34,3.43
30,80,380.41,173.70,2,22.74,8.89
30,80,380.41,173.70,3,38.20,16.59
30,80,380.41,173.70,4,1.42,24.56
30,81,268.86,344.64,0,0.29,13.72
30,81,268.86,344.64,1,33.34,3.43
30,81,268.86,344.64,2,22.74,8.89
30,81,268.86,344.64,3,38.20,16.59
30,81,268.86,344.64,4,1.42,24.56
30,82,316.58,87.82,0,0.29,13.72
30,82,316.58,87.82,1,33.34,3.43
30,82,316.58,87.82,2,22.74,8.89
30,82,316.58,87.82,3,38.20,16.59
30,82,316.58,87.82,4,1.42,24.56
30,83,151.10,10.16,0,0.29,13.72
30,83,151.10,10.16,1,33.34,3.43
30,83,151.10,10.16,2,22.74,8.89
30,83,151.10,10.16,3,38.20,16.59
30,83,151.10,10.16,4,1.42,24.56
30,84,232.04,288.92,0,0.29,13.72
30,84,232.04,288.92,1,33.34,3.43
30,84,232.04,288.92,2,22.74,8.89
30,84,232.04,288.92,3,38.20,16.59
30,84,232.04,288.92,4,1.42,24.56
30,85,364.68,94.73,0,0.29,13.72
30,85,364.68,94.73,1,33.34,3.43
30,85,364.68,94.73,2,22.74,8.89
30,85,364.68,94.73,3,38.20,16.59
30,85,364.68,94.73,4,1.42,24.56
30,86,8.69,153.75,0,0.29,13.72
30,86,8.69,153.75,1,33.34,3.43
30,86,8.69,153.75,2,22.74,8.89
30,86,8.69,153.75,3,38.20,16.59
30,86,8.69,153.75,4,1.42,24.56
30,87,389.16,55.60,0,0.29,13.72
30,87,389.16,55.60,1,33.34,3.43
30,87,389.16,55.60,2,22.74,8.89
30,87,389.16,55.60,3,38.20,16.59
30,87,389.16,55.60,4,1.42,24.56
30,88,197.20,307.33,0,0.29,13.72
30,88,197.20,307.33,1,33.34,3.43
30,88,197.20,307.33,2,22.74,8.89
30,88,197.20,307.33,3,38.20,16.59
30,88,197.20,307.33,4,1.42,24.56
30,89,314.30,59.27,0,0.29,13.72
30,89,314.30,59.27,1,33.34,3.43
30,89,314.30,59.27,2,22.74,8.89
30,89,314.30,59.27,3,38.20,16.59
30,89,314.30,59.27,4,1.42,24.56
30,90,190.76,27.90,0,0.29,13.72
30,90,190.76,27.90,1,33.34,3.43
30,90,190.76,27.90,2,22.74,8.89
30,90,190.76,27.90,3,38.20,16.59
30,90,190.76,27.90,4,1.42,24.56
30,92,277.15,71.54,0,0.29,13.72
30,92,277.15,71.54,1,33.34,3.43
30,92,277.15,71.54,2,22.74,8.89
30,92,277.15,71.54,3,38.20,16.59
30,92,277.15,71.54,4,1.42,24.56
30,93,255.02,69.83,0,0.29,13.72
30,93,255.02,69.83,1,33.34,3.43
30,93,255.02,69.83,2,22.74,8.89
30,93,255.02,69.83,3,38.20,16.59
30,93,255.02,69.83,4,1.42,24.56
30,94,43.42,360.94,0,0.29,13.72
30,94,43.42,360.94,1,33.34,3.43
30,94,43.42,360.94,2,22.74,8.89
30,94,43.42,360.94,3,38.20,16.59
30,94,43.42,360.94,4,1.42,24.56
30,95,318.06,135.43,0,0.29,13.72
30,95,318.06,135.43,1,33.34,3.43
30,95,318.06,135.43,2,22.74,8.89
30,95,318.06,135.43,3,38.20,16.59
30,95,318.06,135.43,4,1.42,24.56
30,96,84.33,185.88,0,0.29,13.72
30,96,84.33,185.88,1,33.34,3.43
30,96,84.33,185.88,2,22.74,8.89
30,96,84.33,185.88,3,38.20,16.59
30,96,84.33,185.88,4,1.42,24.56
30,97,247.45,182.38,0,0.29,13.72
30,97,247.45,182.38,1,33.34,3.43
30,97,247.45,182.38,2,22.74,8.89
30,97,247.45,182.38,3,38.20,16.59
30,97,247.45,182.38,4,1.42,24.56
30,98,299.56,11.57,0,0.29,13.72
30,98,299.56,11.57,1,33.34,3.43
30,98,299.56,11.57,2,22.74,8.89
30,98,299.56,11.57,3,38.20,16.59
30,98,299.56,11.57,4,1.42,24.56
30,99,375.76,146.12,0,0.29,13.72
30,99,375.76,146.12,1,33.34,3.43
30,99,375.76,146.12,2,22.74,8.89
30,99,375.76,146.12,3,38.20,16.59
30,99,375.76,146.12,4,1.42,24.56
30,100,386.15,165.21,0,0.29,13.72
30,100,386.15,165.21,1,33.34,3.43
30,100,386.15,165.21,2,22.74,8.89
30,100,386.15,165.21,3,38.20,16.59
30,100,386.15,165.21,4,1.42,24.56
30,101,359.69,12.85,0,0.29,13.72
30,101,359.69,12.85,1,33.34,3.43
30,101,359.69,12.85,2,22.74,8.89
30,101,359.69,12.85,3,38.20,16.59
30,101,359.69,12.85,4,1.42,24.56
30,102,75.65,186.41,0,0.29,13.72
30,102,75.65,186.41,1,33.34,3.43
30,102,75.65,186.41,2,22.74,8.89
30,102,75.65,186.41,3,38.20,16.59
30,102,75.65,186.41,4,1.42,24.56
30,103,135.65,393.01,0,0.29,13.72
30,103,135.65,393.01,1,33.34,3.43
30,103,135.65,393.01,2,22.74,8.89
30,103,135.65,393.01,3,38.20,16.59
30,103,135.65,393.01,4,1.42,24.56
30,104,306.75,16.16,0,0.29,13.72
30,104,306.75,16.16,1,33.34,3.43
30,104,306.75,16.16,2,22.74,8.89
30,104,306.75,16.16,3,38.20,16.59
30,104,306.75,16.16,4,1.42,24.56
30,105,62.51,357.04,0,0.29,13.72
30,105,62.51,357.04,1,33.34,3.43
30,105,62.51,357.04,2,22.74,8.89
30,105,62.51,357.04,3,38.20,16.59
30,105,62.51,357.04,4,1.42,24.56
30,106,76.69,225.78,0,0.29,13.72
30,106,76.69,225.78,1,33.34,3.43
30,106,76.69,225.78,2,22.74,8.89
30,106,76.69,225.78,3,38.20,16.59
30,106,76.69,225.78,4,1.42,24.56
30,107,236.29,130.86,0,0.29,13.72
30,107,236.29,130.86,1,33.34,3.43
30,107,236.29,130.86,2,22.74,8.89
30,107,236.29,130.86,3,38.20,16.59
30,107,236.29,130.86,4,1.42,24.56
30,108,9.21,15.34,0,0.29,13.72
30,108,9.21,15.34,1,33.34,3.43
30,108,9.21,15.34,2,22.74,8.89
30,108,9.21,15.34,3,38.20,16.59
30,108,9.21,15.34,4,1.42,24.56
30,109,86.50,290.71,0,0.29,13.72
30,109,86.50,290.71,1,33.34,3.43
30,109,86.50,290.71,2,22.74,8.89
30,109,86.50,290.71,3,38.20,16.59
30,109,86.50,290.71,4,1.42,24.56
30,110,154.38,325.32,0,0.29,13.72
30,110,154.38,325.32,1,33.34,3.43
30,110,154.38,325.32,2,22.74,8.89
30,110,154.38,325.32,3,38.20,16.59
30,110,154.38,325.32,4,1.42,24.56
30,111,350.57,57.49,0,0.29,13.72
30,111,350.57,57.49,1,33.34,3.43
30,111,350.57,57.49,2,22.74,8.89
30,111,350.57,57.49,3,38.20,16.59
30,111,350.57,57.49,4,1.42,24.56
30,112,143.86,97.85,0,0.29,13.72
30,112,143.86,97.85,1,33.34,3.43
30,112,143.86,97.85,2,22.74,8.89
30,112,143.86,97.85,3,38.20,16.59
30,112,143.86,97.85,4,1.42,24.56
30,113,110.39,133.63,0,0.29,13.72
30,113,110.39,133.63,1,33.34,3.43
30,113,110.39,133.63,2,22.74,8.89
30,113,110.39,133.63,3,38.20,16.59
30,113,110.39,133.63,4,1.42,24.56
30,114,139.90,9.40,0,0.29,13.72
30,114,139.90,9.40,1,33.34,3.43
30,114,139.90,9.40,2,22.74,8.89
30,114,139.90,9.40,3,38.20,16.59
30,114,139.90,9.40,4,1.42,24.56
30,115,388.49,257.50,0,0.29,13.72
30,115,388.49,257.50,1,33.34,3.43
30,115,388.49,257.50,2,22.74,8.89
30,115,388.49,257.50,3,38.20,16.59
30,115,388.49,257.50,4,1.42,24.56
30,116,204.64,170.94,0,0.29,13.72
30,116,204.64,170.94,1,33.34,3.43
30,116,204.64,170.94,2,22.74,8.89
30,116,204.64,170.94,3,38.20,16.59
30,116,204.64,170.94,4,1.42,24.56
30,117,350.52,87.94,0,0.29,13.72
30,117,350.52,87.94,1,33.34,3.43
30,117,350.52,87.94,2,22.74,8.89
30,117,350.52,87.94,3,38.20,16.59
30,117,350.52,87.94,4,1.42,24.56
30,118,111.70,207.90,0,0.29,13.72
30,118,111.70,207.90,1,33.34,3.43
30,118,111.70,207.90,2,22.74,8.89
30,118,111.70,207.90,3,38.20,16.59
30,118,111.70,207.90,4,1.42,24.56
30,119,306.96,82.44,0,0.29,13.72
30,119,306.96,82.44,1,33.34,3.43
30,119,306.96,82.44,2,22.74,8.89
30,119,306.96,82.44,3,38.20,16.59
30,119,306.96,82.44,4,1.42,24.56
30,120,182.83,251.23,0,0.29,13.72
30,120,182.83,251.23,1,33.34,3.43
30,120,182.83,251.23,2,22.74,8.89
30,120,182.83,251.23,3,38.20,16.59
30,120,182.83,251.23,4,1.42,24.56
30,121,103.25,105.83,0,0.29,13.72
30,121,103.25,105.83,1,33.34,3.43
30,121,103.25,105.83,2,22.74,8.89
30,121,103.25,105.83,3,38.20,16.59
30,121,103.25,105.83,4,1.42,24.56
30,122,161.49,223.83,0,0.29,13.72
30,122,161.49,223.83,1,33.34,3.43
30,122,161.49,223.83,2,22.74,8.89
30,122,161.49,223.83,3,38.20,16.59
30,122,161.49,223.83,4,1.42,24.56
30,123,173.58,313.99,0,0.29,13.72
30,123,173.58,313.99,1,33.34,3.43
30,123,173.58,313.99,2,22.74,8.89
30,123,173.58,313.99,3,38.20,16.59
30,123,173.58,313.99,4,1.42,24.56
30,124,114.18,12.90,0,0.29,13.72
30,124,114.18,12.90,1,33.34,3.43
30,124,114.18,12.90,2,22.74,8.89
30,124,114.18,12.90,3,38.20,16.59
30,124,114.18,12.90,4,1.42,24.56
30,125,368.57,73.81,0,0.29,13.72
30,125,368.57,73.81,1,33.34,3.43
30,125,368.57,73.81,2,22.74,8.89
30,125,368.57,73.81,3,38.20,16.59
30,125,368.57,73.81,4,1.42,24.56
30,126,38.86,64.56,0,0.29,13.72
30,126,38.86,64.56,1,33.34,3.43
30,126,38.86,64.56,2,22.74,8.89
30,126,38.86,64.56,3,38.20,16.59
30,126,38.86,64.56,4,1.42,24.56
30,127,27.49,395.26,0,0.29,13.72
30,127,27.49,395.26,1,33.34,3.43
30,127,27.49,395.26,2,22.74,8.89
30,127,27.49,395.26,3,38.20,16.59
30,127,27.49,395.26,4,1.42,24.56
30,128,249.41,359.14,0,0.29,13.72
30,128,249.41,359.14,1,33.34,3.43
30,128,249.41,359.14,2,22.74,8.89
30,128,249.41,359.14,3,38.20,16.59
30,128,249.41,359.14,4,1.42,24.56
30,129,262.07,167.12,0,0.29,13.72
30,129,262.07,167.12,1,33.34,3.43
30,129,262.07,167.12,2,22.74,8.89
30,129,262.07,167.12,3,38.20,16.59
30,129,262.07,167.12,4,1.42,24.56
30,130,380.94,197.95,0,0.29,13.72
30,130,380.94,197.95,1,33.34,3.43
30,130,380.94,197.95,2,22.74,8.89
30,130,380.94,197.95,3,38.20,16.59
30,130,380.94,197.95,4,1.42,24.56
30,131,277.66,50.49,0,0.29,13.72
30,131,277.66,50.49,1,33.34,3.43
30,131,277.66,50.49,2,22.74,8.89
30,131,277.66,50.49,3,38.20,16.59
30,131,277.66,50.49,4,1.42,24.56
30,132,357.71,329.13,0,0.29,13.72
30,132,357.71,329.13,1,33.34,3.43
30,132,357.71,329.13,2,22.74,8.89
30,132,357.71,329.13,3,38.20,16.59
30,132,357.71,329.13,4,1.42,24.56
30,133,4.38,133.37,0,0.29,13.72
30,133,4.38,133.37,1,33.34,3.43
30,133,4.38,133.37,2,22.74,8.89
30,133,4.38,133.37,3,38.20,16.59
30,133,4.38,133.37,4,1.42,24.56
30,134,368.43,48.61,0,0.29,13.72
30,134,368.43,48.61,1,33.34,3.43
30,134,368.43,48.61,2,22.74,8.89
30,134,368.43,48.61,3,38.20,16.59
30,134,368.43,48.61,4,1.42,24.56
30,135,100.11,231.24,0,0.29,13.72
30,135,100.11,231.24,1,33.34,3.43
30,135,100.11,231.24,2,22.74,8.89
30,135,100.11,231.24,3,38.20,16.59
30,135,100.11,231.24,4,1.42,24.56
30,136,334.85,61.87,0,0.29,13.72
30,136,334.85,61.87,1,33.34,3.43
30,136,334.85,61.87,2,22.74,8.89
30,136,334.85,61.87,3,38.20,16.59
30,136,334.85,61.87,4,1.42,24.56
30,137,272.17,42.85,0,0.29,13.72
30,137,272.17,42.85,1,33.34,3.43
30,137,272.17,42.85,2,22.74,8.89
30,137,272.17,42.85,3,38.20,16.59
30,137,272.17,42.85,4,1.42,24.56
30,138,271.22,78.04,0,0.29,13.72
30,138,271.22,78.04,1,33.34,3.43
30,138,271.22,78.04,2,22.74,8.89
30,138,271.22,78.04,3,38.20,16.59
30,138,271.22,78.04,4,1.42,24.56
30,139,358.62,72.28,0,0.29,13.72
30,139,358.62,72.28,1,33.34,3.43
30,139,358.62,72.28,2,22.74,8.89
30,139,358.62,72.28,3,38.20,16.59
30,139,358.62,72.28,4,1.42,24.56
30,140,373.82,11.56,0,0.29,13.72
30,140,373.82,11.56,1,33.34,3.43
30,140,373.82,11.56,2,22.74,8.89
30,140,373.82,11.56,3,38.20,16.59
30,140,373.82,11.56,4,1.42,24.56
30,141,362.15,373.00,0,0.29,13.72
30,141,362.15,373.00,1,33.34,3.43
30,141,362.15,373.00,2,22.74,8.89
30,141,362.15,373.00,3,38.20,16.59
30,141,362.15,373.00,4,1.42,24.56
30,142,248.32,159.09,0,0.29,13.72
30,142,248.32,159.09,1,33.34,3.43
30,142,248.32,159.09,2,22.74,8.89
30,142,248.32,159.09,3,38.20,16.59
30,142,248.32,159.09,4,1.42,24.56
30,143,351.68,356.02,0,0.29,13.72
30,143,351.68,356.02,1,33.34,3.43
30,143,351.68,356.02,2,22.74,8.89
30,143,351.68,356.02,3,38.20,16.59
30,143,351.68,356.02,4,1.42,24.56
30,144,393.52,191.49,0,0.29,13.72
30,144,393.52,191.49,1,33.34,3.43
30,144,393.52,191.49,2,22.74,8.89
30,144,393.52,191.49,3,38.20,16.59
30,144,393.52,191.49,4,1.42,24.56
30,145,233.91,354.16,0,0.29,13.72
30,145,233.91,354.16,1,33.34,3.43
30,145,233.91,354.16,2,22.74,8.89
30,145,233.91,354.16,3,38.20,16.59
30,145,233.91,354.16,4,1.42,24.56
30,146,130.93,200.38,0,0.29,13.72
30,146,130.93,200.38,1,33.34,3.43
30,146,130.93,200.38,2,22.74,8.89
30,146,130.93,200.38,3,38.20,16.59
30,146,130.93,200.38,4,1.42,24.56
30,147,8.98,229.15,0,0.29,13.72
30,147,8.98,229.15,1,33.34,3.43
30,147,8.98,229.15,2,22.74,8.89
30,147,8.98,229.15,3,38.20,16.59
30,147,8.98,229.15,4,1.42,24.56
30,148,275.94,219.30,0,0.29,13.72
30,148,275.94,219.30,1,33.34,3.43
30,148,275.94,219.30,2,22.74,8.89
30,148,275.94,219.30,3,38.20,16.59
30,148,275.94,219.30,4,1.42,24.56
30,149,338.65,305.22,0,0.29,13.72
30,149,338.65,305.22,1,33.34,3.43
30,149,338.65,305.22,2,22.74,8.89
30,149,338.65,305.22,3,38.20,16.59
30,149,338.65,305.22,4,1.42,24.56
30,150,276.58,133.36,0,0.29,13.72
30,150,276.58,133.36,1,33.34,3.43
30,150,276.58,133.36,2,22.74,8.89
30,150,276.58,133.36,3,38.20,16.59
30,150,276.58,133.36,4,1.42,24.56
30,151,194.31,57.93,0,0.29,13.72
30,151,194.31,57.93,1,33.34,3.43
30,151,194.31,57.93,2,22.74,8.89
30,151,194.31,57.93,3,38.20,16.59
30,151,194.31,57.93,4,1.42,24.56
30,152,34.92,58.11,0,0.29,13.72
30,152,34.92,58.11,1,33.34,3.43
30,152,34.92,58.11,2,22.74,8.89
30,152,34.92,58.11,3,38.20,16.59
30,152,34.92,58.11,4,1.42,24.56
30,153,46.81,132.07,0,0.29,13.72
30,153,46.81,132.07,1,33.34,3.43
30,153,46.81,132.07,2,22.74,8.89
30,153,46.81,132.07,3,38.20,16.59
30,153,46.81,132.07,4,1.42,24.56
30,154,377.90,218.04,0,0.29,13.72
30,154,377.90,218.04,1,33.34,3.43
30,154,377.90,218.04,2,22.74,8.89
30,154,377.90,218.04,3,38.20,16.59
30,154,377.90,218.04,4,1.42,24.56
30,155,191.61,177.63,0,0.29,13.72
30,155,191.61,177.63,1,33.34,3.43
30,155,191.61,177.63,2,22.74,8.89
30,155,191.61,177.63,3,38.20,16.59
30,155,191.61,177.63,4,1.42,24.56
30,156,356.76,341.84,0,0.29,13.72
30,156,356.76,341.84,1,33.34,3.43
30,156,356.76,341.84,2,22.74,8.89
30,156,356.76,341.84,3,38.20,16.59
30,156,356.76,341.84,4,1.42,24.56
30,157,177.99,64.00,0,0.29,13.72
30,157,177.99,64.00,1,33.34,3.43
30,157,177.99,64.00,2,22.74,8.89
30,157,177.99,64.00,3,38.20,16.59
30,157,177.99,64.00,4,1.42,24.56
30,158,215.44,65.94,0,0.29,13.72
30,158,215.44,65.94,1,33.34,3.43
30,158,215.44,65.94,2,22.74,8.89
30,158,215.44,65.94,3,38.20,16.59
30,158,215.44,65.94,4,1.42,24.56
30,159,364.93,335.88,0,0.29,13.72
30,159,364.93,335.88,1,33.34,3.43
30,159,364.93,335.88,2,22.74,8.89
30,159,364.93,335.88,3,38.20,16.59
30,159,364.93,335.88,4,1.42,24.56
30,160,314.16,385.06,0,0.29,13.72
30,160,314.16,385.06,1,33.34,3.43
30,160,314.16,385.06,2,22.74,8.89
30,160,314.16,385.06,3,38.20,16.59
30,160,314.16,385.06,4,1.42,24.56
30,161,165.69,188.36,0,0.29,13.72
30,161,165.69,188.36,1,33.34,3.43
30,161,165.69,188.36,2,22.74,8.89
30,161,165.69,188.36,3,38.20,16.59
30,161,165.69,188.36,4,1.42,24.56
30,162,313.49,345.74,0,0.29,13.72
30,162,313.49,345.74,1,33.34,3.43
30,162,313.49,345.74,2,22.74,8.89
30,162,313.49,345.74,3,38.20,16.59
30,162,313.49,345.74,4,1.42,24.56
30,163,150.78,182.37,0,0.29,13.72
30,163,150.78,182.37,1,33.34,3.43
30,163,150.78,182.37,2,22.74,8.89
30,163,150.78,182.37,3,38.20,16.59
30,163,150.78,182.37,4,1.42,24.56
30,164,44.35,3.25,0,0.29,13.72
30,164,44.35,3.25,1,33.34,3.43
30,164,44.35,3.25,2,22.74,8.89
30,164,44.35,3.25,3,38.20,16.59
30,164,44.35,3.25,4,1.42,24.56
30,165,107.92,41.20,0,0.29,13.72
30,165,107.92,41.20,1,33.34,3.43
30,165,107.92,41.20,2,22.74,8.89
30,165,107.92,41.20,3,38.20,16.59
30,165,107.92,41.20,4,1.42,24.56
30,166,270.35,387.14,0,0.29,13.72
30,166,270.35,387.14,1,33.34,3.43
30,166,270.35,387.14,2,22.74,8.89
30,166,270.35,387.14,3,38.20,16.59
30,166,270.35,387.14,4,1.42,24.56
30,167,394.66,350.36,0,0.29,13.72
30,167,394.66,350.36,1,33.34,3.43
30,167,394.66,350.36,2,22.74,8.89
30,167,394.66,350.36,3,38.20,16.59
30,167,394.66,350.36,4,1.42,24.56
30,168,215.59,255.41,0,0.29,13.72
30,168,215.59,255.41,1,33.34,3.43
30,168,215.59,255.41,2,22.74,8.89
30,168,215.59,255.41,3,38.20,16.59
30,168,215.59,255.41,4,1.42,24.56
30,169,200.22,26.79,0,0.29,13.72
30,169,200.22,26.79,1,33.34,3.43
30,169,200.22,26.79,2,22.74,8.89
30,169,200.22,26.79,3,38.20,16.59
30,169,200.22,26.79,4,1.42,24.56
30,170,274.55,279.37,0,0.29,13.72
30,170,274.55,279.37,1,33.34,3.43
30,170,274.55,279.37,2,22.74,8.89
30,170,274.55,279.37,3,38.20,16.59
30,170,274.55,279.37,4,1.42,24.56
30,171,64.24,128.53,0,0.29,13.72
30,171,64.24,128.53,1,33.34,3.43
30,171,64.24,128.53,2,22.74,8.89
30,171,64.24,128.53,3,38.20,16.59
30,171,64.24,128.53,4,1.42,24.56
30,172,335.72,204.44,0,0.29,13.72
30,172,335.72,204.44,1,33.34,3.43
30,172,335.72,204.44,2,22.74,8.89
30,172,335.72,204.44,3,38.20,16.59
30,172,335.72,204.44,4,1.42,24.56
30,173,390.64,125.37,0,0.29,13.72
30,173,390.64,125.37,1,33.34,3.43
30,173,390.64,125.37,2,22.74,8.89
30,173,390.64,125.37,3,38.20,16.59
30,173,390.64,125.37,4,1.42,24.56
30,174,175.95,217.04,0,0.29,13.72
30,174,175.95,217.04,1,33.34,3.43
30,174,175.95,217.04,2,22.74,8.89
30,174,175.95,217.04,3,38.20,16.59
30,174,175.95,217.04,4,1.42,24.56
30,175,374.76,193.17,0,0.29,13.72
30,175,374.76,193.17,1,33.34,3.43
30,175,374.76,193.17,2,22.74,8.89
30,175,374.76,193.17,3,38.20,16.59
30,175,374.76,193.17,4,1.42,24.56
30,176,50.40,203.21,0,0.29,13.72
30,176,50.40,203.21,1,33.34,3.43
30,176,50.40,203.21,2,22.74,8.89
30,176,50.40,203.21,3,38.20,16.59
30,176,50.40,203.21,4,1.42,24.56
30,177,208.75,276.38,0,0.29,13.72
30,177,208.75,276.38,1,33.34,3.43
30,177,208.75,276.38,2,22.74,8.89
30,177,208.75,276.38,3,38.20,16.59
30,177,208.75,276.38,4,1.42,24.56
30,178,191.12,75.61,0,0.29,13.72
30,178,191.12,75.61,1,33.34,3.43
30,178,191.12,75.61,2,22.74,8.89
30,178,191.12,75.61,3,38.20,16.59
30,178,191.12,75.61,4,1.42,24.56
30,179,59.10,290.11,0,0.29,13.72
30,179,59.10,290.11,1,33.34,3.43
30,179,59.10,290.11,2,22.74,8.89
30,179,59.10,290.11,3,38.20,16.59
30,179,59.10,290.11,4,1.42,24.56
30,180,174.68,195.67,0,0.29,13.72
30,180,174.68,195.67,1,33.34,3.43
30,180,174.68,195.67,2,22.74,8.89
30,180,174.68,195.67,3,38.20,16.59
30,180,174.68,195.67,4,1.42,24.56
30,181,4.05,163.52,0,0.29,13.72
30,181,4.05,163.52,1,33.34,3.43
30,181,4.05,163.52,2,22.74,8.89
30,181,4.05,163.52,3,38.20,16.59
30,181,4.05,163.52,4,1.42,24.56
30,182,37.79,372.49,0,0.29,13.72
30,182,37.79,372.49,1,33.34,3.43
30,182,37.79,372.49,2,22.74,8.89
30,182,37.79,372.49,3,38.20,16.59
30,182,37.79,372.49,4,1.42,24.56
30,183,99.49,139.13,0,0.29,13.72
30,183,99.49,139.13,1,33.34,3.43
30,183,99.49,139.13,2,22.74,8.89
30,183,99.49,139.13,3,38.20,16.59
30,183,99.49,139.13,4,1.42,24.56
30,184,42.93,78.50,0,0.29,13.72
30,184,42.93,78.50,1,33.34,3.43
30,184,42.93,78.50,2,22.74,8.89
30,184,42.93,78.50,3,38.20,16.59
30,184,42.93,78.50,4,1.42,24.56
30,185,109.75,280.55,0,0.29,13.72
30,185,109.75,280.55,1,33.34,3.43
30,185,109.75,280.55,2,22.74,8.89
30,185,109.75,280.55,3,38.20,16.59
30,185,109.75,280.55,4,1.42,24.56
30,186,185.23,98.19,0,0.29,13.72
30,186,185.23,98.19,1,33.34,3.43
30,186,185.23,98.19,2,22.74,8.89
30,186,185.23,98.19,3,38.20,16.59
30,186,185.23,98.19,4,1.42,24.56
30,187,171.01,303.87,0,0.29,13.72
30,187,171.01,303.87,1,33.34,3.43
30,187,171.01,303.87,2,22.74,8.89
30,187,171.01,303.87,3,38.20,16.59
30,187,171.01,303.87,4,1.42,24.56
30,188,259.77,154.71,0,0.29,13.72
30,188,259.77,154.71,1,33.34,3.43
30,188,259.77,154.71,2,22.74,8.89
30,188,259.77,154.71,3,38.20,16.59
30,188,259.77,154.71,4,1.42,24.56
30,189,49.63,239.31,0,0.29,13.72
30,189,49.63,239.31,1,33.34,3.43
30,189,49.63,239.31,2,22.74,8.89
30,189,49.63,239.31,3,38.20,16.59
30,189,49.63,239.31,4,1.42,24.56
30,190,52.27,16.03,0,0.29,13.72
30,190,52.27,16.03,1,33.34,3.43
30,190,52.27,16.03,2,22.74,8.89
30,190,52.27,16.03,3,38.20,16.59
30,190,52.27,16.03,4,1.42,24.56
30,191,92.06,337.83,0,0.29,13.72
30,191,92.06,337.83,1,33.34,3.43
30,191,92.06,337.83,2,22.74,8.89
30,191,92.06,337.83,3,38.20,16.59
30,191,92.06,337.83,4,1.42,24.56
30,192,249.70,60.54,0,0.29,13.72
30,192,249.70,60.54,1,33.34,3.43
30,192,249.70,60.54,2,22.74,8.89
30,192,249.70,60.54,3,38.20,16.59
30,192,249.70,60.54,4,1.42,24.56
30,193,332.85,71.45,0,0.29,13.72
30,193,332.85,71.45,1,33.34,3.43
30,193,332.85,71.45,2,22.74,8.89
30,193,332.85,71.45,3,38.20,16.59
30,193,332.85,71.45,4,1.42,24.56
30,194,10.29,176.96,0,0.29,13.72
30,194,10.29,176.96,1,33.34,3.43
30,194,10.29,176.96,2,22.74,8.89
30,194,10.29,176.96,3,38.20,16.59
30,194,10.29,176.96,4,1.42,24.56
30,195,150.65,340.87,0,0.29,13.72
30,195,150.65,340.87,1,33.34,3.43
30,195,150.65,340.87,2,22.74,8.89
30,195,150.65,340.87,3,38.20,16.59
30,195,150.65,340.87,4,1.42,24.56
30,196,57.77,100.81,0,0.29,13.72
30,196,57.77,100.81,1,33.34,3.43
30,196,57.77,100.81,2,22.74,8.89
30,196,57.77,100.81,3,38.20,16.59
30,196,57.77,100.81,4,1.42,24.56
30,197,376.39,238.36,0,0.29,13.72
30,197,376.39,238.36,1,33.34,3.43
30,197,376.39,238.36,2,22.74,8.89
30,197,376.39,238.36,3,38.20,16.59
30,197,376.39,238.36,4,1.42,24.56
30,198,317.61,142.47,0,0.29,13.72
30,198,317.61,142.47,1,33.34,3.43
30,198,317.61,142.47,2,22.74,8.89
30,198,317.61,142.47,3,38.20,16.59
30,198,317.61,142.47,4,1.42,24.56
30,199,14.12,192.87,0,0.29,13.72
30,199,14.12,192.87,1,33.34,3.43
30,199,14.12,192.87,2,22.74,8.89
30,199,14.12,192.87,3,38.20,16.59
30,199,14.12,192.87,4,1.42,24.56
30,200,4.41,27.98,0,0.29,13.72
30,200,4.41,27.98,1,33.34,3.43
30,200,4.41,27.98,2,22.74,8.89
30,200,4.41,27.98,3,38.20,16.59
30,200,4.41,27.98,4,1.42,24.56
30,201,372.28,103.98,0,0.29,13.72
30,201,372.28,103.98,1,33.34,3.43
30,201,372.28,103.98,2,22.74,8.89
30,201,372.28,103.98,3,38.20,16.59
30,201,372.28,103.98,4,1.42,24.56
30,202,364.91,195.40,0,0.29,13.72
30,202,364.91,195.40,1,33.34,3.43
30,202,364.91,195.40,2,22.74,8.89
30,202,364.91,195.40,3,38.20,16.59
30,202,364.91,195.40,4,1.42,24.56
30,203,332.95,258.38,0,0.29,13.72
30,203,332.95,258.38,1,33.34,3.43
30,203,332.95,258.38,2,22.74,8.89
30,203,332.95,258.38,3,38.20,16.59
30,203,332.95,258.38,4,1.42,24.56
30,204,56.21,302.50,0,0.29,13.72
30,204,56.21,302.50,1,33.34,3.43
30,204,56.21,302.50,2,22.74,8.89
30,204,56.21,302.50,3,38.20,16.59
30,204,56.21,302.50,4,1.42,24.56
30,205,84.78,124.00,0,0.29,13.72
30,205,84.78,124.00,1,33.34,3.43
30,205,84.78,124.00,2,22.74,8.89
30,205,84.78,124.00,3,38.20,16.59
30,205,84.78,124.00,4,1.42,24.56
30,206,223.13,142.42,0,0.29,13.72
30,206,223.13,142.42,1,33.34,3.43
30,206,223.13,142.42,2,22.74,8.89
30,206,223.13,142.42,3,38.20,16.59
30,206,223.13,142.42,4,1.42,24.56
30,207,18.24,241.91,0,0.29,13.72
30,207,18.24,241.91,1,33.34,3.43
30,207,18.24,241.91,2,22.74,8.89
30,207,18.24,241.91,3,38.20,16.59
30,207,18.24,241.91,4,1.42,24.56
30,208,79.17,368.39,0,0.29,13.72
30,208,79.17,368.39,1,33.34,3.43
30,208,79.17,368.39,2,22.74,8.89
30,208,79.17,368.39,3,38.20,16.59
30,208,79.17,368.39,4,1.42,24.56
30,209,361.68,157.61,0,0.29,13.72
30,209,361.68,157.61,1,33.34,3.43
30,209,361.68,157.61,2,22.74,8.89
30,209,361.68,157.61,3,38.20,16.59
30,209,361.68,157.61,4,1.42,24.56
30,210,279.43,104.87,0,0.29,13.72
30,210,279.43,104.87,1,33.34,3.43
30,210,279.43,104.87,2,22.74,8.89
30,210,279.43,104.87,3,38.20,16.59
30,210,279.43,104.87,4,1.42,24.56
30,211,181.63,382.99,0,0.29,13.72
30,211,181.63,382.99,1,33.34,3.43
30,211,181.63,382.99,2,22.74,8.89
30,211,181.63,382.99,3,38.20,16.59
30,211,181.63,382.99,4,1.42,24.56
30,212,381.04,308.85,0,0.29,13.72
30,212,381.04,308.85,1,33.34,3.43
30,212,381.04,308.85,2,22.74,8.89
30,212,381.04,308.85,3,38.20,16.59
30,212,381.04,308.85,4,1.42,24.56
30,213,392.78,328.18,0,0.29,13.72
30,213,392.78,328.18,1,33.34,3.43
30,213,392.78,328.18,2,22.74,8.89
30,213,392.78,328.18,3,38.20,16.59
30,213,392.78,328.18,4,1.42,24.56
30,214,262.38,71.76,0,0.29,13.72
30,214,262.38,71.76,1,33.34,3.43
30,214,262.38,71.76,2,22.74,8.89
30,214,262.38,71.76,3,38.20,16.59
30,214,262.38,71.76,4,1.42,24.56
30,215,289.17,380.46,0,0.29,13.72
30,215,289.17,380.46,1,33.34,3.43
30,215,289.17,380.46,2,22.74,8.89
30,215,289.17,380.46,3,38.20,16.59
30,215,289.17,380.46,4,1.42,24.56
30,216,252.73,380.89,0,0.29,13.72
30,216,252.73,380.89,1,33.34,3.43
30,216,252.73,380.89,2,22.74,8.89
30,216,252.73,380.89,3,38.20,16.59
30,216,252.73,380.89,4,1.42,24.56
30,217,343.13,34.01,0,0.29,13.72
30,217,343.13,34.01,1,33.34,3.43
30,217,343.13,34.01,2,22.74,8.89
30,217,343.13,34.01,3,38.20,16.59
30,217,343.13,34.01,4,1.42,24.56
30,218,295.50,389.31,0,0.29,13.72
30,218,295.50,389.31,1,33.34,3.43
30,218,295.50,389.31,2,22.74,8.89
30,218,295.50,389.31,3,38.20,16.59
30,218,295.50,389.31,4,1.42,24.56
30,219,4.51,65.84,0,0.29,13.72
30,219,4.51,65.84,1,33.34,3.43
30,219,4.51,65.84,2,22.74,8.89
30,219,4.51,65.84,3,38.20,16.59
30,219,4.51,65.84,4,1.42,24.56
30,220,330.39,39.95,0,0.29,13.72
30,220,330.39,39.95,1,33.34,3.43
30,220,330.39,39.95,2,22.74,8.89
30,220,330.39,39.95,3,38.20,16.59
30,220,330.39,39.95,4,1.42,24.56
30,221,308.16,260.50,0,0.29,13.72
30,221,308.16,260.50,1,33.34,3.43
30,221,308.16,260.50,2,22.74,8.89
30,221,308.16,260.50,3,38.20,16.59
30,221,308.16,260.50,4,1.42,24.56
30,222,39.00,352.74,0,0.29,13.72
30,222,39.00,352.74,1,33.34,3.43
30,222,39.00,352.74,2,22.74,8.89
30,222,39.00,352.74,3,38.20,16.59
30,222,39.00,352.74,4,1.42,24.56
30,223,301.08,182.87,0,0.29,13.72
30,223,301.08,182.87,1,33.34,3.43
30,223,301.08,182.87,2,22.74,8.89
30,223,301.08,182.87,3,38.20,16.59
30,223,301.08,182.87,4,1.42,24.56
30,224,361.95,54.10,0,0.29,13.72
30,224,361.95,54.10,1,33.34,3.43
30,224,361.95,54.10,2,22.74,8.89
30,224,361.95,54.10,3,38.20,16.59
30,224,361.95,54.10,4,1.42,24.56
30,225,367.97,244.05,0,0.29,13.72
30,225,367.97,244.05,1,33.34,3.43
30,225,367.97,244.05,2,22.74,8.89
30,225,367.97,244.05,3,38.20,16.59
30,225,367.97,244.05,4,1.42,24.56
30,226,262.64,177.99,0,0.29,13.72
30,226,262.64,177.99,1,33.34,3.43
30,226,262.64,177.99,2,22.74,8.89
30,226,262.64,177.99,3,38.20,16.59
30,226,262.64,177.99,4,1.42,24.56
30,227,139.51,322.76,0,0.29,13.72
30,227,139.51,322.76,1,33.34,3.43
30,227,139.51,322.76,2,22.74,8.89
30,227,139.51,322.76,3,38.20,16.59
30,227,139.51,322.76,4,1.42,24.56
30,228,255.18,24.18,0,0.29,13.72
30,228,255.18,24.18,1,33.34,3.43
30,228,255.18,24.18,2,22.74,8.89
30,228,255.18,24.18,3,38.20,16.59
30,228,255.18,24.18,4,1.42,24.56
30,229,124.26,135.50,0,0.29,13.72
30,229,124.26,135.50,1,33.34,3.43
30,229,124.26,135.50,2,22.74,8.89
30,229,124.26,135.50,3,38.20,16.59
30,229,124.26,135.50,4,1.42,24.56
30,230,152.03,2.73,0,0.29,13.72
30,230,152.03,2.73,1,33.34,3.43
30,230,152.03,2.73,2,22.74,8.89
30,230,152.03,2.73,3,38.20,16.59
30,230,152.03,2.73,4,1.42,24.56
30,231,272.37,330.90,0,0.29,13.72
30,231,272.37,330.90,1,33.34,3.43
30,231,272.37,330.90,2,22.74,8.89
30,231,272.37,330.90,3,38.20,16.59
30,231,272.37,330.90,4,1.42,24.56
30,232,312.16,54.26,0,0.29,13.72
30,232,312.16,54.26,1,33.34,3.43
30,232,312.16,54.26,2,22.74,8.89
30,232,312.16,54.26,3,38.20,16.59
30,232,312.16,54.26,4,1.42,24.56
30,233,371.35,292.58,0,0.29,13.72
30,233,371.35,292.58,1,33.34,3.43
30,233,371.35,292.58,2,22.74,8.89
30,233,371.35,292.58,3,38.20,16.59
30,233,371.35,292.58,4,1.42,24.56
30,234,194.13,91.37,0,0.29,13.72
30,234,194.13,91.37,1,33.34,3.43
30,234,194.13,91.37,2,22.74,8.89
30,234,194.13,91.37,3,38.20,16.59
30,234,194.13,91.37,4,1.42,24.56
30,235,208.75,86.72,0,0.29,13.72
30,235,208.75,86.72,1,33.34,3.43
30,235,208.75,86.72,2,22.74,8.89
30,235,208.75,86.72,3,38.20,16.59
30,235,208.75,86.72,4,1.42,24.56
30,236,243.78,87.40,0,0.29,13.72
30,236,243.78,87.40,1,33.34,3.43
30,236,243.78,87.40,2,22.74,8.89
30,236,243.78,87.40,3,38.20,16.59
30,236,243.78,87.40,4,1.42,24.56
30,237,162.87,197.96,0,0.29,13.72
30,237,162.87,197.96,1,33.34,3.43
30,237,162.87,197.96,2,22.74,8.89
30,237,162.87,197.96,3,38.20,16.59
30,237,162.87,197.96,4,1.42,24.56
30,238,37.08,255.81,0,0.29,13.72
30,238,37.08,255.81,1,33.34,3.43
30,238,37.08,255.81,2,22.74,8.89
30,238,37.08,255.81,3,38.20,16.59
30,238,37.08,255.81,4,1.42,24.56
30,239,166.34,148.01,0,0.29,13.72
30,239,166.34,148.01,1,33.34,3.43
30,239,166.34,148.01,2,22.74,8.89
30,239,166.34,148.01,3,38.20,16.59
30,239,166.34,148.01,4,1.42,24.56
30,240,173.88,228.68,0,0.29,13.72
30,240,173.88,228.68,1,33.34,3.43
30,240,173.88,228.68,2,22.74,8.89
30,240,173.88,228.68,3,38.20,16.59
30,240,173.88,228.68,4,1.42,24.56
30,241,394.43,218.70,0,0.29,13.72
30,241,394.43,218.70,1,33.34,3.43
30,241,394.43,218.70,2,22.74,8.89
30,241,394.43,218.70,3,38.20,16.59
30,241,394.43,218.70,4,1.42,24.56
30,242,192.01,230.00,0,0.29,13.72
30,242,192.01,230.00,1,33.34,3.43
30,242,192.01,230.00,2,22.74,8.89
30,242,192.01,230.00,3,38.20,16.59
30,242,192.01,230.00,4,1.42,24.56
30,243,38.19,235.48,0,0.29,13.72
30,243,38.19,235.48,1,33.34,3.43
30,243,38.19,235.48,2,22.74,8.89
30,243,38.19,235.48,3,38.20,16.59
30,243,38.19,235.48,4,1.42,24.56
30,244,202.83,346.55,0,0.29,13.72
30,244,202.83,346.55,1,33.34,3.43
30,244,202.83,346.55,2,22.74,8.89
30,244,202.83,346.55,3,38.20,16.59
30,244,202.83,346.55,4,1.42,24.56
30,245,183.68,191.02,0,0.29,13.72
30,245,183.68,191.02,1,33.34,3.43
30,245,183.68,191.02,2,22.74,8.89
30,245,183.68,191.02,3,38.20,16.59
30,245,183.68,191.02,4,1.42,24.56
30,246,317.21,270.70,0,0.29,13.72
30,246,317.21,270.70,1,33.34,3.43
30,246,317.21,270.70,2,22.74,8.89
30,246,317.21,270.70,3,38.20,16.59
30,246,317.21,270.70,4,1.42,24.56
30,247,93.28,93.05,0,0.29,13.72
30,247,93.28,93.05,1,33.34,3.43
30,247,93.28,93.05,2,22.74,8.89
30,247,93.28,93.05,3,38.20,16.59
30,247,93.28,93.05,4,1.42,24.56
30,248,392.39,342.86,0,0.29,13.72
30,248,392.39,342.86,1,33.34,3.43
30,248,392.39,342.86,2,22.74,8.89
30,248,392.39,342.86,3,38.20,16.59
30,248,392.39,342.86,4,1.42,24.56
30,249,357.22,380.79,0,0.29,13.72
30,249,357.22,380.79,1,33.34,3.43
30,249,357.22,380.79,2,22.74,8.89
30,249,357.22,380.79,3,38.20,16.59
30,249,357.22,380.79,4,1.42,24.56
30,250,222.72,288.27,0,0.29,13.72
30,250,222.72,288.27,1,33.34,3.43
30,250,222.72,288.27,2,22.74,8.89
30,250,222.72,288.27,3,38.20,16.59
30,250,222.72,288.27,4,1.42,24.56
30,251,125.90,279.54,0,0.29,13.72
30,251,125.90,279.54,1,33.34,3.43
30,251,125.90,279.54,2,22.74,8.89
30,251,125.90,279.54,3,38.20,16.59
30,251,125.90,279.54,4,1.42,24.56
30,252,5.52,37.70,0,0.29,13.72
30,252,5.52,37.70,1,33.34,3.43
30,252,5.52,37.70,2,22.74,8.89
30,252,5.52,37.70,3,38.20,16.59
30,252,5.52,37.70,4,1.42,24.56
30,253,291.28,177.30,0,0.29,13.72
30,253,291.28,177.30,1,33.34,3.43
30,253,291.28,177.30,2,22.74,8.89
30,253,291.28,177.30,3,38.20,16.59
30,253,291.28,177.30,4,1.42,24.56
30,254,347.48,100.79,0,0.29,13.72
30,254,347.48,100.79,1,33.34,3.43
30,254,347.48,100.79,2,22.74,8.89
30,254,347.48,100.79,3,38.20,16.59
30,254,347.48,100.79,4,1.42,24.56
30,255,31.93,276.01,0,0.29,13.72
30,255,31.93,276.01,1,33.34,3.43
30,255,31.93,276.01,2,22.74,8.89
30,255,31.93,276.01,3,38.20,16.59
30,255,31.93,276.01,4,1.42,24.56
30,256,75.59,68.03,0,0.29,13.72
30,256,75.59,68.03,1,33.34,3.43
30,256,75.59,68.03,2,22.74,8.89
30,256,75.59,68.03,3,38.20,16.59
30,256,75.59,68.03,4,1.42,24.56
30,257,336.40,153.44,0,0.29,13.72
30,257,336.40,153.44,1,33.34,3.43
30,257,336.40,153.44,2,22.74,8.89
30,257,336.40,153.44,3,38.20,16.59
30,257,336.40,153.44,4,1.42,24.56
30,258,344.16,71.79,0,0.29,13.72
30,258,344.16,71.79,1,33.34,3.43
30,258,344.16,71.79,2,22.74,8.89
30,258,344.16,71.79,3,38.20,16.59
30,258,344.16,71.79,4,1.42,24.56
30,259,89.47,72.62,0,0.29,13.72
30,259,89.47,72.62,1,33.34,3.43
30,259,89.47,72.62,2,22.74,8.89
30,259,89.47,72.62,3,38.20,16.59
30,259,89.47,72.62,4,1.42,24.56
30,260,286.28,388.11,0,0.29,13.72
30,260,286.28,388.11,1,33.34,3.43
30,260,286.28,388.11,2,22.74,8.89
30,260,286.28,388.11,3,38.20,16.59
30,260,286.28,388.11,4,1.42,24.56
30,261,98.14,390.07,0,0.29,13.72
30,261,98.14,390.07,1,33.34,3.43
30,261,98.14,390.07,2,22.74,8.89
30,261,98.14,390.07,3,38.20,16.59
30,261,98.14,390.07,4,1.42,24.56
30,262,128.54,75.79,0,0.29,13.72
30,262,128.54,75.79,1,33.34,3.43
30,262,128.54,75.79,2,22.74,8.89
30,262,128.54,75.79,3,38.20,16.59
30,262,128.54,75.79,4,1.42,24.56
30,263,130.13,54.84,0,0.29,13.72
30,263,130.13,54.84,1,33.34,3.43
30,263,130.13,54.84,2,22.74,8.89
30,263,130.13,54.84,3,38.20,16.59
30,263,130.13,54.84,4,1.42,24.56
30,264,17.07,160.02,0,0.29,13.72
30,264,17.07,160.02,1,33.34,3.43
30,264,17.07,160.02,2,22.74,8.89
30,264,17.07,160.02,3,38.20,16.59
30,264,17.07,160.02,4,1.42,24.56
30,265,239.37,296.77,0,0.29,13.72
30,265,239.37,296.77,1,33.34,3.43
30,265,239.37,296.77,2,22.74,8.89
30,265,239.37,296.77,3,38.20,16.59
30,265,239.37,296.77,4,1.42,24.56
30,266,149.03,281.65,0,0.29,13.72
30,266,149.03,281.65,1,33.34,3.43
30,266,149.03,281.65,2,22.74,8.89
30,266,149.03,281.65,3,38.20,16.59
30,266,149.03,281.65,4,1.42,24.56
30,267,142.06,27.89,0,0.29,13.72
30,267,142.06,27.89,1,33.34,3.43
30,267,142.06,27.89,2,22.74,8.89
30,267,142.06,27.89,3,38.20,16.59
30,267,142.06,27.89,4,1.42,24.56
30,268,146.55,113.61,0,0.29,13.72
30,268,146.55,113.61,1,33.34,3.43
30,268,146.55,113.61,2,22.74,8.89
30,268,146.55,113.61,3,38.20,16.59
30,268,146.55,113.61,4,1.42,24.56
30,269,2.55,183.12,0,0.29,13.72
30,269,2.55,183.12,1,33.34,3.43
30,269,2.55,183.12,2,22.74,8.89
30,269,2.55,183.12,3,38.20,16.59
30,269,2.55,183.12,4,1.42,24.56
30,270,79.88,267.36,0,0.29,13.72
30,270,79.88,267.36,1,33.34,3.43
30,270,79.88,267.36,2,22.74,8.89
30,270,79.88,267.36,3,38.20,16.59
30,270,79.88,267.36,4,1.42,24.56
30,271,8.56,116.95,0,0.29,13.72
30,271,8.56,116.95,1,33.34,3.43
30,271,8.56,116.95,2,22.74,8.89
30,271,8.56,116.95,3,38.20,16.59
30,271,8.56,116.95,4,1.42,24.56
30,272,63.59,277.47,0,0.29,13.72
30,272,63.59,277.47,1,33.34,3.43
30,272,63.59,277.47,2,22.74,8.89
30,272,63.59,277.47,3,38.20,16.59
30,272,63.59,277.47,4,1.42,24.56
30,273,29.02,228.25,0,0.29,13.72
30,273,29.02,228.25,1,33.34,3.43
30,273,29.02,228.25,2,22.74,8.89
30,273,29.02,228.25,3,38.20,16.59
30,273,29.02,228.25,4,1.42,24.56
30,274,102.14,4.49,0,0.29,13.72
30,274,102.14,4.49,1,33.34,3.43
30,274,102.14,4.49,2,22.74,8.89
30,274,102.14,4.49,3,38.20,16.59
30,274,102.14,4.49,4,1.42,24.56
30,275,278.11,228.01,0,0.29,13.72
30,275,278.11,228.01,1,33.34,3.43
30,275,278.11,228.01,2,22.74,8.89
30,275,278.11,228.01,3,38.20,16.59
30,275,278.11,228.01,4,1.42,24.56
30,276,267.07,251.88,0,0.29,13.72
30,276,267.07,251.88,1,33.34,3.43
30,276,267.07,251.88,2,22.74,8.89
30,276,267.07,251.88,3,38.20,16.59
30,276,267.07,251.88,4,1.42,24.56
30,277,241.37,193.80,0,0.29,13.72
30,277,241.37,193.80,1,33.34,3.43
30,277,241.37,193.80,2,22.74,8.89
30,277,241.37,193.80,3,38.20,16.59
30,277,241.37,193.80,4,1.42,24.56
30,278,98.52,393.98,0,0.29,13.72
30,278,98.52,393.98,1,33.34,3.43
30,278,98.52,393.98,2,22.74,8.89
30,278,98.52,393.98,3,38.20,16.59
30,278,98.52,393.98,4,1.42,24.56
30,279,242.43,384.63,0,0.29,13.72
30,279,242.43,384.63,1,33.34,3.43
30,279,242.43,384.63,2,22.74,8.89
30,279,242.43,384.63,3,38.20,16.59
30,279,242.43,384.63,4,1.42,24.56
30,280,344.39,208.23,0,0.29,13.72
30,280,344.39,208.23,1,33.34,3.43
30,280,344.39,208.23,2,22.74,8.89
30,280,344.39,208.23,3,38.20,16.59
30,280,344.39,208.23,4,1.42,24.56
30,281,205.54,19.52,0,0.29,13.72
30,281,205.54,19.52,1,33.34,3.43
30,281,205.54,19.52,2,22.74,8.89
30,281,205.54,19.52,3,38.20,16.59
30,281,205.54,19.52,4,1.42,24.56
30,282,301.08,163.85,0,0.29,13.72
30,282,301.08,163.85,1,33.34,3.43
30,282,301.08,163.85,2,22.74,8.89
30,282,301.08,163.85,3,38.20,16.59
30,282,301.08,163.85,4,1.42,24.56
30,283,299.02,146.78,0,0.29,13.72
30,283,299.02,146.78,1,33.34,3.43
30,283,299.02,146.78,2,22.74,8.89
30,283,299.02,146.78,3,38.20,16.59
30,283,299.02,146.78,4,1.42,24.56
30,284,181.41,91.25,0,0.29,13.72
30,284,181.41,91.25,1,33.34,3.43
30,284,181.41,91.25,2,22.74,8.89
30,284,181.41,91.25,3,38.20,16.59
30,284,181.41,91.25,4,1.42,24.56
30,285,231.39,345.00,0,0.29,13.72
30,285,231.39,345.00,1,33.34,3.43
30,285,231.39,345.00,2,22.74,8.89
30,285,231.39,345.00,3,38.20,16.59
30,285,231.39,345.00,4,1.42,24.56
30,286,270.55,317.49,0,0.29,13.72
30,286,270.55,317.49,1,33.34,3.43
30,286,270.55,317.49,2,22.74,8.89
30,286,270.55,317.49,3,38.20,16.59
30,286,270.55,317.49,4,1.42,24.56
30,287,371.13,158.65,0,0.29,13.72
30,287,371.13,158.65,1,33.34,3.43
30,287,371.13,158.65,2,22.74,8.89
30,287,371.13,158.65,3,38.20,16.59
30,287,371.13,158.65,4,1.42,24.56
30,288,118.02,10.73,0,0.29,13.72
30,288,118.02,10.73,1,33.34,3.43
30,288,118.02,10.73,2,22.74,8.89
30,288,118.02,10.73,3,38.20,16.59
30,288,118.02,10.73,4,1.42,24.56
30,289,80.18,309.58,0,0.29,13.72
30,289,80.18,309.58,1,33.34,3.43
30,289,80.18,309.58,2,22.74,8.89
30,289,80.18,309.58,3,38.20,16.59
30,289,80.18,309.58,4,1.42,24.56
30,290,274.14,289.84,0,0.29,13.72
30,290,274.14,289.84,1,33.34,3.43
30,290,274.14,289.84,2,22.74,8.89
30,290,274.14,289.84,3,38.20,16.59
30,290,274.14,289.84,4,1.42,24.56
30,291,72.48,5.52,0,0.29,13.72
30,291,72.48,5.52,1,33.34,3.43
30,291,72.48,5.52,2,22.74,8.89
30,291,72.48,5.52,3,38.20,16.59
30,291,72.48,5.52,4,1.42,24.56
30,292,264.25,306.93,0,0.29,13.72
30,292,264.25,306.93,1,33.34,3.43
30,292,264.25,306.93,2,22.74,8.89
30,292,264.25,306.93,3,38.20,16.59
30,292,264.25,306.93,4,1.42,24.56
30,293,190.75,145.12,0,0.29,13.72
30,293,190.75,145.12,1,33.34,3.43
30,293,190.75,145.12,2,22.74,8.89
30,293,190.75,145.12,3,38.20,16.59
30,293,190.75,145.12,4,1.42,24.56
30,294,130.54,346.12,0,0.29,13.72
30,294,130.54,346.12,1,33.34,3.43
30,294,130.54,346.12,2,22.74,8.89
30,294,130.54,346.12,3,38.20,16.59
30,294,130.54,346.12,4,1.42,24.56
30,295,343.71,194.74,0,0.29,13.72
30,295,343.71,194.74,1,33.34,3.43
30,295,343.71,194.74,2,22.74,8.89
30,295,343.71,194.74,3,38.20,16.59
30,295,343.71,194.74,4,1.42,24.56
30,296,310.46,47.24,0,0.29,13.72
30,296,310.46,47.24,1,33.34,3.43
30,296,310.46,47.24,2,22.74,8.89
30,296,310.46,47.24,3,38.20,16.59
30,296,310.46,47.24,4,1.42,24.56
30,297,370.32,91.15,0,0.29,13.72
30,297,370.32,91.15,1,33.34,3.43
30,297,370.32,91.15,2,22.74,8.89
30,297,370.32,91.15,3,38.20,16.59
30,297,370.32,91.15,4,1.42,24.56
30,298,324.91,60.30,0,0.29,13.72
30,298,324.91,60.30,1,33.34,3.43
30,298,324.91,60.30,2,22.74,8.89
30,298,324.91,60.30,3,38.20,16.59
30,298,324.91,60.30,4,1.42,24.56
30,299,39.50,126.68,0,0.29,13.72
30,299,39.50,126.68,1,33.34,3.43
30,299,39.50,126.68,2,22.74,8.89
30,299,39.50,126.68,3,38.20,16.59
30,299,39.50,126.68,4,1.42,24.56
30,300,212.57,333.49,0,0.29,13.72
30,300,212.57,333.49,1,33.34,3.43
30,300,212.57,333.49,2,22.74,8.89
30,300,212.57,333.49,3,38.20,16.59
30,300,212.57,333.49,4,1.42,24.56
40,1,237.50,102.96,0,0.18,11.96
40,1,237.50,102.96,1,35.23,1.41
40,1,237.50,102.96,2,20.47,9.63
40,1,237.50,102.96,3,34.81,18.91
40,1,237.50,102.96,4,2.02,28.38
40,2,45.63,57.83,0,0.18,11.96
40,2,45.63,57.83,1,35.23,1.41
40,2,45.63,57.83,2,20.47,9.63
40,2,45.63,57.83,3,34.81,18.91
40,2,45.63,57.83,4,2.02,28.38
40,3,186.03,280.10,0,0.18,11.96
40,3,186.03,280.10,1,35.23,1.41
40,3,186.03,280.10,2,20.47,9.63
40,3,186.03,280.10,3,34.81,18.91
40,3,186.03,280.10,4,2.02,28.38
40,4,255.31,81.62,0,0.18,11.96
40,4,255.31,81.62,1,35.23,1.41
40,4,255.31,81.62,2,20.47,9.63
40,4,255.31,81.62,3,34.81,18.91
40,4,255.31,81.62,4,2.02,28.38
40,5,13.07,307.87,0,0.18,11.96
40,5,13.07,307.87,1,35.23,1.41
40,5,13.07,307.87,2,20.47,9.63
40,5,13.07,307.87,3,34.81,18.91
40,5,13.07,307.87,4,2.02,28.38
40,6,97.02,269.28,0,0.18,11.96
40,6,97.02,269.28,1,35.23,1.41
40,6,97.02,269.28,2,20.47,9.63
40,6,97.02,269.28,3,34.81,18.91
40,6,97.02,269.28,4,2.02,28.38
40,7,93.89,102.76,0,0.18,11.96
40,7,93.89,102.76,1,35.23,1.41
40,7,93.89,102.76,2,20.47,9.63
40,7,93.89,102.76,3,34.81,18.91
40,7,93.89,102.76,4,2.02,28.38
40,8,169.88,381.12,0,0.18,11.96
40,8,169.88,381.12,1,35.23,1.41
40,8,169.88,381.12,2,20.47,9.63
40,8,169.88,381.12,3,34.81,18.91
40,8,169.88,381.12,4,2.02,28.38
40,9,232.48,208.69,0,0.18,11.96
40,9,232.48,208.69,1,35.23,1.41
40,9,232.48,208.69,2,20.47,9.63
40,9,232.48,208.69,3,34.81,18.91
40,9,232.48,208.69,4,2.02,28.38
40,10,385.38,156.94,0,0.18,11.96
40,10,385.38,156.94,1,35.23,1.41
40,10,385.38,156.94,2,20.47,9.63
40,10,385.38,156.94,3,34.81,18.91
40,10,385.38,156.94,4,2.02,28.38
40,11,138.84,125.19,0,0.18,11.96
40,11,138.84,125.19,1,35.23,1.41
40,11,138.84,125.19,2,20.47,9.63
40,11,138.84,125.19,3,34.81,18.91
40,11,138.84,125.19,4,2.02,28.38
40,12,237.48,68.93,0,0.18,11.96
40,12,237.48,68.93,1,35.23,1.41
40,12,237.48,68.93,2,20.47,9.63
40,12,237.48,68.93,3,34.81,18.91
40,12,237.48,68.93,4,2.02,28.38
40,13,123.10,71.26,0,0.18,11.96
40,13,123.10,71.26,1,35.23,1.41
40,13,123.10,71.26,2,20.47,9.63
40,13,123.10,71.26,3,34.81,18.91
40,13,123.10,71.26,4,2.02,28.38
40,14,4.42,381.16,0,0.18,11.96
40,14,4.42,381.16,1,35.23,1.41
40,14,4.42,381.16,2,20.47,9.63
40,14,4.42,381.16,3,34.81,18.91
40,14,4.42,381.16,4,2.02,28.38
40,15,3.23,321.93,0,0.18,11.96
40,15,3.23,321.93,1,35.23,1.41
40,15,3.23,321.93,2,20.47,9.63
40,15,3.23,321.93,3,34.81,18.91
40,15,3.23,321.93,4,2.02,28.38
40,16,325.06,317.35,0,0.18,11.96
40,16,325.06,317.35,1,35.23,1.41
40,16,325.06,317.35,2,20.47,9.63
40,16,325.06,317.35,3,34.81,18.91
40,16,325.06,317.35,4,2.02,28.38
40,17,380.49,176.90,0,0.18,11.96
40,17,380.49,176.90,1,35.23,1.41
40,17,380.49,176.90,2,20.47,9.63
40,17,380.49,176.90,3,34.81,18.91
40,17,380.49,176.90,4,2.02,28.38
40,18,192.27,368.15,0,0.18,11.96
40,18,192.27,368.15,1,35.23,1.41
40,18,192.27,368.15,2,20.47,9.63
40,18,192.27,368.15,3,34.81,18.91
40,18,192.27,368.15,4,2.02,28.38
40,19,79.79,317.93,0,0.18,11.96
40,19,79.79,317.93,1,35.23,1.41
40,19,79.79,317.93,2,20.47,9.63
40,19,79.79,317.93,3,34.81,18.91
40,19,79.79,317.93,4,2.02,28.38
40,20,206.64,367.45,0,0.18,11.96
40,20,206.64,367.45,1,35.23,1.41
40,20,206.64,367.45,2,20.47,9.63
40,20,206.64,367.45,3,34.81,18.91
40,20,206.64,367.45,4,2.02,28.38
40,21,391.90,107.86,0,0.18,11.96
40,21,391.90,107.86,1,35.23,1.41
40,21,391.90,107.86,2,20.47,9.63
40,21,391.90,107.86,3,34.81,18.91
40,21,391.90,107.86,4,2.02,28.38
40,22,261.86,373.73,0,0.18,11.96
40,22,261.86,373.73,1,35.23,1.41
40,22,261.86,373.73,2,20.47,9.63
40,22,261.86,373.73,3,34.81,18.91
40,22,261.86,373.73,4,2.02,28.38
40,23,343.84,288.68,0,0.18,11.96
40,23,343.84,288.68,1,35.23,1.41
40,23,343.84,288.68,2,20.47,9.63
40,23,343.84,288.68,3,34.81,18.91
40,23,343.84,288.68,4,2.02,28.38
40,24,117.68,43.35,0,0.18,11.96
40,24,117.68,43.35,1,35.23,1.41
40,24,117.68,43.35,2,20.47,9.63
40,24,117.68,43.35,3,34.81,18.91
40,24,117.68,43.35,4,2.02,28.38
40,25,89.23,352.74,0,0.18,11.96
40,25,89.23,352.74,1,35.23,1.41
40,25,89.23,352.74,2,20.47,9.63
40,25,89.23,352.74,3,34.81,18.91
40,25,89.23,352.74,4,2.02,28.38
40,26,292.07,7.26,0,0.18,11.96
40,26,292.07,7.26,1,35.23,1.41
40,26,292.07,7.26,2,20.47,9.63
40,26,292.07,7.26,3,34.81,18.91
40,26,292.07,7.26,4,2.02,28.38
40,27,244.88,79.23,0,0.18,11.96
40,27,244.88,79.23,1,35.23,1.41
40,27,244.88,79.23,2,20.47,9.63
40,27,244.88,79.23,3,34.81,18.91
40,27,244.88,79.23,4,2.02,28.38
40,28,386.08,369.73,0,0.18,11.96
40,28,386.08,369.73,1,35.23,1.41
40,28,386.08,369.73,2,20.47,9.63
40,28,386.08,369.73,3,34.81,18.91
40,28,386.08,369.73,4,2.02,28.38
40,29,157.19,247.26,0,0.18,11.96
40,29,157.19,247.26,1,35.23,1.41
40,29,157.19,247.26,2,20.47,9.63
40,29,157.19,247.26,3,34.81,18.91
40,29,157.19,247.26,4,2.02,28.38
40,30,384.64,182.71,0,0.18,11.96
40,30,384.64,182.71,1,35.23,1.41
40,30,384.64,182.71,2,20.47,9.63
40,30,384.64,182.71,3,34.81,18.91
40,30,384.64,182.71,4,2.02,28.38
40,31,188.75,12.37,0,0.18,11.96
40,31,188.75,12.37,1,35.23,1.41
40,31,188.75,12.37,2,20.47,9.63
40,31,188.75,12.37,3,34.81,18.91
40,31,188.75,12.37,4,2.02,28.38
40,32,235.53,61.82,0,0.18,11.96
40,32,235.53,61.82,1,35.23,1.41
40,32,235.53,61.82,2,20.47,9.63
40,32,235.53,61.82,3,34.81,18.91
40,32,235.53,61.82,4,2.02,28.38
40,33,40.50,249.59,0,0.18,11.96
40,33,40.50,249.59,1,35.23,1.41
40,33,40.50,249.59,2,20.47,9.63
40,33,40.50,249.59,3,34.81,18.91
40,33,40.50,249.59,4,2.02,28.38
40,34,158.16,105.16,0,0.18,11.96
40,34,158.16,105.16,1,35.23,1.41
40,34,158.16,105.16,2,20.47,9.63
40,34,158.16,105.16,3,34.81,18.91
40,34,158.16,105.16,4,2.02,28.38
40,35,301.16,212.49,0,0.18,11.96
40,35,301.16,212.49,1,35.23,1.41
40,35,301.16,212.49,2,20.47,9.63
40,35,301.16,212.49,3,34.81,18.91
40,35,301.16,212.49,4,2.02,28.38
40,36,119.18,316.69,0,0.18,11.96
40,36,119.18,316.69,1,35.23,1.41
40,36,119.18,316.69,2,20.47,9.63
40,36,119.18,316.69,3,34.81,18.91
40,36,119.18,316.69,4,2.02,28.38
40,37,291.94,298.36,0,0.18,11.96
40,37,291.94,298.36,1,35.23,1.41
40,37,291.94,298.36,2,20.47,9.63
40,37,291.94,298.36,3,34.81,18.91
40,37,291.94,298.36,4,2.02,28.38
40,38,137.72,233.52,0,0.18,11.96
40,38,137.72,233.52,1,35.23,1.41
40,38,137.72,233.52,2,20.47,9.63
40,38,137.72,233.52,3,34.81,18.91
40,38,137.72,233.52,4,2.02,28.38
40,39,119.06,195.99,0,0.18,11.96
40,39,119.06,195.99,1,35.23,1.41
40,39,119.06,195.99,2,20.47,9.63
40,39,119.06,195.99,3,34.81,18.91
40,39,119.06,195.99,4,2.02,28.38
40,40,294.38,97.23,0,0.18,11.96
40,40,294.38,97.23,1,35.23,1.41
40,40,294.38,97.23,2,20.47,9.63
40,40,294.38,97.23,3,34.81,18.91
40,40,294.38,97.23,4,2.02,28.38
40,41,242.44,305.99,0,0.18,11.96
40,41,242.44,305.99,1,35.23,1.41
40,41,242.44,305.99,2,20.47,9.63
40,41,242.44,305.99,3,34.81,18.91
40,41,242.44,305.99,4,2.02,28.38
40,42,356.77,255.46,0,0.18,11.96
40,42,356.77,255.46,1,35.23,1.41
40,42,356.77,255.46,2,20.47,9.63
40,42,356.77,255.46,3,34.81,18.91
40,42,356.77,255.46,4,2.02,28.38
40,43,219.02,54.83,0,0.18,11.96
40,43,219.02,54.83,1,35.23,1.41
40,43,219.02,54.83,2,20.47,9.63
40,43,219.02,54.83,3,34.81,18.91
40,43,219.02,54.83,4,2.02,28.38
40,44,343.93,214.30,0,0.18,11.96
40,44,343.93,214.30,1,35.23,1.41
40,44,343.93,214.30,2,20.47,9.63
40,44,343.93,214.30,3,34.81,18.91
40,44,343.93,214.30,4,2.02,28.38
40,45,239.91,83.01,0,0.18,11.96
40,45,239.91,83.01,1,35.23,1.41
40,45,239.91,83.01,2,20.47,9.63
40,45,239.91,83.01,3,34.81,18.91
40,45,239.91,83.01,4,2.02,28.38
40,46,88.96,384.98,0,0.18,11.96
40,46,88.96,384.98,1,35.23,1.41
40,46,88.96,384.98,2,20.47,9.63
40,46,88.96,384.98,3,34.81,18.91
40,46,88.96,384.98,4,2.02,28.38
40,47,66.74,283.02,0,0.18,11.96
40,47,66.74,283.02,1,35.23,1.41
40,47,66.74,283.02,2,20.47,9.63
40,47,66.74,283.02,3,34.81,18.91
40,47,66.74,283.02,4,2.02,28.38
40,48,326.17,199.72,0,0.18,11.96
40,48,326.17,199.72,1,35.23,1.41
40,48,326.17,199.72,2,20.47,9.63
40,48,326.17,199.72,3,34.81,18.91
40,48,326.17,199.72,4,2.02,28.38
40,49,185.48,151.72,0,0.18,11.96
40,49,185.48,151.72,1,35.23,1.41
40,49,185.48,151.72,2,20.47,9.63
40,49,185.48,151.72,3,34.81,18.91
40,49,185.48,151.72,4,2.02,28.38
40,50,300.23,331.99,0,0.18,11.96
40,50,300.23,331.99,1,35.23,1.41
40,50,300.23,331.99,2,20.47,9.63
40,50,300.23,331.99,3,34.81,18.91
40,50,300.23,331.99,4,2.02,28.38
40,51,31.06,354.42,0,0.18,11.96
40,51,31.06,354.42,1,35.23,1.41
40,51,31.06,354.42,2,20.47,9.63
40,51,31.06,354.42,3,34.81,18.91
40,51,31.06,354.42,4,2.02,28.38
40,52,208.58,115.94,0,0.18,11.96
40,52,208.58,115.94,1,35.23,1.41
40,52,208.58,115.94,2,20.47,9.63
40,52,208.58,115.94,3,34.81,18.91
40,52,208.58,115.94,4,2.02,28.38
40,53,252.18,249.86,0,0.18,11.96
40,53,252.18,249.86,1,35.23,1.41
40,53,252.18,249.86,2,20.47,9.63
40,53,252.18,249.86,3,34.81,18.91
40,53,252.18,249.86,4,2.02,28.38
40,54,324.51,36.86,0,0.18,11.96
40,54,324.51,36.86,1,35.23,1.41
40,54,324.51,36.86,2,20.47,9.63
40,54,324.51,36.86,3,34.81,18.91
40,54,324.51,36.86,4,2.02,28.38
40,55,249.31,265.63,0,0.18,11.96
40,55,249.31,265.63,1,35.23,1.41
40,55,249.31,265.63,2,20.47,9.63
40,55,249.31,265.63,3,34.81,18.91
40,55,249.31,265.63,4,2.02,28.38
40,56,293.83,159.50,0,0.18,11.96
40,56,293.83,159.50,1,35.23,1.41
40,56,293.83,159.50,2,20.47,9.63
40,56,293.83,159.50,3,34.81,18.91
40,56,293.83,159.50,4,2.02,28.38
40,57,106.24,180.97,0,0.18,11.96
40,57,106.24,180.97,1,35.23,1.41
40,57,106.24,180.97,2,20.47,9.63
40,57,106.24,180.97,3,34.81,18.91
40,57,106.24,180.97,4,2.02,28.38
40,58,339.63,195.60,0,0.18,11.96
40,58,339.63,195.60,1,35.23,1.41
40,58,339.63,195.60,2,20.47,9.63
40,58,339.63,195.60,3,34.81,18.91
40,58,339.63,195.60,4,2.02,28.38
40,59,68.61,149.94,0,0.18,11.96
40,59,68.61,149.94,1,35.23,1.41
40,59,68.61,149.94,2,20.47,9.63
40,59,68.61,149.94,3,34.81,18.91
40,59,68.61,149.94,4,2.02,28.38
40,60,176.15,263.65,0,0.18,11.96
40,60,176.15,263.65,1,35.23,1.41
40,60,176.15,263.65,2,20.47,9.63
40,60,176.15,263.65,3,34.81,18.91
40,60,176.15,263.65,4,2.02,28.38
40,61,33.43,149.70,0,0.18,11.96
40,61,33.43,149.70,1,35.23,1.41
40,61,33.43,149.70,2,20.47,9.63
40,61,33.43,149.70,3,34.81,18.91
40,61,33.43,149.70,4,2.02,28.38
40,62,47.45,376.53,0,0.18,11.96
40,62,47.45,376.53,1,35.23,1.41
40,62,47.45,376.53,2,20.47,9.63
40,62,47.45,376.53,3,34.81,18.91
40,62,47.45,376.53,4,2.02,28.38
40,63,117.00,171.86,0,0.18,11.96
40,63,117.00,171.86,1,35.23,1.41
40,63,117.00,171.86,2,20.47,9.63
40,63,117.00,171.86,3,34.81,18.91
40,63,117.00,171.86,4,2.02,28.38
40,64,328.02,48.35,0,0.18,11.96
40,64,328.02,48.35,1,35.23,1.41
40,64,328.02,48.35,2,20.47,9.63
40,64,328.02,48.35,3,34.81,18.91
40,64,328.02,48.35,4,2.02,28.38
40,65,327.15,288.73,0,0.18,11.96
40,65,327.15,288.73,1,35.23,1.41
40,65,327.15,288.73,2,20.47,9.63
40,65,327.15,288.73,3,34.81,18.91
40,65,327.15,288.73,4,2.02,28.38
40,66,117.64,389.50,0,0.18,11.96
40,66,117.64,389.50,1,35.23,1.41
40,66,117.64,389.50,2,20.47,9.63
40,66,117.64,389.50,3,34.81,18.91
40,66,117.64,389.50,4,2.02,28.38
40,67,42.17,215.16,0,0.18,11.96
40,67,42.17,215.16,1,35.23,1.41
40,67,42.17,215.16,2,20.47,9.63
40,67,42.17,215.16,3,34.81,18.91
40,67,42.17,215.16,4,2.02,28.38
40,68,234.49,312.38,0,0.18,11.96
40,68,234.49,312.38,1,35.23,1.41
40,68,234.49,312.38,2,20.47,9.63
40,68,234.49,312.38,3,34.81,18.91
40,68,234.49,312.38,4,2.02,28.38
40,69,369.07,366.44,0,0.18,11.96
40,69,369.07,366.44,1,35.23,1.41
40,69,369.07,366.44,2,20.47,9.63
40,69,369.07,366.44,3,34.81,18.91
40,69,369.07,366.44,4,2.02,28.38
40,70,222.08,63.20,0,0.18,11.96
40,70,222.08,63.20,1,35.23,1.41
40,70,222.08,63.20,2,20.47,9.63
40,70,222.08,63.20,3,34.81,18.91
40,70,222.08,63.20,4,2.02,28.38
40,71,49.40,360.58,0,0.18,11.96
40,71,49.40,360.58,1,35.23,1.41
40,71,49.40,360.58,2,20.47,9.63
40,71,49.40,360.58,3,34.81,18.91
40,71,49.40,360.58,4,2.02,28.38
40,72,14.51,393.49,0,0.18,11.96
40,72,14.51,393.49,1,35.23,1.41
40,72,14.51,393.49,2,20.47,9.63
40,72,14.51,393.49,3,34.81,18.91
40,72,14.51,393.49,4,2.02,28.38
40,73,361.18,131.02,0,0.18,11.96
40,73,361.18,131.02,1,35.23,1.41
40,73,361.18,131.02,2,20.47,9.63
40,73,361.18,131.02,3,34.81,18.91
40,73,361.18,131.02,4,2.02,28.38
40,74,230.05,53.78,0,0.18,11.96
40,74,230.05,53.78,1,35.23,1.41
40,74,230.05,53.78,2,20.47,9.63
40,74,230.05,53.78,3,34.81,18.91
40,74,230.05,53.78,4,2.02,28.38
40,75,193.33,69.15,0,0.18,11.96
40,75,193.33,69.15,1,35.23,1.41
40,75,193.33,69.15,2,20.47,9.63
40,75,193.33,69.15,3,34.81,18.91
40,75,193.33,69.15,4,2.02,28.38
40,76,352.80,80.46,0,0.18,11.96
40,76,352.80,80.46,1,35.23,1.41
40,76,352.80,80.46,2,20.47,9.63
40,76,352.80,80.46,3,34.81,18.91
40,76,352.80,80.46,4,2.02,28.38
40,77,104.50,170.86,0,0.18,11.96
40,77,104.50,170.86,1,35.23,1.41
40,77,104.50,170.86,2,20.47,9.63
40,77,104.50,170.86,3,34.81,18.91
40,77,104.50,170.86,4,2.02,28.38
40,78,195.18,393.64,0,0.18,11.96
40,78,195.18,393.64,1,35.23,1.41
40,78,195.18,393.64,2,20.47,9.63
40,78,195.18,393.64,3,34.81,18.91
40,78,195.18,393.64,4,2.02,28.38
40,79,353.14,213.73,0,0.18,11.96
40,79,353.14,213.73,1,35.23,1.41
40,79,353.14,213.73,2,20.47,9.63
40,79,353.14,213.73,3,34.81,18.91
40,79,353.14,213.73,4,2.02,28.38
40,80,377.56,174.87,0,0.18,11.96
40,80,377.56,174.87,1,35.23,1.41
40,80,377.56,174.87,2,20.47,9.63
40,80,377.56,174.87,3,34.81,18.91
40,80,377.56,174.87,4,2.02,28.38
40,81,267.72,347.14,0,0.18,11.96
40,81,267.72,347.14,1,35.23,1.41
40,81,267.72,347.14,2,20.47,9.63
40,81,267.72,347.14,3,34.81,18.91
40,81,267.72,347.14,4,2.02,28.38
40,82,318.16,89.42,0,0.18,11.96
40,82,318.16,89.42,1,35.23,1.41
40,82,318.16,89.42,2,20.47,9.63
40,82,318.16,89.42,3,34.81,18.91
40,82,318.16,89.42,4,2.02,28.38
40,83,151.37,11.66,0,0.18,11.96
40,83,151.37,11.66,1,35.23,1.41
40,83,151.37,11.66,2,20.47,9.63
40,83,151.37,11.66,3,34.81,18.91
40,83,151.37,11.66,4,2.02,28.38
40,84,232.87,287.90,0,0.18,11.96
40,84,232.87,287.90,1,35.23,1.41
40,84,232.87,287.90,2,20.47,9.63
40,84,232.87,287.90,3,34.81,18.91
40,84,232.87,287.90,4,2.02,28.38
40,85,365.05,97.54,0,0.18,11.96
40,85,365.05,97.54,1,35.23,1.41
40,85,365.05,97.54,2,20.47,9.63
40,85,365.05,97.54,3,34.81,18.91
40,85,365.05,97.54,4,2.02,28.38
40,86,7.43,152.23,0,0.18,11.96
40,86,7.43,152.23,1,35.23,1.41
40,86,7.43,152.23,2,20.47,9.63
40,86,7.43,152.23,3,34.81,18.91
40,86,7.43,152.23,4,2.02,28.38
40,87,387.16,55.31,0,0.18,11.96
40,87,387.16,55.31,1,35.23,1.41
40,87,387.16,55.31,2,20.47,9.63
40,87,387.16,55.31,3,34.81,18.91
40,87,387.16,55.31,4,2.02,28.38
40,88,196.54,307.01,0,0.18,11.96
40,88,196.54,307.01,1,35.23,1.41
40,88,196.54,307.01,2,20.47,9.63
40,88,196.54,307.01,3,34.81,18.91
40,88,196.54,307.01,4,2.02,28.38
40,89,315.55,58.99,0,0.18,11.96
40,89,315.55,58.99,1,35.23,1.41
40,89,315.55,58.99,2,20.47,9.63
40,89,315.55,58.99,3,34.81,18.91
40,89,315.55,58.99,4,2.02,28.38
40,90,190.39,29.04,0,0.18,11.96
40,90,190.39,29.04,1,35.23,1.41
40,90,190.39,29.04,2,20.47,9.63
40,90,190.39,29.04,3,34.81,18.91
40,90,190.39,29.04,4,2.02,28.38
40,92,274.57,72.28,0,0.18,11.96
40,92,274.57,72.28,1,35.23,1.41
40,92,274.57,72.28,2,20.47,9.63
40,92,274.57,72.28,3,34.81,18.91
40,92,274.57,72.28,4,2.02,28.38
40,93,251.30,70.22,0,0.18,11.96
40,93,251.30,70.22,1,35.23,1.41
40,93,251.30,70.22,2,20.47,9.63
40,93,251.30,70.22,3,34.81,18.91
40,93,251.30,70.22,4,2.02,28.38
40,94,42.19,357.25,0,0.18,11.96
40,94,42.19,357.25,1,35.23,1.41
40,94,42.19,357.25,2,20.47,9.63
40,94,42.19,357.25,3,34.81,18.91
40,94,42.19,357.25,4,2.02,28.38
40,95,319.98,136.50,0,0.18,11.96
40,95,319.98,136.50,1,35.23,1.41
40,95,319.98,136.50,2,20.47,9.63
40,95,319.98,136.50,3,34.81,18.91
40,95,319.98,136.50,4,2.02,28.38
40,96,81.47,188.10,0,0.18,11.96
40,96,81.47,188.10,1,35.23,1.41
40,96,81.47,188.10,2,20.47,9.63
40,96,81.47,188.10,3,34.81,18.91
40,96,81.47,188.10,4,2.02,28.38
40,97,246.80,180.20,0,0.18,11.96
40,97,246.80,180.20,1,35.23,1.41
40,97,246.80,180.20,2,20.47,9.63
40,97,246.80,180.20,3,34.81,18.91
40,97,246.80,180.20,4,2.02,28.38
40,98,303.25,12.18,0,0.18,11.96
40,98,303.25,12.18,1,35.23,1.41
40,98,303.25,12.18,2,20.47,9.63
40,98,303.25,12.18,3,34.81,18.91
40,98,303.25,12.18,4,2.02,28.38
40,99,376.06,150.59,0,0.18,11.96
40,99,376.06,150.59,1,35.23,1.41
40,99,376.06,150.59,2,20.47,9.63
40,99,376.06,150.59,3,34.81,18.91
40,99,376.06,150.59,4,2.02,28.38
40,100,384.42,167.18,0,0.18,11.96
40,100,384.42,167.18,1,35.23,1.41
40,100,384.42,167.18,2,20.47,9.63
40,100,384.42,167.18,3,34.81,18.91
40,100,384.42,167.18,4,2.02,28.38
40,101,356.01,13.02,0,0.18,11.96
40,101,356.01,13.02,1,35.23,1.41
40,101,356.01,13.02,2,20.47,9.63
40,101,356.01,13.02,3,34.81,18.91
40,101,356.01,13.02,4,2.02,28.38
40,102,73.35,186.01,0,0.18,11.96
40,102,73.35,186.01,1,35.23,1.41
40,102,73.35,186.01,2,20.47,9.63
40,102,73.35,186.01,3,34.81,18.91
40,102,73.35,186.01,4,2.02,28.38
40,103,138.48,393.85,0,0.18,11.96
40,103,138.48,393.85,1,35.23,1.41
40,103,138.48,393.85,2,20.47,9.63
40,103,138.48,393.85,3,34.81,18.91
40,103,138.48,393.85,4,2.02,28.38
40,104,309.96,17.86,0,0.18,11.96
40,104,309.96,17.86,1,35.23,1.41
40,104,309.96,17.86,2,20.47,9.63
40,104,309.96,17.86,3,34.81,18.91
40,104,309.96,17.86,4,2.02,28.38
40,105,61.77,354.51,0,0.18,11.96
40,105,61.77,354.51,1,35.23,1.41
40,105,61.77,354.51,2,20.47,9.63
40,105,61.77,354.51,3,34.81,18.91
40,105,61.77,354.51,4,2.02,28.38
40,106,74.84,226.82,0,0.18,11.96
40,106,74.84,226.82,1,35.23,1.41
40,106,74.84,226.82,2,20.47,9.63
40,106,74.84,226.82,3,34.81,18.91
40,106,74.84,226.82,4,2.02,28.38
40,107,235.58,129.36,0,0.18,11.96
40,107,235.58,129.36,1,35.23,1.41
40,107,235.58,129.36,2,20.47,9.63
40,107,235.58,129.36,3,34.81,18.91
40,107,235.58,129.36,4,2.02,28.38
40,108,7.74,15.56,0,0.18,11.96
40,108,7.74,15.56,1,35.23,1.41
40,108,7.74,15.56,2,20.47,9.63
40,108,7.74,15.56,3,34.81,18.91
40,108,7.74,15.56,4,2.02,28.38
40,109,84.16,289.10,0,0.18,11.96
40,109,84.16,289.10,1,35.23,1.41
40,109,84.16,289.10,2,20.47,9.63
40,109,84.16,289.10,3,34.81,18.91
40,109,84.16,289.10,4,2.02,28.38
40,110,151.45,325.85,0,0.18,11.96
40,110,151.45,325.85,1,35.23,1.41
40,110,151.45,325.85,2,20.47,9.63
40,110,151.45,325.85,3,34.81,18.91
40,110,151.45,325.85,4,2.02,28.38
40,111,350.20,55.47,0,0.18,11.96
40,111,350.20,55.47,1,35.23,1.41
40,111,350.20,55.47,2,20.47,9.63
40,111,350.20,55.47,3,34.81,18.91
40,111,350.20,55.47,4,2.02,28.38
40,112,146.83,96.64,0,0.18,11.96
40,112,146.83,96.64,1,35.23,1.41
40,112,146.83,96.64,2,20.47,9.63
40,112,146.83,96.64,3,34.81,18.91
40,112,146.83,96.64,4,2.02,28.38
40,113,108.40,134.69,0,0.18,11.96
40,113,108.40,134.69,1,35.23,1.41
40,113,108.40,134.69,2,20.47,9.63
40,113,108.40,134.69,3,34.81,18.91
40,113,108.40,134.69,4,2.02,28.38
40,114,140.78,8.88,0,0.18,11.96
40,114,140.78,8.88,1,35.23,1.41
40,114,140.78,8.88,2,20.47,9.63
40,114,140.78,8.88,3,34.81,18.91
40,114,140.78,8.88,4,2.02,28.38
40,115,387.52,254.42,0,0.18,11.96
40,115,387.52,254.42,1,35.23,1.41
40,115,387.52,254.42,2,20.47,9.63
40,115,387.52,254.42,3,34.81,18.91
40,115,387.52,254.42,4,2.02,28.38
40,116,205.25,167.96,0,0.18,11.96
40,116,205.25,167.96,1,35.23,1.41
40,116,205.25,167.96,2,20.47,9.63
40,116,205.25,167.96,3,34.81,18.91
40,116,205.25,167.96,4,2.02,28.38
40,117,349.32,89.50,0,0.18,11.96
40,117,349.32,89.50,1,35.23,1.41
40,117,349.32,89.50,2,20.47,9.63
40,117,349.32,89.50,3,34.81,18.91
40,117,349.32,89.50,4,2.02,28.38
40,118,109.58,208.50,0,0.18,11.96
40,118,109.58,208.50,1,35.23,1.41
40,118,109.58,208.50,2,20.47,9.63
40,118,109.58,208.50,3,34.81,18.91
40,118,109.58,208.50,4,2.02,28.38
40,119,305.07,84.25,0,0.18,11.96
40,119,305.07,84.25,1,35.23,1.41
40,119,305.07,84.25,2,20.47,9.63
40,119,305.07,84.25,3,34.81,18.91
40,119,305.07,84.25,4,2.02,28.38
40,120,183.37,249.40,0,0.18,11.96
40,120,183.37,249.40,1,35.23,1.41
40,120,183.37,249.40,2,20.47,9.63
40,120,183.37,249.40,3,34.81,18.91
40,120,183.37,249.40,4,2.02,28.38
40,121,100.34,107.15,0,0.18,11.96
40,121,100.34,107.15,1,35.23,1.41
40,121,100.34,107.15,2,20.47,9.63
40,121,100.34,107.15,3,34.81,18.91
40,121,100.34,107.15,4,2.02,28.38
40,122,159.48,225.47,0,0.18,11.96
40,122,159.48,225.47,1,35.23,1.41
40,122,159.48,225.47,2,20.47,9.63
40,122,159.48,225.47,3,34.81,18.91
40,122,159.48,225.47,4,2.02,28.38
40,123,174.77,313.66,0,0.18,11.96
40,123,174.77,313.66,1,35.23,1.41
40,123,174.77,313.66,2,20.47,9.63
40,123,174.77,313.66,3,34.81,18.91
40,123,174.77,313.66,4,2.02,28.38
40,124,114.00,13.45,0,0.18,11.96
40,124,114.00,13.45,1,35.23,1.41
40,124,114.00,13.45,2,20.47,9.63
40,124,114.00,13.45,3,34.81,18.91
40,124,114.00,13.45,4,2.02,28.38
40,125,367.90,73.93,0,0.18,11.96
40,125,367.90,73.93,1,35.23,1.41
40,125,367.90,73.93,2,20.47,9.63
40,125,367.90,73.93,3,34.81,18.91
40,125,367.90,73.93,4,2.02,28.38
40,126,37.33,67.58,0,0.18,11.96
40,126,37.33,67.58,1,35.23,1.41
40,126,37.33,67.58,2,20.47,9.63
40,126,37.33,67.58,3,34.81,18.91
40,126,37.33,67.58,4,2.02,28.38
40,127,28.86,393.90,0,0.18,11.96
40,127,28.86,393.90,1,35.23,1.41
40,127,28.86,393.90,2,20.47,9.63
40,127,28.86,393.90,3,34.81,18.91
40,127,28.86,393.90,4,2.02,28.38
40,128,250.34,360.66,0,0.18,11.96
40,128,250.34,360.66,1,35.23,1.41
40,128,250.34,360.66,2,20.47,9.63
40,128,250.34,360.66,3,34.81,18.91
40,128,250.34,360.66,4,2.02,28.38
40,129,262.45,165.13,0,0.18,11.96
40,129,262.45,165.13,1,35.23,1.41
40,129,262.45,165.13,2,20.47,9.63
40,129,262.45,165.13,3,34.81,18.91
40,129,262.45,165.13,4,2.02,28.38
40,130,379.63,197.28,0,0.18,11.96
40,130,379.63,197.28,1,35.23,1.41
40,130,379.63,197.28,2,20.47,9.63
40,130,379.63,197.28,3,34.81,18.91
40,130,379.63,197.28,4,2.02,28.38
40,131,275.36,51.38,0,0.18,11.96
40,131,275.36,51.38,1,35.23,1.41
40,131,275.36,51.38,2,20.47,9.63
40,131,275.36,51.38,3,34.81,18.91
40,131,275.36,51.38,4,2.02,28.38
40,132,357.55,329.42,0,0.18,11.96
40,132,357.55,329.42,1,35.23,1.41
40,132,357.55,329.42,2,20.47,9.63
40,132,357.55,329.42,3,34.81,18.91
40,132,357.55,329.42,4,2.02,28.38
40,133,4.37,132.46,0,0.18,11.96
40,133,4.37,132.46,1,35.23,1.41
40,133,4.37,132.46,2,20.47,9.63
40,133,4.37,132.46,3,34.81,18.91
40,133,4.37,132.46,4,2.02,28.38
40,134,367.87,47.31,0,0.18,11.96
40,134,367.87,47.31,1,35.23,1.41
40,134,367.87,47.31,2,20.47,9.63
40,134,367.87,47.31,3,34.81,18.91
40,134,367.87,47.31,4,2.02,28.38
40,135,97.75,231.52,0,0.18,11.96
40,135,97.75,231.52,1,35.23,1.41
40,135,97.75,231.52,2,20.47,9.63
40,135,97.75,231.52,3,34.81,18.91
40,135,97.75,231.52,4,2.02,28.38
40,136,335.92,58.72,0,0.18,11.96
40,136,335.92,58.72,1,35.23,1.41
40,136,335.92,58.72,2,20.47,9.63
40,136,335.92,58.72,3,34.81,18.91
40,136,335.92,58.72,4,2.02,28.38
40,137,270.98,43.30,0,0.18,11.96
40,137,270.98,43.30,1,35.23,1.41
40,137,270.98,43.30,2,20.47,9.63
40,137,270.98,43.30,3,34.81,18.91
40,137,270.98,43.30,4,2.02,28.38
40,138,268.60,78.34,0,0.18,11.96
40,138,268.60,78.34,1,35.23,1.41
40,138,268.60,78.34,2,20.47,9.63
40,138,268.60,78.34,3,34.81,18.91
40,138,268.60,78.34,4,2.02,28.38
40,139,357.18,72.56,0,0.18,11.96
40,139,357.18,72.56,1,35.23,1.41
40,139,357.18,72.56,2,20.47,9.63
40,139,357.18,72.56,3,34.81,18.91
40,139,357.18,72.56,4,2.02,28.38
40,140,371.86,11.94,0,0.18,11.96
40,140,371.86,11.94,1,35.23,1.41
40,140,371.86,11.94,2,20.47,9.63
40,140,371.86,11.94,3,34.81,18.91
40,140,371.86,11.94,4,2.02,28.38
40,141,361.17,373.00,0,0.18,11.96
40,141,361.17,373.00,1,35.23,1.41
40,141,361.17,373.00,2,20.47,9.63
40,141,361.17,373.00,3,34.81,18.91
40,141,361.17,373.00,4,2.02,28.38
40,142,246.81,156.08,0,0.18,11.96
40,142,246.81,156.08,1,35.23,1.41
40,142,246.81,156.08,2,20.47,9.63
40,142,246.81,156.08,3,34.81,18.91
40,142,246.81,156.08,4,2.02,28.38
40,143,350.71,356.99,0,0.18,11.96
40,143,350.71,356.99,1,35.23,1.41
40,143,350.71,356.99,2,20.47,9.63
40,143,350.71,356.99,3,34.81,18.91
40,143,350.71,356.99,4,2.02,28.38
40,144,392.44,191.01,0,0.18,11.96
40,144,392.44,191.01,1,35.23,1.41
40,144,392.44,191.01,2,20.47,9.63
40,144,392.44,191.01,3,34.81,18.91
40,144,392.44,191.01,4,2.02,28.38
40,145,234.83,355.48,0,0.18,11.96
40,145,234.83,355.48,1,35.23,1.41
40,145,234.83,355.48,2,20.47,9.63
40,145,234.83,355.48,3,34.81,18.91
40,145,234.83,355.48,4,2.02,28.38
40,146,129.10,201.99,0,0.18,11.96
40,146,129.10,201.99,1,35.23,1.41
40,146,129.10,201.99,2,20.47,9.63
40,146,129.10,201.99,3,34.81,18.91
40,146,129.10,201.99,4,2.02,28.38
40,147,9.48,230.97,0,0.18,11.96
40,147,9.48,230.97,1,35.23,1.41
40,147,9.48,230.97,2,20.47,9.63
40,147,9.48,230.97,3,34.81,18.91
40,147,9.48,230.97,4,2.02,28.38
40,148,277.31,217.36,0,0.18,11.96
40,148,277.31,217.36,1,35.23,1.41
40,148,277.31,217.36,2,20.47,9.63
40,148,277.31,217.36,3,34.81,18.91
40,148,277.31,217.36,4,2.02,28.38
40,149,338.53,302.76,0,0.18,11.96
40,149,338.53,302.76,1,35.23,1.41
40,149,338.53,302.76,2,20.47,9.63
40,149,338.53,302.76,3,34.81,18.91
40,149,338.53,302.76,4,2.02,28.38
40,150,276.72,133.30,0,0.18,11.96
40,150,276.72,133.30,1,35.23,1.41
40,150,276.72,133.30,2,20.47,9.63
40,150,276.72,133.30,3,34.81,18.91
40,150,276.72,133.30,4,2.02,28.38
40,151,195.41,61.59,0,0.18,11.96
40,151,195.41,61.59,1,35.23,1.41
40,151,195.41,61.59,2,20.47,9.63
40,151,195.41,61.59,3,34.81,18.91
40,151,195.41,61.59,4,2.02,28.38
40,152,34.98,60.17,0,0.18,11.96
40,152,34.98,60.17,1,35.23,1.41
40,152,34.98,60.17,2,20.47,9.63
40,152,34.98,60.17,3,34.81,18.91
40,152,34.98,60.17,4,2.02,28.38
40,153,44.51,131.87,0,0.18,11.96
40,153,44.51,131.87,1,35.23,1.41
40,153,44.51,131.87,2,20.47,9.63
40,153,44.51,131.87,3,34.81,18.91
40,153,44.51,131.87,4,2.02,28.38
40,154,376.39,216.80,0,0.18,11.96
40,154,376.39,216.80,1,35.23,1.41
40,154,376.39,216.80,2,20.47,9.63
40,154,376.39,216.80,3,34.81,18.91
40,154,376.39,216.80,4,2.02,28.38
40,155,193.25,175.46,0,0.18,11.96
40,155,193.25,175.46,1,35.23,1.41
40,155,193.25,175.46,2,20.47,9.63
40,155,193.25,175.46,3,34.81,18.91
40,155,193.25,175.46,4,2.02,28.38
40,156,354.96,342.92,0,0.18,11.96
40,156,354.96,342.92,1,35.23,1.41
40,156,354.96,342.92,2,20.47,9.63
40,156,354.96,342.92,3,34.81,18.91
40,156,354.96,342.92,4,2.02,28.38
40,157,180.73,65.50,0,0.18,11.96
40,157,180.73,65.50,1,35.23,1.41
40,157,180.73,65.50,2,20.47,9.63
40,157,180.73,65.50,3,34.81,18.91
40,157,180.73,65.50,4,2.02,28.38
40,158,214.38,68.39,0,0.18,11.96
40,158,214.38,68.39,1,35.23,1.41
40,158,214.38,68.39,2,20.47,9.63
40,158,214.38,68.39,3,34.81,18.91
40,158,214.38,68.39,4,2.02,28.38
40,159,365.87,336.33,0,0.18,11.96
40,159,365.87,336.33,1,35.23,1.41
40,159,365.87,336.33,2,20.47,9.63
40,159,365.87,336.33,3,34.81,18.91
40,159,365.87,336.33,4,2.02,28.38
40,160,315.62,384.50,0,0.18,11.96
40,160,315.62,384.50,1,35.23,1.41
40,160,315.62,384.50,2,20.47,9.63
40,160,315.62,384.50,3,34.81,18.91
40,160,315.62,384.50,4,2.02,28.38
40,161,165.45,187.39,0,0.18,11.96
40,161,165.45,187.39,1,35.23,1.41
40,161,165.45,187.39,2,20.47,9.63
40,161,165.45,187.39,3,34.81,18.91
40,161,165.45,187.39,4,2.02,28.38
40,162,314.28,347.31,0,0.18,11.96
40,162,314.28,347.31,1,35.23,1.41
40,162,314.28,347.31,2,20.47,9.63
40,162,314.28,347.31,3,34.81,18.91
40,162,314.28,347.31,4,2.02,28.38
40,163,150.14,183.25,0,0.18,11.96
40,163,150.14,183.25,1,35.23,1.41
40,163,150.14,183.25,2,20.47,9.63
40,163,150.14,183.25,3,34.81,18.91
40,163,150.14,183.25,4,2.02,28.38
40,164,46.13,3.30,0,0.18,11.96
40,164,46.13,3.30,1,35.23,1.41
40,164,46.13,3.30,2,20.47,9.63
40,164,46.13,3.30,3,34.81,18.91
40,164,46.13,3.30,4,2.02,28.38
40,165,107.37,41.56,0,0.18,11.96
40,165,107.37,41.56,1,35.23,1.41
40,165,107.37,41.56,2,20.47,9.63
40,165,107.37,41.56,3,34.81,18.91
40,165,107.37,41.56,4,2.02,28.38
40,166,269.48,387.88,0,0.18,11.96
40,166,269.48,387.88,1,35.23,1.41
40,166,269.48,387.88,2,20.47,9.63
40,166,269.48,387.88,3,34.81,18.91
40,166,269.48,387.88,4,2.02,28.38
40,167,393.34,350.18,0,0.18,11.96
40,167,393.34,350.18,1,35.23,1.41
40,167,393.34,350.18,2,20.47,9.63
40,167,393.34,350.18,3,34.81,18.91
40,167,393.34,350.18,4,2.02,28.38
40,168,214.07,256.93,0,0.18,11.96
40,168,214.07,256.93,1,35.23,1.41
40,168,214.07,256.93,2,20.47,9.63
40,168,214.07,256.93,3,34.81,18.91
40,168,214.07,256.93,4,2.02,28.38
40,169,200.18,28.40,0,0.18,11.96
40,169,200.18,28.40,1,35.23,1.41
40,169,200.18,28.40,2,20.47,9.63
40,169,200.18,28.40,3,34.81,18.91
40,169,200.18,28.40,4,2.02,28.38
40,170,274.65,280.32,0,0.18,11.96
40,170,274.65,280.32,1,35.23,1.41
40,170,274.65,280.32,2,20.47,9.63
40,170,274.65,280.32,3,34.81,18.91
40,170,274.65,280.32,4,2.02,28.38
40,171,62.17,128.24,0,0.18,11.96
40,171,62.17,128.24,1,35.23,1.41
40,171,62.17,128.24,2,20.47,9.63
40,171,62.17,128.24,3,34.81,18.91
40,171,62.17,128.24,4,2.02,28.38
40,172,337.61,203.37,0,0.18,11.96
40,172,337.61,203.37,1,35.23,1.41
40,172,337.61,203.37,2,20.47,9.63
40,172,337.61,203.37,3,34.81,18.91
40,172,337.61,203.37,4,2.02,28.38
40,173,389.48,126.35,0,0.18,11.96
40,173,389.48,126.35,1,35.23,1.41
40,173,389.48,126.35,2,20.47,9.63
40,173,389.48,126.35,3,34.81,18.91
40,173,389.48,126.35,4,2.02,28.38
40,174,177.80,219.28,0,0.18,11.96
40,174,177.80,219.28,1,35.23,1.41
40,174,177.80,219.28,2,20.47,9.63
40,174,177.80,219.28,3,34.81,18.91
40,174,177.80,219.28,4,2.02,28.38
40,175,374.17,191.46,0,0.18,11.96
40,175,374.17,191.46,1,35.23,1.41
40,175,374.17,191.46,2,20.47,9.63
40,175,374.17,191.46,3,34.81,18.91
40,175,374.17,191.46,4,2.02,28.38
40,176,48.82,205.37,0,0.18,11.96
40,176,48.82,205.37,1,35.23,1.41
40,176,48.82,205.37,2,20.47,9.63
40,176,48.82,205.37,3,34.81,18.91
40,176,48.82,205.37,4,2.02,28.38
40,177,209.79,274.64,0,0.18,11.96
40,177,209.79,274.64,1,35.23,1.41
40,177,209.79,274.64,2,20.47,9.63
40,177,209.79,274.64,3,34.81,18.91
40,177,209.79,274.64,4,2.02,28.38
40,178,193.50,77.49,0,0.18,11.96
40,178,193.50,77.49,1,35.23,1.41
40,178,193.50,77.49,2,20.47,9.63
40,178,193.50,77.49,3,34.81,18.91
40,178,193.50,77.49,4,2.02,28.38
40,179,57.21,290.36,0,0.18,11.96
40,179,57.21,290.36,1,35.23,1.41
40,179,57.21,290.36,2,20.47,9.63
40,179,57.21,290.36,3,34.81,18.91
40,179,57.21,290.36,4,2.02,28.38
40,180,174.25,196.42,0,0.18,11.96
40,180,174.25,196.42,1,35.23,1.41
40,180,174.25,196.42,2,20.47,9.63
40,180,174.25,196.42,3,34.81,18.91
40,180,174.25,196.42,4,2.02,28.38
40,181,4.01,162.04,0,0.18,11.96
40,181,4.01,162.04,1,35.23,1.41
40,181,4.01,162.04,2,20.47,9.63
40,181,4.01,162.04,3,34.81,18.91
40,181,4.01,162.04,4,2.02,28.38
40,182,37.65,370.55,0,0.18,11.96
40,182,37.65,370.55,1,35.23,1.41
40,182,37.65,370.55,2,20.47,9.63
40,182,37.65,370.55,3,34.81,18.91
40,182,37.65,370.55,4,2.02,28.38
40,183,96.90,138.91,0,0.18,11.96
40,183,96.90,138.91,1,35.23,1.41
40,183,96.90,138.91,2,20.47,9.63
40,183,96.90,138.91,3,34.81,18.91
40,183,96.90,138.91,4,2.02,28.38
40,184,40.95,80.03,0,0.18,11.96
40,184,40.95,80.03,1,35.23,1.41
40,184,40.95,80.03,2,20.47,9.63
40,184,40.95,80.03,3,34.81,18.91
40,184,40.95,80.03,4,2.02,28.38
40,185,105.73,277.67,0,0.18,11.96
40,185,105.73,277.67,1,35.23,1.41
40,185,105.73,277.67,2,20.47,9.63
40,185,105.73,277.67,3,34.81,18.91
40,185,105.73,277.67,4,2.02,28.38
40,186,187.35,98.26,0,0.18,11.96
40,186,187.35,98.26,1,35.23,1.41
40,186,187.35,98.26,2,20.47,9.63
40,186,187.35,98.26,3,34.81,18.91
40,186,187.35,98.26,4,2.02,28.38
40,187,168.78,303.44,0,0.18,11.96
40,187,168.78,303.44,1,35.23,1.41
40,187,168.78,303.44,2,20.47,9.63
40,187,168.78,303.44,3,34.81,18.91
40,187,168.78,303.44,4,2.02,28.38
40,188,259.83,153.59,0,0.18,11.96
40,188,259.83,153.59,1,35.23,1.41
40,188,259.83,153.59,2,20.47,9.63
40,188,259.83,153.59,3,34.81,18.91
40,188,259.83,153.59,4,2.02,28.38
40,189,47.79,240.95,0,0.18,11.96
40,189,47.79,240.95,1,35.23,1.41
40,189,47.79,240.95,2,20.47,9.63
40,189,47.79,240.95,3,34.81,18.91
40,189,47.79,240.95,4,2.02,28.38
40,190,52.41,16.66,0,0.18,11.96
40,190,52.41,16.66,1,35.23,1.41
40,190,52.41,16.66,2,20.47,9.63
40,190,52.41,16.66,3,34.81,18.91
40,190,52.41,16.66,4,2.02,28.38
40,191,89.76,336.00,0,0.18,11.96
40,191,89.76,336.00,1,35.23,1.41
40,191,89.76,336.00,2,20.47,9.63
40,191,89.76,336.00,3,34.81,18.91
40,191,89.76,336.00,4,2.02,28.38
40,192,247.74,61.94,0,0.18,11.96
40,192,247.74,61.94,1,35.23,1.41
40,192,247.74,61.94,2,20.47,9.63
40,192,247.74,61.94,3,34.81,18.91
40,192,247.74,61.94,4,2.02,28.38
40,193,332.92,70.03,0,0.18,11.96
40,193,332.92,70.03,1,35.23,1.41
40,193,332.92,70.03,2,20.47,9.63
40,193,332.92,70.03,3,34.81,18.91
40,193,332.92,70.03,4,2.02,28.38
40,194,9.95,174.34,0,0.18,11.96
40,194,9.95,174.34,1,35.23,1.41
40,194,9.95,174.34,2,20.47,9.63
40,194,9.95,174.34,3,34.81,18.91
40,194,9.95,174.34,4,2.02,28.38
40,195,149.92,339.87,0,0.18,11.96
40,195,149.92,339.87,1,35.23,1.41
40,195,149.92,339.87,2,20.47,9.63
40,195,149.92,339.87,3,34.81,18.91
40,195,149.92,339.87,4,2.02,28.38
40,196,55.01,101.05,0,0.18,11.96
40,196,55.01,101.05,1,35.23,1.41
40,196,55.01,101.05,2,20.47,9.63
40,196,55.01,101.05,3,34.81,18.91
40,196,55.01,101.05,4,2.02,28.38
40,197,375.41,236.01,0,0.18,11.96
40,197,375.41,236.01,1,35.23,1.41
40,197,375.41,236.01,2,20.47,9.63
40,197,375.41,236.01,3,34.81,18.91
40,197,375.41,236.01,4,2.02,28.38
40,198,318.78,143.38,0,0.18,11.96
40,198,318.78,143.38,1,35.23,1.41
40,198,318.78,143.38,2,20.47,9.63
40,198,318.78,143.38,3,34.81,18.91
40,198,318.78,143.38,4,2.02,28.38
40,199,14.03,193.88,0,0.18,11.96
40,199,14.03,193.88,1,35.23,1.41
40,199,14.03,193.88,2,20.47,9.63
40,199,14.03,193.88,3,34.81,18.91
40,199,14.03,193.88,4,2.02,28.38
40,200,4.35,29.49,0,0.18,11.96
40,200,4.35,29.49,1,35.23,1.41
40,200,4.35,29.49,2,20.47,9.63
40,200,4.35,29.49,3,34.81,18.91
40,200,4.35,29.49,4,2.02,28.38
40,201,372.32,108.04,0,0.18,11.96
40,201,372.32,108.04,1,35.23,1.41
40,201,372.32,108.04,2,20.47,9.63
40,201,372.32,108.04,3,34.81,18.91
40,201,372.32,108.04,4,2.02,28.38
40,202,365.10,193.15,0,0.18,11.96
40,202,365.10,193.15,1,35.23,1.41
40,202,365.10,193.15,2,20.47,9.63
40,202,365.10,193.15,3,34.81,18.91
40,202,365.10,193.15,4,2.02,28.38
40,203,333.38,255.89,0,0.18,11.96
40,203,333.38,255.89,1,35.23,1.41
40,203,333.38,255.89,2,20.47,9.63
40,203,333.38,255.89,3,34.81,18.91
40,203,333.38,255.89,4,2.02,28.38
40,204,53.86,301.48,0,0.18,11.96
40,204,53.86,301.48,1,35.23,1.41
40,204,53.86,301.48,2,20.47,9.63
40,204,53.86,301.48,3,34.81,18.91
40,204,53.86,301.48,4,2.02,28.38
40,205,81.14,125.23,0,0.18,11.96
40,205,81.14,125.23,1,35.23,1.41
40,205,81.14,125.23,2,20.47,9.63
40,205,81.14,125.23,3,34.81,18.91
40,205,81.14,125.23,4,2.02,28.38
40,206,223.29,139.13,0,0.18,11.96
40,206,223.29,139.13,1,35.23,1.41
40,206,223.29,139.13,2,20.47,9.63
40,206,223.29,139.13,3,34.81,18.91
40,206,223.29,139.13,4,2.02,28.38
40,207,17.33,243.70,0,0.18,11.96
40,207,17.33,243.70,1,35.23,1.41
40,207,17.33,243.70,2,20.47,9.63
40,207,17.33,243.70,3,34.81,18.91
40,207,17.33,243.70,4,2.02,28.38
40,208,80.08,366.54,0,0.18,11.96
40,208,80.08,366.54,1,35.23,1.41
40,208,80.08,366.54,2,20.47,9.63
40,208,80.08,366.54,3,34.81,18.91
40,208,80.08,366.54,4,2.02,28.38
40,209,361.94,159.72,0,0.18,11.96
40,209,361.94,159.72,1,35.23,1.41
40,209,361.94,159.72,2,20.47,9.63
40,209,361.94,159.72,3,34.81,18.91
40,209,361.94,159.72,4,2.02,28.38
40,210,278.55,103.97,0,0.18,11.96
40,210,278.55,103.97,1,35.23,1.41
40,210,278.55,103.97,2,20.47,9.63
40,210,278.55,103.97,3,34.81,18.91
40,210,278.55,103.97,4,2.02,28.38
40,211,180.30,382.25,0,0.18,11.96
40,211,180.30,382.25,1,35.23,1.41
40,211,180.30,382.25,2,20.47,9.63
40,211,180.30,382.25,3,34.81,18.91
40,211,180.30,382.25,4,2.02,28.38
40,212,382.28,307.56,0,0.18,11.96
40,212,382.28,307.56,1,35.23,1.41
40,212,382.28,307.56,2,20.47,9.63
40,212,382.28,307.56,3,34.81,18.91
40,212,382.28,307.56,4,2.02,28.38
40,213,391.76,327.01,0,0.18,11.96
40,213,391.76,327.01,1,35.23,1.41
40,213,391.76,327.01,2,20.47,9.63
40,213,391.76,327.01,3,34.81,18.91
40,213,391.76,327.01,4,2.02,28.38
40,214,259.40,71.21,0,0.18,11.96
40,214,259.40,71.21,1,35.23,1.41
40,214,259.40,71.21,2,20.47,9.63
40,214,259.40,71.21,3,34.81,18.91
40,214,259.40,71.21,4,2.02,28.38
40,215,289.15,380.41,0,0.18,11.96
40,215,289.15,380.41,1,35.23,1.41
40,215,289.15,380.41,2,20.47,9.63
40,215,289.15,380.41,3,34.81,18.91
40,215,289.15,380.41,4,2.02,28.38
40,216,253.96,382.04,0,0.18,11.96
40,216,253.96,382.04,1,35.23,1.41
40,216,253.96,382.04,2,20.47,9.63
40,216,253.96,382.04,3,34.81,18.91
40,216,253.96,382.04,4,2.02,28.38
40,217,343.38,33.27,0,0.18,11.96
40,217,343.38,33.27,1,35.23,1.41
40,217,343.38,33.27,2,20.47,9.63
40,217,343.38,33.27,3,34.81,18.91
40,217,343.38,33.27,4,2.02,28.38
40,218,295.49,389.95,0,0.18,11.96
40,218,295.49,389.95,1,35.23,1.41
40,218,295.49,389.95,2,20.47,9.63
40,218,295.49,389.95,3,34.81,18.91
40,218,295.49,389.95,4,2.02,28.38
40,219,4.73,66.88,0,0.18,11.96
40,219,4.73,66.88,1,35.23,1.41
40,219,4.73,66.88,2,20.47,9.63
40,219,4.73,66.88,3,34.81,18.91
40,219,4.73,66.88,4,2.02,28.38
40,220,332.49,39.30,0,0.18,11.96
40,220,332.49,39.30,1,35.23,1.41
40,220,332.49,39.30,2,20.47,9.63
40,220,332.49,39.30,3,34.81,18.91
40,220,332.49,39.30,4,2.02,28.38
40,221,309.38,258.32,0,0.18,11.96
40,221,309.38,258.32,1,35.23,1.41
40,221,309.38,258.32,2,20.47,9.63
40,221,309.38,258.32,3,34.81,18.91
40,221,309.38,258.32,4,2.02,28.38
40,222,37.68,348.55,0,0.18,11.96
40,222,37.68,348.55,1,35.23,1.41
40,222,37.68,348.55,2,20.47,9.63
40,222,37.68,348.55,3,34.81,18.91
40,222,37.68,348.55,4,2.02,28.38
40,223,303.09,182.28,0,0.18,11.96
40,223,303.09,182.28,1,35.23,1.41
40,223,303.09,182.28,2,20.47,9.63
40,223,303.09,182.28,3,34.81,18.91
40,223,303.09,182.28,4,2.02,28.38
40,224,361.58,52.48,0,0.18,11.96
40,224,361.58,52.48,1,35.23,1.41
40,224,361.58,52.48,2,20.47,9.63
40,224,361.58,52.48,3,34.81,18.91
40,224,361.58,52.48,4,2.02,28.38
40,225,368.18,242.81,0,0.18,11.96
40,225,368.18,242.81,1,35.23,1.41
40,225,368.18,242.81,2,20.47,9.63
40,225,368.18,242.81,3,34.81,18.91
40,225,368.18,242.81,4,2.02,28.38
40,226,263.49,176.07,0,0.18,11.96
40,226,263.49,176.07,1,35.23,1.41
40,226,263.49,176.07,2,20.47,9.63
40,226,263.49,176.07,3,34.81,18.91
40,226,263.49,176.07,4,2.02,28.38
40,227,137.58,322.21,0,0.18,11.96
40,227,137.58,322.21,1,35.23,1.41
40,227,137.58,322.21,2,20.47,9.63
40,227,137.58,322.21,3,34.81,18.91
40,227,137.58,322.21,4,2.02,28.38
40,228,255.07,26.21,0,0.18,11.96
40,228,255.07,26.21,1,35.23,1.41
40,228,255.07,26.21,2,20.47,9.63
40,228,255.07,26.21,3,34.81,18.91
40,228,255.07,26.21,4,2.02,28.38
40,229,123.64,134.65,0,0.18,11.96
40,229,123.64,134.65,1,35.23,1.41
40,229,123.64,134.65,2,20.47,9.63
40,229,123.64,134.65,3,34.81,18.91
40,229,123.64,134.65,4,2.02,28.38
40,230,150.20,2.62,0,0.18,11.96
40,230,150.20,2.62,1,35.23,1.41
40,230,150.20,2.62,2,20.47,9.63
40,230,150.20,2.62,3,34.81,18.91
40,230,150.20,2.62,4,2.02,28.38
40,231,272.91,332.39,0,0.18,11.96
40,231,272.91,332.39,1,35.23,1.41
40,231,272.91,332.39,2,20.47,9.63
40,231,272.91,332.39,3,34.81,18.91
40,231,272.91,332.39,4,2.02,28.38
40,232,313.91,52.57,0,0.18,11.96
40,232,313.91,52.57,1,35.23,1.41
40,232,313.91,52.57,2,20.47,9.63
40,232,313.91,52.57,3,34.81,18.91
40,232,313.91,52.57,4,2.02,28.38
40,233,371.12,291.04,0,0.18,11.96
40,233,371.12,291.04,1,35.23,1.41
40,233,371.12,291.04,2,20.47,9.63
40,233,371.12,291.04,3,34.81,18.91
40,233,371.12,291.04,4,2.02,28.38
40,234,197.63,90.64,0,0.18,11.96
40,234,197.63,90.64,1,35.23,1.41
40,234,197.63,90.64,2,20.47,9.63
40,234,197.63,90.64,3,34.81,18.91
40,234,197.63,90.64,4,2.02,28.38
40,235,210.75,86.76,0,0.18,11.96
40,235,210.75,86.76,1,35.23,1.41
40,235,210.75,86.76,2,20.47,9.63
40,235,210.75,86.76,3,34.81,18.91
40,235,210.75,86.76,4,2.02,28.38
40,236,241.87,89.21,0,0.18,11.96
40,236,241.87,89.21,1,35.23,1.41
40,236,241.87,89.21,2,20.47,9.63
40,236,241.87,89.21,3,34.81,18.91
40,236,241.87,89.21,4,2.02,28.38
40,237,162.63,198.39,0,0.18,11.96
40,237,162.63,198.39,1,35.23,1.41
40,237,162.63,198.39,2,20.47,9.63
40,237,162.63,198.39,3,34.81,18.91
40,237,162.63,198.39,4,2.02,28.38
40,238,36.28,255.64,0,0.18,11.96
40,238,36.28,255.64,1,35.23,1.41
40,238,36.28,255.64,2,20.47,9.63
40,238,36.28,255.64,3,34.81,18.91
40,238,36.28,255.64,4,2.02,28.38
40,239,168.37,146.03,0,0.18,11.96
40,239,168.37,146.03,1,35.23,1.41
40,239,168.37,146.03,2,20.47,9.63
40,239,168.37,146.03,3,34.81,18.91
40,239,168.37,146.03,4,2.02,28.38
40,240,172.47,229.37,0,0.18,11.96
40,240,172.47,229.37,1,35.23,1.41
40,240,172.47,229.37,2,20.47,9.63
40,240,172.47,229.37,3,34.81,18.91
40,240,172.47,229.37,4,2.02,28.38
40,241,392.66,216.15,0,0.18,11.96
40,241,392.66,216.15,1,35.23,1.41
40,241,392.66,216.15,2,20.47,9.63
40,241,392.66,216.15,3,34.81,18.91
40,241,392.66,216.15,4,2.02,28.38
40,242,192.31,229.60,0,0.18,11.96
40,242,192.31,229.60,1,35.23,1.41
40,242,192.31,229.60,2,20.47,9.63
40,242,192.31,229.60,3,34.81,18.91
40,242,192.31,229.60,4,2.02,28.38
40,243,36.70,236.61,0,0.18,11.96
40,243,36.70,236.61,1,35.23,1.41
40,243,36.70,236.61,2,20.47,9.63
40,243,36.70,236.61,3,34.81,18.91
40,243,36.70,236.61,4,2.02,28.38
40,244,203.06,346.64,0,0.18,11.96
40,244,203.06,346.64,1,35.23,1.41
40,244,203.06,346.64,2,20.47,9.63
40,244,203.06,346.64,3,34.81,18.91
40,244,203.06,346.64,4,2.02,28.38
40,245,185.22,189.94,0,0.18,11.96
40,245,185.22,189.94,1,35.23,1.41
40,245,185.22,189.94,2,20.47,9.63
40,245,185.22,189.94,3,34.81,18.91
40,245,185.22,189.94,4,2.02,28.38
40,246,317.76,268.43,0,0.18,11.96
40,246,317.76,268.43,1,35.23,1.41
40,246,317.76,268.43,2,20.47,9.63
40,246,317.76,268.43,3,34.81,18.91
40,246,317.76,268.43,4,2.02,28.38
40,247,90.36,95.13,0,0.18,11.96
40,247,90.36,95.13,1,35.23,1.41
40,247,90.36,95.13,2,20.47,9.63
40,247,90.36,95.13,3,34.81,18.91
40,247,90.36,95.13,4,2.02,28.38
40,248,392.86,342.67,0,0.18,11.96
40,248,392.86,342.67,1,35.23,1.41
40,248,392.86,342.67,2,20.47,9.63
40,248,392.86,342.67,3,34.81,18.91
40,248,392.86,342.67,4,2.02,28.38
40,249,354.90,380.23,0,0.18,11.96
40,249,354.90,380.23,1,35.23,1.41
40,249,354.90,380.23,2,20.47,9.63
40,249,354.90,380.23,3,34.81,18.91
40,249,354.90,380.23,4,2.02,28.38
40,250,220.65,288.73,0,0.18,11.96
40,250,220.65,288.73,1,35.23,1.41
40,250,220.65,288.73,2,20.47,9.63
40,250,220.65,288.73,3,34.81,18.91
40,250,220.65,288.73,4,2.02,28.38
40,251,122.89,279.27,0,0.18,11.96
40,251,122.89,279.27,1,35.23,1.41
40,251,122.89,279.27,2,20.47,9.63
40,251,122.89,279.27,3,34.81,18.91
40,251,122.89,279.27,4,2.02,28.38
40,252,5.30,39.68,0,0.18,11.96
40,252,5.30,39.68,1,35.23,1.41
40,252,5.30,39.68,2,20.47,9.63
40,252,5.30,39.68,3,34.81,18.91
40,252,5.30,39.68,4,2.02,28.38
40,253,293.05,177.17,0,0.18,11.96
40,253,293.05,177.17,1,35.23,1.41
40,253,293.05,177.17,2,20.47,9.63
40,253,293.05,177.17,3,34.81,18.91
40,253,293.05,177.17,4,2.02,28.38
40,254,346.32,103.26,0,0.18,11.96
40,254,346.32,103.26,1,35.23,1.41
40,254,346.32,103.26,2,20.47,9.63
40,254,346.32,103.26,3,34.81,18.91
40,254,346.32,103.26,4,2.02,28.38
40,255,31.36,275.48,0,0.18,11.96
40,255,31.36,275.48,1,35.23,1.41
40,255,31.36,275.48,2,20.47,9.63
40,255,31.36,275.48,3,34.81,18.91
40,255,31.36,275.48,4,2.02,28.38
40,256,73.61,69.49,0,0.18,11.96
40,256,73.61,69.49,1,35.23,1.41
40,256,73.61,69.49,2,20.47,9.63
40,256,73.61,69.49,3,34.81,18.91
40,256,73.61,69.49,4,2.02,28.38
40,257,336.67,154.21,0,0.18,11.96
40,257,336.67,154.21,1,35.23,1.41
40,257,336.67,154.21,2,20.47,9.63
40,257,336.67,154.21,3,34.81,18.91
40,257,336.67,154.21,4,2.02,28.38
40,258,345.74,71.08,0,0.18,11.96
40,258,345.74,71.08,1,35.23,1.41
40,258,345.74,71.08,2,20.47,9.63
40,258,345.74,71.08,3,34.81,18.91
40,258,345.74,71.08,4,2.02,28.38
40,259,87.71,73.84,0,0.18,11.96
40,259,87.71,73.84,1,35.23,1.41
40,259,87.71,73.84,2,20.47,9.63
40,259,87.71,73.84,3,34.81,18.91
40,259,87.71,73.84,4,2.02,28.38
40,260,287.10,387.22,0,0.18,11.96
40,260,287.10,387.22,1,35.23,1.41
40,260,287.10,387.22,2,20.47,9.63
40,260,287.10,387.22,3,34.81,18.91
40,260,287.10,387.22,4,2.02,28.38
40,261,97.53,389.50,0,0.18,11.96
40,261,97.53,389.50,1,35.23,1.41
40,261,97.53,389.50,2,20.47,9.63
40,261,97.53,389.50,3,34.81,18.91
40,261,97.53,389.50,4,2.02,28.38
40,262,130.43,76.43,0,0.18,11.96
40,262,130.43,76.43,1,35.23,1.41
40,262,130.43,76.43,2,20.47,9.63
40,262,130.43,76.43,3,34.81,18.91
40,262,130.43,76.43,4,2.02,28.38
40,263,131.84,55.54,0,0.18,11.96
40,263,131.84,55.54,1,35.23,1.41
40,263,131.84,55.54,2,20.47,9.63
40,263,131.84,55.54,3,34.81,18.91
40,263,131.84,55.54,4,2.02,28.38
40,264,16.50,158.26,0,0.18,11.96
40,264,16.50,158.26,1,35.23,1.41
40,264,16.50,158.26,2,20.47,9.63
40,264,16.50,158.26,3,34.81,18.91
40,264,16.50,158.26,4,2.02,28.38
40,265,239.29,296.98,0,0.18,11.96
40,265,239.29,296.98,1,35.23,1.41
40,265,239.29,296.98,2,20.47,9.63
40,265,239.29,296.98,3,34.81,18.91
40,265,239.29,296.98,4,2.02,28.38
40,266,147.36,280.57,0,0.18,11.96
40,266,147.36,280.57,1,35.23,1.41
40,266,147.36,280.57,2,20.47,9.63
40,266,147.36,280.57,3,34.81,18.91
40,266,147.36,280.57,4,2.02,28.38
40,267,145.12,29.12,0,0.18,11.96
40,267,145.12,29.12,1,35.23,1.41
40,267,145.12,29.12,2,20.47,9.63
40,267,145.12,29.12,3,34.81,18.91
40,267,145.12,29.12,4,2.02,28.38
40,268,150.45,112.45,0,0.18,11.96
40,268,150.45,112.45,1,35.23,1.41
40,268,150.45,112.45,2,20.47,9.63
40,268,150.45,112.45,3,34.81,18.91
40,268,150.45,112.45,4,2.02,28.38
40,269,2.38,184.36,0,0.18,11.96
40,269,2.38,184.36,1,35.23,1.41
40,269,2.38,184.36,2,20.47,9.63
40,269,2.38,184.36,3,34.81,18.91
40,269,2.38,184.36,4,2.02,28.38
40,270,77.82,267.47,0,0.18,11.96
40,270,77.82,267.47,1,35.23,1.41
40,270,77.82,267.47,2,20.47,9.63
40,270,77.82,267.47,3,34.81,18.91
40,270,77.82,267.47,4,2.02,28.38
40,271,7.25,118.67,0,0.18,11.96
40,271,7.25,118.67,1,35.23,1.41
40,271,7.25,118.67,2,20.47,9.63
40,271,7.25,118.67,3,34.81,18.91
40,271,7.25,118.67,4,2.02,28.38
40,272,61.29,276.22,0,0.18,11.96
40,272,61.29,276.22,1,35.23,1.41
40,272,61.29,276.22,2,20.47,9.63
40,272,61.29,276.22,3,34.81,18.91
40,272,61.29,276.22,4,2.02,28.38
40,273,28.12,230.16,0,0.18,11.96
40,273,28.12,230.16,1,35.23,1.41
40,273,28.12,230.16,2,20.47,9.63
40,273,28.12,230.16,3,34.81,18.91
40,273,28.12,230.16,4,2.02,28.38
40,274,102.14,4.99,0,0.18,11.96
40,274,102.14,4.99,1,35.23,1.41
40,274,102.14,4.99,2,20.47,9.63
40,274,102.14,4.99,3,34.81,18.91
40,274,102.14,4.99,4,2.02,28.38
40,275,280.45,225.91,0,0.18,11.96
40,275,280.45,225.91,1,35.23,1.41
40,275,280.45,225.91,2,20.47,9.63
40,275,280.45,225.91,3,34.81,18.91
40,275,280.45,225.91,4,2.02,28.38
40,276,267.66,250.51,0,0.18,11.96
40,276,267.66,250.51,1,35.23,1.41
40,276,267.66,250.51,2,20.47,9.63
40,276,267.66,250.51,3,34.81,18.91
40,276,267.66,250.51,4,2.02,28.38
40,277,243.75,192.49,0,0.18,11.96
40,277,243.75,192.49,1,35.23,1.41
40,277,243.75,192.49,2,20.47,9.63
40,277,243.75,192.49,3,34.81,18.91
40,277,243.75,192.49,4,2.02,28.38
40,278,97.87,393.53,0,0.18,11.96
40,278,97.87,393.53,1,35.23,1.41
40,278,97.87,393.53,2,20.47,9.63
40,278,97.87,393.53,3,34.81,18.91
40,278,97.87,393.53,4,2.02,28.38
40,279,242.46,382.27,0,0.18,11.96
40,279,242.46,382.27,1,35.23,1.41
40,279,242.46,382.27,2,20.47,9.63
40,279,242.46,382.27,3,34.81,18.91
40,279,242.46,382.27,4,2.02,28.38
40,280,346.22,205.17,0,0.18,11.96
40,280,346.22,205.17,1,35.23,1.41
40,280,346.22,205.17,2,20.47,9.63
40,280,346.22,205.17,3,34.81,18.91
40,280,346.22,205.17,4,2.02,28.38
40,281,205.78,21.52,0,0.18,11.96
40,281,205.78,21.52,1,35.23,1.41
40,281,205.78,21.52,2,20.47,9.63
40,281,205.78,21.52,3,34.81,18.91
40,281,205.78,21.52,4,2.02,28.38
40,282,304.03,164.16,0,0.18,11.96
40,282,304.03,164.16,1,35.23,1.41
40,282,304.03,164.16,2,20.47,9.63
40,282,304.03,164.16,3,34.81,18.91
40,282,304.03,164.16,4,2.02,28.38
40,283,300.88,146.93,0,0.18,11.96
40,283,300.88,146.93,1,35.23,1.41
40,283,300.88,146.93,2,20.47,9.63
40,283,300.88,146.93,3,34.81,18.91
40,283,300.88,146.93,4,2.02,28.38
40,284,185.05,91.73,0,0.18,11.96
40,284,185.05,91.73,1,35.23,1.41
40,284,185.05,91.73,2,20.47,9.63
40,284,185.05,91.73,3,34.81,18.91
40,284,185.05,91.73,4,2.02,28.38
40,285,232.31,345.73,0,0.18,11.96
40,285,232.31,345.73,1,35.23,1.41
40,285,232.31,345.73,2,20.47,9.63
40,285,232.31,345.73,3,34.81,18.91
40,285,232.31,345.73,4,2.02,28.38
40,286,271.24,318.74,0,0.18,11.96
40,286,271.24,318.74,1,35.23,1.41
40,286,271.24,318.74,2,20.47,9.63
40,286,271.24,318.74,3,34.81,18.91
40,286,271.24,318.74,4,2.02,28.38
40,287,372.49,161.10,0,0.18,11.96
40,287,372.49,161.10,1,35.23,1.41
40,287,372.49,161.10,2,20.47,9.63
40,287,372.49,161.10,3,34.81,18.91
40,287,372.49,161.10,4,2.02,28.38
40,288,119.47,8.40,0,0.18,11.96
40,288,119.47,8.40,1,35.23,1.41
40,288,119.47,8.40,2,20.47,9.63
40,288,119.47,8.40,3,34.81,18.91
40,288,119.47,8.40,4,2.02,28.38
40,289,78.95,307.95,0,0.18,11.96
40,289,78.95,307.95,1,35.23,1.41
40,289,78.95,307.95,2,20.47,9.63
40,289,78.95,307.95,3,34.81,18.91
40,289,78.95,307.95,4,2.02,28.38
40,290,274.24,290.55,0,0.18,11.96
40,290,274.24,290.55,1,35.23,1.41
40,290,274.24,290.55,2,20.47,9.63
40,290,274.24,290.55,3,34.81,18.91
40,290,274.24,290.55,4,2.02,28.38
40,291,74.60,5.80,0,0.18,11.96
40,291,74.60,5.80,1,35.23,1.41
40,291,74.60,5.80,2,20.47,9.63
40,291,74.60,5.80,3,34.81,18.91
40,291,74.60,5.80,4,2.02,28.38
40,292,263.50,305.57,0,0.18,11.96
40,292,263.50,305.57,1,35.23,1.41
40,292,263.50,305.57,2,20.47,9.63
40,292,263.50,305.57,3,34.81,18.91
40,292,263.50,305.57,4,2.02,28.38
40,293,190.94,143.13,0,0.18,11.96
40,293,190.94,143.13,1,35.23,1.41
40,293,190.94,143.13,2,20.47,9.63
40,293,190.94,143.13,3,34.81,18.91
40,293,190.94,143.13,4,2.02,28.38
40,294,128.70,346.39,0,0.18,11.96
40,294,128.70,346.39,1,35.23,1.41
40,294,128.70,346.39,2,20.47,9.63
40,294,128.70,346.39,3,34.81,18.91
40,294,128.70,346.39,4,2.02,28.38
40,295,346.26,192.65,0,0.18,11.96
40,295,346.26,192.65,1,35.23,1.41
40,295,346.26,192.65,2,20.47,9.63
40,295,346.26,192.65,3,34.81,18.91
40,295,346.26,192.65,4,2.02,28.38
40,296,312.37,45.85,0,0.18,11.96
40,296,312.37,45.85,1,35.23,1.41
40,296,312.37,45.85,2,20.47,9.63
40,296,312.37,45.85,3,34.81,18.91
40,296,312.37,45.85,4,2.02,28.38
40,297,369.97,92.46,0,0.18,11.96
40,297,369.97,92.46,1,35.23,1.41
40,297,369.97,92.46,2,20.47,9.63
40,297,369.97,92.46,3,34.81,18.91
40,297,369.97,92.46,4,2.02,28.38
40,298,326.37,58.16,0,0.18,11.96
40,298,326.37,58.16,1,35.23,1.41
40,298,326.37,58.16,2,20.47,9.63
40,298,326.37,58.16,3,34.81,18.91
40,298,326.37,58.16,4,2.02,28.38
40,299,36.28,126.96,0,0.18,11.96
40,299,36.28,126.96,1,35.23,1.41
40,299,36.28,126.96,2,20.47,9.63
40,299,36.28,126.96,3,34.81,18.91
40,299,36.28,126.96,4,2.02,28.38
40,300,213.22,333.79,0,0.18,11.96
40,300,213.22,333.79,1,35.23,1.41
40,300,213.22,333.79,2,20.47,9.63
40,300,213.22,333.79,3,34.81,18.91
40,300,213.22,333.79,4,2.02,28.38
50,1,232.96,102.09,0,0.07,10.20
50,1,232.96,102.09,1,37.12,0.60
50,1,232.96,102.09,2,20.07,9.89
50,1,232.96,102.09,3,34.73,19.92
50,1,232.96,102.09,4,2.63,32.19
50,2,42.53,60.32,0,0.07,10.20
50,2,42.53,60.32,1,37.12,0.60
50,2,42.53,60.32,2,20.07,9.89
50,2,42.53,60.32,3,34.73,19.92
50,2,42.53,60.32,4,2.63,32.19
50,3,185.88,279.79,0,0.07,10.20
50,3,185.88,279.79,1,37.12,0.60
50,3,185.88,279.79,2,20.07,9.89
50,3,185.88,279.79,3,34.73,19.92
50,3,185.88,279.79,4,2.63,32.19
50,4,251.75,83.68,0,0.07,10.20
50,4,251.75,83.68,1,37.12,0.60
50,4,251.75,83.68,2,20.07,9.89
50,4,251.75,83.68,3,34.73,19.92
50,4,251.75,83.68,4,2.63,32.19
50,5,14.34,304.79,0,0.07,10.20
50,5,14.34,304.79,1,37.12,0.60
50,5,14.34,304.79,2,20.07,9.89
50,5,14.34,304.79,3,34.73,19.92
50,5,14.34,304.79,4,2.63,32.19
50,6,94.33,270.15,0,0.07,10.20
50,6,94.33,270.15,1,37.12,0.60
50,6,94.33,270.15,2,20.07,9.89
50,6,94.33,270.15,3,34.73,19.92
50,6,94.33,270.15,4,2.63,32.19
50,7,91.53,102.29,0,0.07,10.20
50,7,91.53,102.29,1,37.12,0.60
50,7,91.53,102.29,2,20.07,9.89
50,7,91.53,102.29,3,34.73,19.92
50,7,91.53,102.29,4,2.63,32.19
50,8,169.47,381.51,0,0.07,10.20
50,8,169.47,381.51,1,37.12,0.60
50,8,169.47,381.51,2,20.07,9.89
50,8,169.47,381.51,3,34.73,19.92
50,8,169.47,381.51,4,2.63,32.19
50,9,235.71,208.77,0,0.07,10.20
50,9,235.71,208.77,1,37.12,0.60
50,9,235.71,208.77,2,20.07,9.89
50,9,235.71,208.77,3,34.73,19.92
50,9,235.71,208.77,4,2.63,32.19
50,10,384.55,159.02,0,0.07,10.20
50,10,384.55,159.02,1,37.12,0.60
50,10,384.55,159.02,2,20.07,9.89
50,10,384.55,159.02,3,34.73,19.92
50,10,384.55,159.02,4,2.63,32.19
50,11,142.07,124.52,0,0.07,10.20
50,11,142.07,124.52,1,37.12,0.60
50,11,142.07,124.52,2,20.07,9.89
50,11,142.07,124.52,3,34.73,19.92
50,11,142.07,124.52,4,2.63,32.19
50,12,235.82,70.35,0,0.07,10.20
50,12,235.82,70.35,1,37.12,0.60
50,12,235.82,70.35,2,20.07,9.89
50,12,235.82,70.35,3,34.73,19.92
50,12,235.82,70.35,4,2.63,32.19
50,13,125.61,72.58,0,0.07,10.20
50,13,125.61,72.58,1,37.12,0.60
50,13,125.61,72.58,2,20.07,9.89
50,13,125.61,72.58,3,34.73,19.92
50,13,125.61,72.58,4,2.63,32.19
50,14,4.93,380.19,0,0.07,10.20
50,14,4.93,380.19,1,37.12,0.60
50,14,4.93,380.19,2,20.07,9.89
50,14,4.93,380.19,3,34.73,19.92
50,14,4.93,380.19,4,2.63,32.19
50,15,4.25,317.80,0,0.07,10.20
50,15,4.25,317.80,1,37.12,0.60
50,15,4.25,317.80,2,20.07,9.89
50,15,4.25,317.80,3,34.73,19.92
50,15,4.25,317.80,4,2.63,32.19
50,16,324.10,312.99,0,0.07,10.20
50,16,324.10,312.99,1,37.12,0.60
50,16,324.10,312.99,2,20.07,9.89
50,16,324.10,312.99,3,34.73,19.92
50,16,324.10,312.99,4,2.63,32.19
50,17,378.18,179.72,0,0.07,10.20
50,17,378.18,179.72,1,37.12,0.60
50,17,378.18,179.72,2,20.07,9.89
50,17,378.18,179.72,3,34.73,19.92
50,17,378.18,179.72,4,2.63,32.19
50,18,193.45,365.95,0,0.07,10.20
50,18,193.45,365.95,1,37.12,0.60
50,18,193.45,365.95,2,20.07,9.89
50,18,193.45,365.95,3,34.73,19.92
50,18,193.45,365.95,4,2.63,32.19
50,19,78.85,316.34,0,0.07,10.20
50,19,78.85,316.34,1,37.12,0.60
50,19,78.85,316.34,2,20.07,9.89
50,19,78.85,316.34,3,34.73,19.92
50,19,78.85,316.34,4,2.63,32.19
50,20,206.05,368.32,0,0.07,10.20
50,20,206.05,368.32,1,37.12,0.60
50,20,206.05,368.32,2,20.07,9.89
50,20,206.05,368.32,3,34.73,19.92
50,20,206.05,368.32,4,2.63,32.19
50,21,390.32,110.79,0,0.07,10.20
50,21,390.32,110.79,1,37.12,0.60
50,21,390.32,110.79,2,20.07,9.89
50,21,390.32,110.79,3,34.73,19.92
50,21,390.32,110.79,4,2.63,32.19
50,22,262.48,373.33,0,0.07,10.20
50,22,262.48,373.33,1,37.12,0.60
50,22,262.48,373.33,2,20.07,9.89
50,22,262.48,373.33,3,34.73,19.92
50,22,262.48,373.33,4,2.63,32.19
50,23,343.61,285.32,0,0.07,10.20
50,23,343.61,285.32,1,37.12,0.60
50,23,343.61,285.32,2,20.07,9.89
50,23,343.61,285.32,3,34.73,19.92
50,23,343.61,285.32,4,2.63,32.19
50,24,119.75,43.52,0,0.07,10.20
50,24,119.75,43.52,1,37.12,0.60
50,24,119.75,43.52,2,20.07,9.89
50,24,119.75,43.52,3,34.73,19.92
50,24,119.75,43.52,4,2.63,32.19
50,25,87.81,352.17,0,0.07,10.20
50,25,87.81,352.17,1,37.12,0.60
50,25,87.81,352.17,2,20.07,9.89
50,25,87.81,352.17,3,34.73,19.92
50,25,87.81,352.17,4,2.63,32.19
50,26,293.27,10.32,0,0.07,10.20
50,26,293.27,10.32,1,37.12,0.60
50,26,293.27,10.32,2,20.07,9.89
50,26,293.27,10.32,3,34.73,19.92
50,26,293.27,10.32,4,2.63,32.19
50,27,242.62,80.62,0,0.07,10.20
50,27,242.62,80.62,1,37.12,0.60
50,27,242.62,80.62,2,20.07,9.89
50,27,242.62,80.62,3,34.73,19.92
50,27,242.62,80.62,4,2.63,32.19
50,28,383.97,369.55,0,0.07,10.20
50,28,383.97,369.55,1,37.12,0.60
50,28,383.97,369.55,2,20.07,9.89
50,28,383.97,369.55,3,34.73,19.92
50,28,383.97,369.55,4,2.63,32.19
50,29,153.56,248.89,0,0.07,10.20
50,29,153.56,248.89,1,37.12,0.60
50,29,153.56,248.89,2,20.07,9.89
50,29,153.56,248.89,3,34.73,19.92
50,29,153.56,248.89,4,2.63,32.19
50,30,381.44,183.75,0,0.07,10.20
50,30,381.44,183.75,1,37.12,0.60
50,30,381.44,183.75,2,20.07,9.89
50,30,381.44,183.75,3,34.73,19.92
50,30,381.44,183.75,4,2.63,32.19
50,31,189.13,15.77,0,0.07,10.20
50,31,189.13,15.77,1,37.12,0.60
50,31,189.13,15.77,2,20.07,9.89
50,31,189.13,15.77,3,34.73,19.92
50,31,189.13,15.77,4,2.63,32.19
50,32,234.15,63.36,0,0.07,10.20
50,32,234.15,63.36,1,37.12,0.60
50,32,234.15,63.36,2,20.07,9.89
50,32,234.15,63.36,3,34.73,19.92
50,32,234.15,63.36,4,2.63,32.19
50,33,40.82,253.06,0,0.07,10.20
50,33,40.82,253.06,1,37.12,0.60
50,33,40.82,253.06,2,20.07,9.89
50,33,40.82,253.06,3,34.73,19.92
50,33,40.82,253.06,4,2.63,32.19
50,34,160.88,105.15,0,0.07,10.20
50,34,160.88,105.15,1,37.12,0.60
50,34,160.88,105.15,2,20.07,9.89
50,34,160.88,105.15,3,34.73,19.92
50,34,160.88,105.15,4,2.63,32.19
50,35,302.94,212.28,0,0.07,10.20
50,35,302.94,212.28,1,37.12,0.60
50,35,302.94,212.28,2,20.07,9.89
50,35,302.94,212.28,3,34.73,19.92
50,35,302.94,212.28,4,2.63,32.19
50,36,115.54,315.07,0,0.07,10.20
50,36,115.54,315.07,1,37.12,0.60
50,36,115.54,315.07,2,20.07,9.89
50,36,115.54,315.07,3,34.73,19.92
50,36,115.54,315.07,4,2.63,32.19
50,37,293.48,296.94,0,0.07,10.20
50,37,293.48,296.94,1,37.12,0.60
50,37,293.48,296.94,2,20.07,9.89
50,37,293.48,296.94,3,34.73,19.92
50,37,293.48,296.94,4,2.63,32.19
50,38,133.51,234.50,0,0.07,10.20
50,38,133.51,234.50,1,37.12,0.60
50,38,133.51,234.50,2,20.07,9.89
50,38,133.51,234.50,3,34.73,19.92
50,38,133.51,234.50,4,2.63,32.19
50,39,116.28,197.88,0,0.07,10.20
50,39,116.28,197.88,1,37.12,0.60
50,39,116.28,197.88,2,20.07,9.89
50,39,116.28,197.88,3,34.73,19.92
50,39,116.28,197.88,4,2.63,32.19
50,40,293.12,99.02,0,0.07,10.20
50,40,293.12,99.02,1,37.12,0.60
50,40,293.12,99.02,2,20.07,9.89
50,40,293.12,99.02,3,34.73,19.92
50,40,293.12,99.02,4,2.63,32.19
50,41,245.03,308.85,0,0.07,10.20
50,41,245.03,308.85,1,37.12,0.60
50,41,245.03,308.85,2,20.07,9.89
50,41,245.03,308.85,3,34.73,19.92
50,41,245.03,308.85,4,2.63,32.19
50,42,355.54,253.12,0,0.07,10.20
50,42,355.54,253.12,1,37.12,0.60
50,42,355.54,253.12,2,20.07,9.89
50,42,355.54,253.12,3,34.73,19.92
50,42,355.54,253.12,4,2.63,32.19
50,43,217.98,57.99,0,0.07,10.20
50,43,217.98,57.99,1,37.12,0.60
50,43,217.98,57.99,2,20.07,9.89
50,43,217.98,57.99,3,34.73,19.92
50,43,217.98,57.99,4,2.63,32.19
50,44,343.71,210.39,0,0.07,10.20
50,44,343.71,210.39,1,37.12,0.60
50,44,343.71,210.39,2,20.07,9.89
50,44,343.71,210.39,3,34.73,19.92
50,44,343.71,210.39,4,2.63,32.19
50,45,238.13,85.55,0,0.07,10.20
50,45,238.13,85.55,1,37.12,0.60
50,45,238.13,85.55,2,20.07,9.89
50,45,238.13,85.55,3,34.73,19.92
50,45,238.13,85.55,4,2.63,32.19
50,46,87.99,383.31,0,0.07,10.20
50,46,87.99,383.31,1,37.12,0.60
50,46,87.99,383.31,2,20.07,9.89
50,46,87.99,383.31,3,34.73,19.92
50,46,87.99,383.31,4,2.63,32.19
50,47,63.14,284.33,0,0.07,10.20
50,47,63.14,284.33,1,37.12,0.60
50,47,63.14,284.33,2,20.07,9.89
50,47,63.14,284.33,3,34.73,19.92
50,47,63.14,284.33,4,2.63,32.19
50,48,327.06,199.47,0,0.07,10.20
50,48,327.06,199.47,1,37.12,0.60
50,48,327.06,199.47,2,20.07,9.89
50,48,327.06,199.47,3,34.73,19.92
50,48,327.06,199.47,4,2.63,32.19
50,49,186.67,148.84,0,0.07,10.20
50,49,186.67,148.84,1,37.12,0.60
50,49,186.67,148.84,2,20.07,9.89
50,49,186.67,148.84,3,34.73,19.92
50,49,186.67,148.84,4,2.63,32.19
50,50,298.69,331.60,0,0.07,10.20
50,50,298.69,331.60,1,37.12,0.60
50,50,298.69,331.60,2,20.07,9.89
50,50,298.69,331.60,3,34.73,19.92
50,50,298.69,331.60,4,2.63,32.19
50,51,30.57,352.05,0,0.07,10.20
50,51,30.57,352.05,1,37.12,0.60
50,51,30.57,352.05,2,20.07,9.89
50,51,30.57,352.05,3,34.73,19.92
50,51,30.57,352.05,4,2.63,32.19
50,52,207.60,114.63,0,0.07,10.20
50,52,207.60,114.63,1,37.12,0.60
50,52,207.60,114.63,2,20.07,9.89
50,52,207.60,114.63,3,34.73,19.92
50,52,207.60,114.63,4,2.63,32.19
50,53,253.85,248.10,0,0.07,10.20
50,53,253.85,248.10,1,37.12,0.60
50,53,253.85,248.10,2,20.07,9.89
50,53,253.85,248.10,3,34.73,19.92
50,53,253.85,248.10,4,2.63,32.19
50,54,326.05,36.31,0,0.07,10.20
50,54,326.05,36.31,1,37.12,0.60
50,54,326.05,36.31,2,20.07,9.89
50,54,326.05,36.31,3,34.73,19.92
50,54,326.05,36.31,4,2.63,32.19
50,55,251.46,263.00,0,0.07,10.20
50,55,251.46,263.00,1,37.12,0.60
50,55,251.46,263.00,2,20.07,9.89
50,55,251.46,263.00,3,34.73,19.92
50,55,251.46,263.00,4,2.63,32.19
50,56,296.27,160.32,0,0.07,10.20
50,56,296.27,160.32,1,37.12,0.60
50,56,296.27,160.32,2,20.07,9.89
50,56,296.27,160.32,3,34.73,19.92
50,56,296.27,160.32,4,2.63,32.19
50,57,102.81,181.50,0,0.07,10.20
50,57,102.81,181.50,1,37.12,0.60
50,57,102.81,181.50,2,20.07,9.89
50,57,102.81,181.50,3,34.73,19.92
50,57,102.81,181.50,4,2.63,32.19
50,58,339.07,194.54,0,0.07,10.20
50,58,339.07,194.54,1,37.12,0.60
50,58,339.07,194.54,2,20.07,9.89
50,58,339.07,194.54,3,34.73,19.92
50,58,339.07,194.54,4,2.63,32.19
50,59,66.26,148.70,0,0.07,10.20
50,59,66.26,148.70,1,37.12,0.60
50,59,66.26,148.70,2,20.07,9.89
50,59,66.26,148.70,3,34.73,19.92
50,59,66.26,148.70,4,2.63,32.19
50,60,175.91,262.77,0,0.07,10.20
50,60,175.91,262.77,1,37.12,0.60
50,60,175.91,262.77,2,20.07,9.89
50,60,175.91,262.77,3,34.73,19.92
50,60,175.91,262.77,4,2.63,32.19
50,61,32.00,147.62,0,0.07,10.20
50,61,32.00,147.62,1,37.12,0.60
50,61,32.00,147.62,2,20.07,9.89
50,61,32.00,147.62,3,34.73,19.92
50,61,32.00,147.62,4,2.63,32.19
50,62,46.72,373.49,0,0.07,10.20
50,62,46.72,373.49,1,37.12,0.60
50,62,46.72,373.49,2,20.07,9.89
50,62,46.72,373.49,3,34.73,19.92
50,62,46.72,373.49,4,2.63,32.19
50,63,117.75,172.89,0,0.07,10.20
50,63,117.75,172.89,1,37.12,0.60
50,63,117.75,172.89,2,20.07,9.89
50,63,117.75,172.89,3,34.73,19.92
50,63,117.75,172.89,4,2.63,32.19
50,64,329.98,46.74,0,0.07,10.20
50,64,329.98,46.74,1,37.12,0.60
50,64,329.98,46.74,2,20.07,9.89
50,64,329.98,46.74,3,34.73,19.92
50,64,329.98,46.74,4,2.63,32.19
50,65,327.90,285.42,0,0.07,10.20
50,65,327.90,285.42,1,37.12,0.60
50,65,327.90,285.42,2,20.07,9.89
50,65,327.90,285.42,3,34.73,19.92
50,65,327.90,285.42,4,2.63,32.19
50,66,116.32,388.37,0,0.07,10.20
50,66,116.32,388.37,1,37.12,0.60
50,66,116.32,388.37,2,20.07,9.89
50,66,116.32,388.37,3,34.73,19.92
50,66,116.32,388.37,4,2.63,32.19
50,67,40.68,217.85,0,0.07,10.20
50,67,40.68,217.85,1,37.12,0.60
50,67,40.68,217.85,2,20.07,9.89
50,67,40.68,217.85,3,34.73,19.92
50,67,40.68,217.85,4,2.63,32.19
50,68,236.34,313.43,0,0.07,10.20
50,68,236.34,313.43,1,37.12,0.60
50,68,236.34,313.43,2,20.07,9.89
50,68,236.34,313.43,3,34.73,19.92
50,68,236.34,313.43,4,2.63,32.19
50,69,368.42,365.58,0,0.07,10.20
50,69,368.42,365.58,1,37.12,0.60
50,69,368.42,365.58,2,20.07,9.89
50,69,368.42,365.58,3,34.73,19.92
50,69,368.42,365.58,4,2.63,32.19
50,70,221.85,66.61,0,0.07,10.20
50,70,221.85,66.61,1,37.12,0.60
50,70,221.85,66.61,2,20.07,9.89
50,70,221.85,66.61,3,34.73,19.92
50,70,221.85,66.61,4,2.63,32.19
50,71,47.73,359.70,0,0.07,10.20
50,71,47.73,359.70,1,37.12,0.60
50,71,47.73,359.70,2,20.07,9.89
50,71,47.73,359.70,3,34.73,19.92
50,71,47.73,359.70,4,2.63,32.19
50,72,16.29,392.59,0,0.07,10.20
50,72,16.29,392.59,1,37.12,0.60
50,72,16.29,392.59,2,20.07,9.89
50,72,16.29,392.59,3,34.73,19.92
50,72,16.29,392.59,4,2.63,32.19
50,73,361.07,134.01,0,0.07,10.20
50,73,361.07,134.01,1,37.12,0.60
50,73,361.07,134.01,2,20.07,9.89
50,73,361.07,134.01,3,34.73,19.92
50,73,361.07,134.01,4,2.63,32.19
50,74,229.30,56.48,0,0.07,10.20
50,74,229.30,56.48,1,37.12,0.60
50,74,229.30,56.48,2,20.07,9.89
50,74,229.30,56.48,3,34.73,19.92
50,74,229.30,56.48,4,2.63,32.19
50,75,192.73,73.71,0,0.07,10.20
50,75,192.73,73.71,1,37.12,0.60
50,75,192.73,73.71,2,20.07,9.89
50,75,192.73,73.71,3,34.73,19.92
50,75,192.73,73.71,4,2.63,32.19
50,76,352.94,83.60,0,0.07,10.20
50,76,352.94,83.60,1,37.12,0.60
50,76,352.94,83.60,2,20.07,9.89
50,76,352.94,83.60,3,34.73,19.92
50,76,352.94,83.60,4,2.63,32.19
50,77,102.07,170.98,0,0.07,10.20
50,77,102.07,170.98,1,37.12,0.60
50,77,102.07,170.98,2,20.07,9.89
50,77,102.07,170.98,3,34.73,19.92
50,77,102.07,170.98,4,2.63,32.19
50,78,195.27,395.19,0,0.07,10.20
50,78,195.27,395.19,1,37.12,0.60
50,78,195.27,395.19,2,20.07,9.89
50,78,195.27,395.19,3,34.73,19.92
50,78,195.27,395.19,4,2.63,32.19
50,79,352.97,212.18,0,0.07,10.20
50,79,352.97,212.18,1,37.12,0.60
50,79,352.97,212.18,2,20.07,9.89
50,79,352.97,212.18,3,34.73,19.92
50,79,352.97,212.18,4,2.63,32.19
50,80,373.36,177.56,0,0.07,10.20
50,80,373.36,177.56,1,37.12,0.60
50,80,373.36,177.56,2,20.07,9.89
50,80,373.36,177.56,3,34.73,19.92
50,80,373.36,177.56,4,2.63,32.19
50,81,266.77,348.19,0,0.07,10.20
50,81,266.77,348.19,1,37.12,0.60
50,81,266.77,348.19,2,20.07,9.89
50,81,266.77,348.19,3,34.73,19.92
50,81,266.77,348.19,4,2.63,32.19
50,82,320.76,92.09,0,0.07,10.20
50,82,320.76,92.09,1,37.12,0.60
50,82,320.76,92.09,2,20.07,9.89
50,82,320.76,92.09,3,34.73,19.92
50,82,320.76,92.09,4,2.63,32.19
50,83,152.02,14.53,0,0.07,10.20
50,83,152.02,14.53,1,37.12,0.60
50,83,152.02,14.53,2,20.07,9.89
50,83,152.02,14.53,3,34.73,19.92
50,83,152.02,14.53,4,2.63,32.19
50,84,232.21,288.56,0,0.07,10.20
50,84,232.21,288.56,1,37.12,0.60
50,84,232.21,288.56,2,20.07,9.89
50,84,232.21,288.56,3,34.73,19.92
50,84,232.21,288.56,4,2.63,32.19
50,85,364.61,100.32,0,0.07,10.20
50,85,364.61,100.32,1,37.12,0.60
50,85,364.61,100.32,2,20.07,9.89
50,85,364.61,100.32,3,34.73,19.92
50,85,364.61,100.32,4,2.63,32.19
50,86,6.22,148.26,0,0.07,10.20
50,86,6.22,148.26,1,37.12,0.60
50,86,6.22,148.26,2,20.07,9.89
50,86,6.22,148.26,3,34.73,19.92
50,86,6.22,148.26,4,2.63,32.19
50,87,385.32,53.77,0,0.07,10.20
50,87,385.32,53.77,1,37.12,0.60
50,87,385.32,53.77,2,20.07,9.89
50,87,385.32,53.77,3,34.73,19.92
50,87,385.32,53.77,4,2.63,32.19
50,88,196.15,306.43,0,0.07,10.20
50,88,196.15,306.43,1,37.12,0.60
50,88,196.15,306.43,2,20.07,9.89
50,88,196.15,306.43,3,34.73,19.92
50,88,196.15,306.43,4,2.63,32.19
50,89,316.87,57.66,0,0.07,10.20
50,89,316.87,57.66,1,37.12,0.60
50,89,316.87,57.66,2,20.07,9.89
50,89,316.87,57.66,3,34.73,19.92
50,89,316.87,57.66,4,2.63,32.19
50,90,190.80,30.19,0,0.07,10.20
50,90,190.80,30.19,1,37.12,0.60
50,90,190.80,30.19,2,20.07,9.89
50,90,190.80,30.19,3,34.73,19.92
50,90,190.80,30.19,4,2.63,32.19
50,92,272.41,74.29,0,0.07,10.20
50,92,272.41,74.29,1,37.12,0.60
50,92,272.41,74.29,2,20.07,9.89
50,92,272.41,74.29,3,34.73,19.92
50,92,272.41,74.29,4,2.63,32.19
50,93,248.08,71.12,0,0.07,10.20
50,93,248.08,71.12,1,37.12,0.60
50,93,248.08,71.12,2,20.07,9.89
50,93,248.08,71.12,3,34.73,19.92
50,93,248.08,71.12,4,2.63,32.19
50,94,41.92,353.72,0,0.07,10.20
50,94,41.92,353.72,1,37.12,0.60
50,94,41.92,353.72,2,20.07,9.89
50,94,41.92,353.72,3,34.73,19.92
50,94,41.92,353.72,4,2.63,32.19
50,95,322.21,139.54,0,0.07,10.20
50,95,322.21,139.54,1,37.12,0.60
50,95,322.21,139.54,2,20.07,9.89
50,95,322.21,139.54,3,34.73,19.92
50,95,322.21,139.54,4,2.63,32.19
50,96,79.06,190.93,0,0.07,10.20
50,96,79.06,190.93,1,37.12,0.60
50,96,79.06,190.93,2,20.07,9.89
50,96,79.06,190.93,3,34.73,19.92
50,96,79.06,190.93,4,2.63,32.19
50,97,247.49,180.07,0,0.07,10.20
50,97,247.49,180.07,1,37.12,0.60
50,97,247.49,180.07,2,20.07,9.89
50,97,247.49,180.07,3,34.73,19.92
50,97,247.49,180.07,4,2.63,32.19
50,98,305.16,13.34,0,0.07,10.20
50,98,305.16,13.34,1,37.12,0.60
50,98,305.16,13.34,2,20.07,9.89
50,98,305.16,13.34,3,34.73,19.92
50,98,305.16,13.34,4,2.63,32.19
50,99,375.64,154.29,0,0.07,10.20
50,99,375.64,154.29,1,37.12,0.60
50,99,375.64,154.29,2,20.07,9.89
50,99,375.64,154.29,3,34.73,19.92
50,99,375.64,154.29,4,2.63,32.19
50,100,380.68,169.61,0,0.07,10.20
50,100,380.68,169.61,1,37.12,0.60
50,100,380.68,169.61,2,20.07,9.89
50,100,380.68,169.61,3,34.73,19.92
50,100,380.68,169.61,4,2.63,32.19
50,101,355.70,12.89,0,0.07,10.20
50,101,355.70,12.89,1,37.12,0.60
50,101,355.70,12.89,2,20.07,9.89
50,101,355.70,12.89,3,34.73,19.92
50,101,355.70,12.89,4,2.63,32.19
50,102,71.58,188.46,0,0.07,10.20
50,102,71.58,188.46,1,37.12,0.60
50,102,71.58,188.46,2,20.07,9.89
50,102,71.58,188.46,3,34.73,19.92
50,102,71.58,188.46,4,2.63,32.19
50,103,139.15,394.70,0,0.07,10.20
50,103,139.15,394.70,1,37.12,0.60
50,103,139.15,394.70,2,20.07,9.89
50,103,139.15,394.70,3,34.73,19.92
50,103,139.15,394.70,4,2.63,32.19
50,104,312.90,17.27,0,0.07,10.20
50,104,312.90,17.27,1,37.12,0.60
50,104,312.90,17.27,2,20.07,9.89
50,104,312.90,17.27,3,34.73,19.92
50,104,312.90,17.27,4,2.63,32.19
50,105,60.70,351.31,0,0.07,10.20
50,105,60.70,351.31,1,37.12,0.60
50,105,60.70,351.31,2,20.07,9.89
50,105,60.70,351.31,3,34.73,19.92
50,105,60.70,351.31,4,2.63,32.19
50,106,73.93,228.88,0,0.07,10.20
50,106,73.93,228.88,1,37.12,0.60
50,106,73.93,228.88,2,20.07,9.89
50,106,73.93,228.88,3,34.73,19.92
50,106,73.93,228.88,4,2.63,32.19
50,107,234.16,127.05,0,0.07,10.20
50,107,234.16,127.05,1,37.12,0.60
50,107,234.16,127.05,2,20.07,9.89
50,107,234.16,127.05,3,34.73,19.92
50,107,234.16,127.05,4,2.63,32.19
50,108,7.00,18.56,0,0.07,10.20
50,108,7.00,18.56,1,37.12,0.60
50,108,7.00,18.56,2,20.07,9.89
50,108,7.00,18.56,3,34.73,19.92
50,108,7.00,18.56,4,2.63,32.19
50,109,83.36,289.75,0,0.07,10.20
50,109,83.36,289.75,1,37.12,0.60
50,109,83.36,289.75,2,20.07,9.89
50,109,83.36,289.75,3,34.73,19.92
50,109,83.36,289.75,4,2.63,32.19
50,110,147.73,325.67,0,0.07,10.20
50,110,147.73,325.67,1,37.12,0.60
50,110,147.73,325.67,2,20.07,9.89
50,110,147.73,325.67,3,34.73,19.92
50,110,147.73,325.67,4,2.63,32.19
50,111,351.09,53.47,0,0.07,10.20
50,111,351.09,53.47,1,37.12,0.60
50,111,351.09,53.47,2,20.07,9.89
50,111,351.09,53.47,3,34.73,19.92
50,111,351.09,53.47,4,2.63,32.19
50,112,149.57,96.68,0,0.07,10.20
50,112,149.57,96.68,1,37.12,0.60
50,112,149.57,96.68,2,20.07,9.89
50,112,149.57,96.68,3,34.73,19.92
50,112,149.57,96.68,4,2.63,32.19
50,113,108.08,135.29,0,0.07,10.20
50,113,108.08,135.29,1,37.12,0.60
50,113,108.08,135.29,2,20.07,9.89
50,113,108.08,135.29,3,34.73,19.92
50,113,108.08,135.29,4,2.63,32.19
50,114,143.06,8.38,0,0.07,10.20
50,114,143.06,8.38,1,37.12,0.60
50,114,143.06,8.38,2,20.07,9.89
50,114,143.06,8.38,3,34.73,19.92
50,114,143.06,8.38,4,2.63,32.19
50,115,385.14,252.17,0,0.07,10.20
50,115,385.14,252.17,1,37.12,0.60
50,115,385.14,252.17,2,20.07,9.89
50,115,385.14,252.17,3,34.73,19.92
50,115,385.14,252.17,4,2.63,32.19
50,116,204.88,165.13,0,0.07,10.20
50,116,204.88,165.13,1,37.12,0.60
50,116,204.88,165.13,2,20.07,9.89
50,116,204.88,165.13,3,34.73,19.92
50,116,204.88,165.13,4,2.63,32.19
50,117,348.04,91.63,0,0.07,10.20
50,117,348.04,91.63,1,37.12,0.60
50,117,348.04,91.63,2,20.07,9.89
50,117,348.04,91.63,3,34.73,19.92
50,117,348.04,91.63,4,2.63,32.19
50,118,107.24,210.13,0,0.07,10.20
50,118,107.24,210.13,1,37.12,0.60
50,118,107.24,210.13,2,20.07,9.89
50,118,107.24,210.13,3,34.73,19.92
50,118,107.24,210.13,4,2.63,32.19
50,119,306.11,85.80,0,0.07,10.20
50,119,306.11,85.80,1,37.12,0.60
50,119,306.11,85.80,2,20.07,9.89
50,119,306.11,85.80,3,34.73,19.92
50,119,306.11,85.80,4,2.63,32.19
50,120,185.11,248.39,0,0.07,10.20
50,120,185.11,248.39,1,37.12,0.60
50,120,185.11,248.39,2,20.07,9.89
50,120,185.11,248.39,3,34.73,19.92
50,120,185.11,248.39,4,2.63,32.19
50,121,96.64,107.92,0,0.07,10.20
50,121,96.64,107.92,1,37.12,0.60
50,121,96.64,107.92,2,20.07,9.89
50,121,96.64,107.92,3,34.73,19.92
50,121,96.64,107.92,4,2.63,32.19
50,122,158.09,226.93,0,0.07,10.20
50,122,158.09,226.93,1,37.12,0.60
50,122,158.09,226.93,2,20.07,9.89
50,122,158.09,226.93,3,34.73,19.92
50,122,158.09,226.93,4,2.63,32.19
50,123,174.89,314.07,0,0.07,10.20
50,123,174.89,314.07,1,37.12,0.60
50,123,174.89,314.07,2,20.07,9.89
50,123,174.89,314.07,3,34.73,19.92
50,123,174.89,314.07,4,2.63,32.19
50,124,114.71,15.04,0,0.07,10.20
50,124,114.71,15.04,1,37.12,0.60
50,124,114.71,15.04,2,20.07,9.89
50,124,114.71,15.04,3,34.73,19.92
50,124,114.71,15.04,4,2.63,32.19
50,125,367.48,77.20,0,0.07,10.20
50,125,367.48,77.20,1,37.12,0.60
50,125,367.48,77.20,2,20.07,9.89
50,125,367.48,77.20,3,34.73,19.92
50,125,367.48,77.20,4,2.63,32.19
50,126,34.76,71.04,0,0.07,10.20
50,126,34.76,71.04,1,37.12,0.60
50,126,34.76,71.04,2,20.07,9.89
50,126,34.76,71.04,3,34.73,19.92
50,126,34.76,71.04,4,2.63,32.19
50,127,28.91,392.33,0,0.07,10.20
50,127,28.91,392.33,1,37.12,0.60
50,127,28.91,392.33,2,20.07,9.89
50,127,28.91,392.33,3,34.73,19.92
50,127,28.91,392.33,4,2.63,32.19
50,128,251.13,362.13,0,0.07,10.20
50,128,251.13,362.13,1,37.12,0.60
50,128,251.13,362.13,2,20.07,9.89
50,128,251.13,362.13,3,34.73,19.92
50,128,251.13,362.13,4,2.63,32.19
50,129,264.54,167.07,0,0.07,10.20
50,129,264.54,167.07,1,37.12,0.60
50,129,264.54,167.07,2,20.07,9.89
50,129,264.54,167.07,3,34.73,19.92
50,129,264.54,167.07,4,2.63,32.19
50,130,375.77,196.94,0,0.07,10.20
50,130,375.77,196.94,1,37.12,0.60
50,130,375.77,196.94,2,20.07,9.89
50,130,375.77,196.94,3,34.73,19.92
50,130,375.77,196.94,4,2.63,32.19
50,131,273.86,52.90,0,0.07,10.20
50,131,273.86,52.90,1,37.12,0.60
50,131,273.86,52.90,2,20.07,9.89
50,131,273.86,52.90,3,34.73,19.92
50,131,273.86,52.90,4,2.63,32.19
50,132,358.95,328.72,0,0.07,10.20
50,132,358.95,328.72,1,37.12,0.60
50,132,358.95,328.72,2,20.07,9.89
50,132,358.95,328.72,3,34.73,19.92
50,132,358.95,328.72,4,2.63,32.19
50,133,4.31,129.03,0,0.07,10.20
50,133,4.31,129.03,1,37.12,0.60
50,133,4.31,129.03,2,20.07,9.89
50,133,4.31,129.03,3,34.73,19.92
50,133,4.31,129.03,4,2.63,32.19
50,134,367.95,44.74,0,0.07,10.20
50,134,367.95,44.74,1,37.12,0.60
50,134,367.95,44.74,2,20.07,9.89
50,134,367.95,44.74,3,34.73,19.92
50,134,367.95,44.74,4,2.63,32.19
50,135,95.79,233.52,0,0.07,10.20
50,135,95.79,233.52,1,37.12,0.60
50,135,95.79,233.52,2,20.07,9.89
50,135,95.79,233.52,3,34.73,19.92
50,135,95.79,233.52,4,2.63,32.19
50,136,337.03,57.20,0,0.07,10.20
50,136,337.03,57.20,1,37.12,0.60
50,136,337.03,57.20,2,20.07,9.89
50,136,337.03,57.20,3,34.73,19.92
50,136,337.03,57.20,4,2.63,32.19
50,137,267.97,44.75,0,0.07,10.20
50,137,267.97,44.75,1,37.12,0.60
50,137,267.97,44.75,2,20.07,9.89
50,137,267.97,44.75,3,34.73,19.92
50,137,267.97,44.75,4,2.63,32.19
50,138,263.07,79.70,0,0.07,10.20
50,138,263.07,79.70,1,37.12,0.60
50,138,263.07,79.70,2,20.07,9.89
50,138,263.07,79.70,3,34.73,19.92
50,138,263.07,79.70,4,2.63,32.19
50,139,356.60,75.56,0,0.07,10.20
50,139,356.60,75.56,1,37.12,0.60
50,139,356.60,75.56,2,20.07,9.89
50,139,356.60,75.56,3,34.73,19.92
50,139,356.60,75.56,4,2.63,32.19
50,140,370.45,10.58,0,0.07,10.20
50,140,370.45,10.58,1,37.12,0.60
50,140,370.45,10.58,2,20.07,9.89
50,140,370.45,10.58,3,34.73,19.92
50,140,370.45,10.58,4,2.63,32.19
50,141,360.21,372.75,0,0.07,10.20
50,141,360.21,372.75,1,37.12,0.60
50,141,360.21,372.75,2,20.07,9.89
50,141,360.21,372.75,3,34.73,19.92
50,141,360.21,372.75,4,2.63,32.19
50,142,247.04,154.06,0,0.07,10.20
50,142,247.04,154.06,1,37.12,0.60
50,142,247.04,154.06,2,20.07,9.89
50,142,247.04,154.06,3,34.73,19.92
50,142,247.04,154.06,4,2.63,32.19
50,143,350.00,358.96,0,0.07,10.20
50,143,350.00,358.96,1,37.12,0.60
50,143,350.00,358.96,2,20.07,9.89
50,143,350.00,358.96,3,34.73,19.92
50,143,350.00,358.96,4,2.63,32.19
50,144,390.48,191.50,0,0.07,10.20
50,144,390.48,191.50,1,37.12,0.60
50,144,390.48,191.50,2,20.07,9.89
50,144,390.48,191.50,3,34.73,19.92
50,144,390.48,191.50,4,2.63,32.19
50,145,235.88,357.52,0,0.07,10.20
50,145,235.88,357.52,1,37.12,0.60
50,145,235.88,357.52,2,20.07,9.89
50,145,235.88,357.52,3,34.73,19.92
50,145,235.88,357.52,4,2.63,32.19
50,146,127.44,203.84,0,0.07,10.20
50,146,127.44,203.84,1,37.12,0.60
50,146,127.44,203.84,2,20.07,9.89
50,146,127.44,203.84,3,34.73,19.92
50,146,127.44,203.84,4,2.63,32.19
50,147,11.09,231.36,0,0.07,10.20
50,147,11.09,231.36,1,37.12,0.60
50,147,11.09,231.36,2,20.07,9.89
50,147,11.09,231.36,3,34.73,19.92
50,147,11.09,231.36,4,2.63,32.19
50,148,279.06,216.16,0,0.07,10.20
50,148,279.06,216.16,1,37.12,0.60
50,148,279.06,216.16,2,20.07,9.89
50,148,279.06,216.16,3,34.73,19.92
50,148,279.06,216.16,4,2.63,32.19
50,149,339.32,298.48,0,0.07,10.20
50,149,339.32,298.48,1,37.12,0.60
50,149,339.32,298.48,2,20.07,9.89
50,149,339.32,298.48,3,34.73,19.92
50,149,339.32,298.48,4,2.63,32.19
50,150,277.75,133.81,0,0.07,10.20
50,150,277.75,133.81,1,37.12,0.60
50,150,277.75,133.81,2,20.07,9.89
50,150,277.75,133.81,3,34.73,19.92
50,150,277.75,133.81,4,2.63,32.19
50,151,194.91,64.98,0,0.07,10.20
50,151,194.91,64.98,1,37.12,0.60
50,151,194.91,64.98,2,20.07,9.89
50,151,194.91,64.98,3,34.73,19.92
50,151,194.91,64.98,4,2.63,32.19
50,152,33.89,61.37,0,0.07,10.20
50,152,33.89,61.37,1,37.12,0.60
50,152,33.89,61.37,2,20.07,9.89
50,152,33.89,61.37,3,34.73,19.92
50,152,33.89,61.37,4,2.63,32.19
50,153,41.07,129.91,0,0.07,10.20
50,153,41.07,129.91,1,37.12,0.60
50,153,41.07,129.91,2,20.07,9.89
50,153,41.07,129.91,3,34.73,19.92
50,153,41.07,129.91,4,2.63,32.19
50,154,374.80,215.33,0,0.07,10.20
50,154,374.80,215.33,1,37.12,0.60
50,154,374.80,215.33,2,20.07,9.89
50,154,374.80,215.33,3,34.73,19.92
50,154,374.80,215.33,4,2.63,32.19
50,155,194.86,172.99,0,0.07,10.20
50,155,194.86,172.99,1,37.12,0.60
50,155,194.86,172.99,2,20.07,9.89
50,155,194.86,172.99,3,34.73,19.92
50,155,194.86,172.99,4,2.63,32.19
50,156,354.04,343.15,0,0.07,10.20
50,156,354.04,343.15,1,37.12,0.60
50,156,354.04,343.15,2,20.07,9.89
50,156,354.04,343.15,3,34.73,19.92
50,156,354.04,343.15,4,2.63,32.19
50,157,181.18,67.97,0,0.07,10.20
50,157,181.18,67.97,1,37.12,0.60
50,157,181.18,67.97,2,20.07,9.89
50,157,181.18,67.97,3,34.73,19.92
50,157,181.18,67.97,4,2.63,32.19
50,158,214.55,71.36,0,0.07,10.20
50,158,214.55,71.36,1,37.12,0.60
50,158,214.55,71.36,2,20.07,9.89
50,158,214.55,71.36,3,34.73,19.92
50,158,214.55,71.36,4,2.63,32.19
50,159,367.30,336.32,0,0.07,10.20
50,159,367.30,336.32,1,37.12,0.60
50,159,367.30,336.32,2,20.07,9.89
50,159,367.30,336.32,3,34.73,19.92
50,159,367.30,336.32,4,2.63,32.19
50,160,316.66,384.52,0,0.07,10.20
50,160,316.66,384.52,1,37.12,0.60
50,160,316.66,384.52,2,20.07,9.89
50,160,316.66,384.52,3,34.73,19.92
50,160,316.66,384.52,4,2.63,32.19
50,161,166.60,185.53,0,0.07,10.20
50,161,166.60,185.53,1,37.12,0.60
50,161,166.60,185.53,2,20.07,9.89
50,161,166.60,185.53,3,34.73,19.92
50,161,166.60,185.53,4,2.63,32.19
50,162,315.84,348.81,0,0.07,10.20
50,162,315.84,348.81,1,37.12,0.60
50,162,315.84,348.81,2,20.07,9.89
50,162,315.84,348.81,3,34.73,19.92
50,162,315.84,348.81,4,2.63,32.19
50,163,149.18,183.85,0,0.07,10.20
50,163,149.18,183.85,1,37.12,0.60
50,163,149.18,183.85,2,20.07,9.89
50,163,149.18,183.85,3,34.73,19.92
50,163,149.18,183.85,4,2.63,32.19
50,164,47.69,3.88,0,0.07,10.20
50,164,47.69,3.88,1,37.12,0.60
50,164,47.69,3.88,2,20.07,9.89
50,164,47.69,3.88,3,34.73,19.92
50,164,47.69,3.88,4,2.63,32.19
50,165,107.96,43.27,0,0.07,10.20
50,165,107.96,43.27,1,37.12,0.60
50,165,107.96,43.27,2,20.07,9.89
50,165,107.96,43.27,3,34.73,19.92
50,165,107.96,43.27,4,2.63,32.19
50,166,268.23,389.84,0,0.07,10.20
50,166,268.23,389.84,1,37.12,0.60
50,166,268.23,389.84,2,20.07,9.89
50,166,268.23,389.84,3,34.73,19.92
50,166,268.23,389.84,4,2.63,32.19
50,167,392.47,350.40,0,0.07,10.20
50,167,392.47,350.40,1,37.12,0.60
50,167,392.47,350.40,2,20.07,9.89
50,167,392.47,350.40,3,34.73,19.92
50,167,392.47,350.40,4,2.63,32.19
50,168,212.96,259.87,0,0.07,10.20
50,168,212.96,259.87,1,37.12,0.60
50,168,212.96,259.87,2,20.07,9.89
50,168,212.96,259.87,3,34.73,19.92
50,168,212.96,259.87,4,2.63,32.19
50,169,200.19,30.11,0,0.07,10.20
50,169,200.19,30.11,1,37.12,0.60
50,169,200.19,30.11,2,20.07,9.89
50,169,200.19,30.11,3,34.73,19.92
50,169,200.19,30.11,4,2.63,32.19
50,170,276.45,278.10,0,0.07,10.20
50,170,276.45,278.10,1,37.12,0.60
50,170,276.45,278.10,2,20.07,9.89
50,170,276.45,278.10,3,34.73,19.92
50,170,276.45,278.10,4,2.63,32.19
50,171,59.19,127.75,0,0.07,10.20
50,171,59.19,127.75,1,37.12,0.60
50,171,59.19,127.75,2,20.07,9.89
50,171,59.19,127.75,3,34.73,19.92
50,171,59.19,127.75,4,2.63,32.19
50,172,336.24,204.28,0,0.07,10.20
50,172,336.24,204.28,1,37.12,0.60
50,172,336.24,204.28,2,20.07,9.89
50,172,336.24,204.28,3,34.73,19.92
50,172,336.24,204.28,4,2.63,32.19
50,173,388.24,128.19,0,0.07,10.20
50,173,388.24,128.19,1,37.12,0.60
50,173,388.24,128.19,2,20.07,9.89
50,173,388.24,128.19,3,34.73,19.92
50,173,388.24,128.19,4,2.63,32.19
50,174,179.23,221.84,0,0.07,10.20
50,174,179.23,221.84,1,37.12,0.60
50,174,179.23,221.84,2,20.07,9.89
50,174,179.23,221.84,3,34.73,19.92
50,174,179.23,221.84,4,2.63,32.19
50,175,371.22,190.57,0,0.07,10.20
50,175,371.22,190.57,1,37.12,0.60
50,175,371.22,190.57,2,20.07,9.89
50,175,371.22,190.57,3,34.73,19.92
50,175,371.22,190.57,4,2.63,32.19
50,176,47.20,207.61,0,0.07,10.20
50,176,47.20,207.61,1,37.12,0.60
50,176,47.20,207.61,2,20.07,9.89
50,176,47.20,207.61,3,34.73,19.92
50,176,47.20,207.61,4,2.63,32.19
50,177,210.10,274.05,0,0.07,10.20
50,177,210.10,274.05,1,37.12,0.60
50,177,210.10,274.05,2,20.07,9.89
50,177,210.10,274.05,3,34.73,19.92
50,177,210.10,274.05,4,2.63,32.19
50,178,194.58,80.34,0,0.07,10.20
50,178,194.58,80.34,1,37.12,0.60
50,178,194.58,80.34,2,20.07,9.89
50,178,194.58,80.34,3,34.73,19.92
50,178,194.58,80.34,4,2.63,32.19
50,179,55.78,291.85,0,0.07,10.20
50,179,55.78,291.85,1,37.12,0.60
50,179,55.78,291.85,2,20.07,9.89
50,179,55.78,291.85,3,34.73,19.92
50,179,55.78,291.85,4,2.63,32.19
50,180,174.61,194.72,0,0.07,10.20
50,180,174.61,194.72,1,37.12,0.60
50,180,174.61,194.72,2,20.07,9.89
50,180,174.61,194.72,3,34.73,19.92
50,180,174.61,194.72,4,2.63,32.19
50,181,3.89,159.14,0,0.07,10.20
50,181,3.89,159.14,1,37.12,0.60
50,181,3.89,159.14,2,20.07,9.89
50,181,3.89,159.14,3,34.73,19.92
50,181,3.89,159.14,4,2.63,32.19
50,182,37.70,367.77,0,0.07,10.20
50,182,37.70,367.77,1,37.12,0.60
50,182,37.70,367.77,2,20.07,9.89
50,182,37.70,367.77,3,34.73,19.92
50,182,37.70,367.77,4,2.63,32.19
50,183,93.07,138.47,0,0.07,10.20
50,183,93.07,138.47,1,37.12,0.60
50,183,93.07,138.47,2,20.07,9.89
50,183,93.07,138.47,3,34.73,19.92
50,183,93.07,138.47,4,2.63,32.19
50,184,38.18,82.14,0,0.07,10.20
50,184,38.18,82.14,1,37.12,0.60
50,184,38.18,82.14,2,20.07,9.89
50,184,38.18,82.14,3,34.73,19.92
50,184,38.18,82.14,4,2.63,32.19
50,185,104.25,278.59,0,0.07,10.20
50,185,104.25,278.59,1,37.12,0.60
50,185,104.25,278.59,2,20.07,9.89
50,185,104.25,278.59,3,34.73,19.92
50,185,104.25,278.59,4,2.63,32.19
50,186,188.62,98.53,0,0.07,10.20
50,186,188.62,98.53,1,37.12,0.60
50,186,188.62,98.53,2,20.07,9.89
50,186,188.62,98.53,3,34.73,19.92
50,186,188.62,98.53,4,2.63,32.19
50,187,169.00,303.47,0,0.07,10.20
50,187,169.00,303.47,1,37.12,0.60
50,187,169.00,303.47,2,20.07,9.89
50,187,169.00,303.47,3,34.73,19.92
50,187,169.00,303.47,4,2.63,32.19
50,188,261.85,153.05,0,0.07,10.20
50,188,261.85,153.05,1,37.12,0.60
50,188,261.85,153.05,2,20.07,9.89
50,188,261.85,153.05,3,34.73,19.92
50,188,261.85,153.05,4,2.63,32.19
50,189,45.87,243.10,0,0.07,10.20
50,189,45.87,243.10,1,37.12,0.60
50,189,45.87,243.10,2,20.07,9.89
50,189,45.87,243.10,3,34.73,19.92
50,189,45.87,243.10,4,2.63,32.19
50,190,52.10,17.41,0,0.07,10.20
50,190,52.10,17.41,1,37.12,0.60
50,190,52.10,17.41,2,20.07,9.89
50,190,52.10,17.41,3,34.73,19.92
50,190,52.10,17.41,4,2.63,32.19
50,191,87.19,334.81,0,0.07,10.20
50,191,87.19,334.81,1,37.12,0.60
50,191,87.19,334.81,2,20.07,9.89
50,191,87.19,334.81,3,34.73,19.92
50,191,87.19,334.81,4,2.63,32.19
50,192,245.95,63.13,0,0.07,10.20
50,192,245.95,63.13,1,37.12,0.60
50,192,245.95,63.13,2,20.07,9.89
50,192,245.95,63.13,3,34.73,19.92
50,192,245.95,63.13,4,2.63,32.19
50,193,333.25,69.77,0,0.07,10.20
50,193,333.25,69.77,1,37.12,0.60
50,193,333.25,69.77,2,20.07,9.89
50,193,333.25,69.77,3,34.73,19.92
50,193,333.25,69.77,4,2.63,32.19
50,194,9.11,170.39,0,0.07,10.20
50,194,9.11,170.39,1,37.12,0.60
50,194,9.11,170.39,2,20.07,9.89
50,194,9.11,170.39,3,34.73,19.92
50,194,9.11,170.39,4,2.63,32.19
50,195,147.37,339.31,0,0.07,10.20
50,195,147.37,339.31,1,37.12,0.60
50,195,147.37,339.31,2,20.07,9.89
50,195,147.37,339.31,3,34.73,19.92
50,195,147.37,339.31,4,2.63,32.19
50,196,52.53,101.79,0,0.07,10.20
50,196,52.53,101.79,1,37.12,0.60
50,196,52.53,101.79,2,20.07,9.89
50,196,52.53,101.79,3,34.73,19.92
50,196,52.53,101.79,4,2.63,32.19
50,197,374.87,234.08,0,0.07,10.20
50,197,374.87,234.08,1,37.12,0.60
50,197,374.87,234.08,2,20.07,9.89
50,197,374.87,234.08,3,34.73,19.92
50,197,374.87,234.08,4,2.63,32.19
50,198,318.82,145.31,0,0.07,10.20
50,198,318.82,145.31,1,37.12,0.60
50,198,318.82,145.31,2,20.07,9.89
50,198,318.82,145.31,3,34.73,19.92
50,198,318.82,145.31,4,2.63,32.19
50,199,14.96,196.69,0,0.07,10.20
50,199,14.96,196.69,1,37.12,0.60
50,199,14.96,196.69,2,20.07,9.89
50,199,14.96,196.69,3,34.73,19.92
50,199,14.96,196.69,4,2.63,32.19
50,200,3.71,34.89,0,0.07,10.20
50,200,3.71,34.89,1,37.12,0.60
50,200,3.71,34.89,2,20.07,9.89
50,200,3.71,34.89,3,34.73,19.92
50,200,3.71,34.89,4,2.63,32.19
50,201,372.48,109.35,0,0.07,10.20
50,201,372.48,109.35,1,37.12,0.60
50,201,372.48,109.35,2,20.07,9.89
50,201,372.48,109.35,3,34.73,19.92
50,201,372.48,109.35,4,2.63,32.19
50,202,362.86,193.29,0,0.07,10.20
50,202,362.86,193.29,1,37.12,0.60
50,202,362.86,193.29,2,20.07,9.89
50,202,362.86,193.29,3,34.73,19.92
50,202,362.86,193.29,4,2.63,32.19
50,203,334.46,253.66,0,0.07,10.20
50,203,334.46,253.66,1,37.12,0.60
50,203,334.46,253.66,2,20.07,9.89
50,203,334.46,253.66,3,34.73,19.92
50,203,334.46,253.66,4,2.63,32.19
50,204,51.90,301.63,0,0.07,10.20
50,204,51.90,301.63,1,37.12,0.60
50,204,51.90,301.63,2,20.07,9.89
50,204,51.90,301.63,3,34.73,19.92
50,204,51.90,301.63,4,2.63,32.19
50,205,77.48,124.56,0,0.07,10.20
50,205,77.48,124.56,1,37.12,0.60
50,205,77.48,124.56,2,20.07,9.89
50,205,77.48,124.56,3,34.73,19.92
50,205,77.48,124.56,4,2.63,32.19
50,206,221.83,137.13,0,0.07,10.20
50,206,221.83,137.13,1,37.12,0.60
50,206,221.83,137.13,2,20.07,9.89
50,206,221.83,137.13,3,34.73,19.92
50,206,221.83,137.13,4,2.63,32.19
50,207,16.28,247.82,0,0.07,10.20
50,207,16.28,247.82,1,37.12,0.60
50,207,16.28,247.82,2,20.07,9.89
50,207,16.28,247.82,3,34.73,19.92
50,207,16.28,247.82,4,2.63,32.19
50,208,80.41,364.19,0,0.07,10.20
50,208,80.41,364.19,1,37.12,0.60
50,208,80.41,364.19,2,20.07,9.89
50,208,80.41,364.19,3,34.73,19.92
50,208,80.41,364.19,4,2.63,32.19
50,209,360.70,160.33,0,0.07,10.20
50,209,360.70,160.33,1,37.12,0.60
50,209,360.70,160.33,2,20.07,9.89
50,209,360.70,160.33,3,34.73,19.92
50,209,360.70,160.33,4,2.63,32.19
50,210,275.85,103.30,0,0.07,10.20
50,210,275.85,103.30,1,37.12,0.60
50,210,275.85,103.30,2,20.07,9.89
50,210,275.85,103.30,3,34.73,19.92
50,210,275.85,103.30,4,2.63,32.19
50,211,179.91,381.70,0,0.07,10.20
50,211,179.91,381.70,1,37.12,0.60
50,211,179.91,381.70,2,20.07,9.89
50,211,179.91,381.70,3,34.73,19.92
50,211,179.91,381.70,4,2.63,32.19
50,212,382.71,304.79,0,0.07,10.20
50,212,382.71,304.79,1,37.12,0.60
50,212,382.71,304.79,2,20.07,9.89
50,212,382.71,304.79,3,34.73,19.92
50,212,382.71,304.79,4,2.63,32.19
50,213,391.06,325.97,0,0.07,10.20
50,213,391.06,325.97,1,37.12,0.60
50,213,391.06,325.97,2,20.07,9.89
50,213,391.06,325.97,3,34.73,19.92
50,213,391.06,325.97,4,2.63,32.19
50,214,255.90,72.17,0,0.07,10.20
50,214,255.90,72.17,1,37.12,0.60
50,214,255.90,72.17,2,20.07,9.89
50,214,255.90,72.17,3,34.73,19.92
50,214,255.90,72.17,4,2.63,32.19
50,215,288.59,379.83,0,0.07,10.20
50,215,288.59,379.83,1,37.12,0.60
50,215,288.59,379.83,2,20.07,9.89
50,215,288.59,379.83,3,34.73,19.92
50,215,288.59,379.83,4,2.63,32.19
50,216,256.54,385.53,0,0.07,10.20
50,216,256.54,385.53,1,37.12,0.60
50,216,256.54,385.53,2,20.07,9.89
50,216,256.54,385.53,3,34.73,19.92
50,216,256.54,385.53,4,2.63,32.19
50,217,344.34,32.69,0,0.07,10.20
50,217,344.34,32.69,1,37.12,0.60
50,217,344.34,32.69,2,20.07,9.89
50,217,344.34,32.69,3,34.73,19.92
50,217,344.34,32.69,4,2.63,32.19
50,218,294.27,390.70,0,0.07,10.20
50,218,294.27,390.70,1,37.12,0.60
50,218,294.27,390.70,2,20.07,9.89
50,218,294.27,390.70,3,34.73,19.92
50,218,294.27,390.70,4,2.63,32.19
50,219,4.85,68.69,0,0.07,10.20
50,219,4.85,68.69,1,37.12,0.60
50,219,4.85,68.69,2,20.07,9.89
50,219,4.85,68.69,3,34.73,19.92
50,219,4.85,68.69,4,2.63,32.19
50,220,334.96,36.83,0,0.07,10.20
50,220,334.96,36.83,1,37.12,0.60
50,220,334.96,36.83,2,20.07,9.89
50,220,334.96,36.83,3,34.73,19.92
50,220,334.96,36.83,4,2.63,32.19
50,221,310.29,256.53,0,0.07,10.20
50,221,310.29,256.53,1,37.12,0.60
50,221,310.29,256.53,2,20.07,9.89
50,221,310.29,256.53,3,34.73,19.92
50,221,310.29,256.53,4,2.63,32.19
50,222,36.13,345.32,0,0.07,10.20
50,222,36.13,345.32,1,37.12,0.60
50,222,36.13,345.32,2,20.07,9.89
50,222,36.13,345.32,3,34.73,19.92
50,222,36.13,345.32,4,2.63,32.19
50,223,306.44,183.10,0,0.07,10.20
50,223,306.44,183.10,1,37.12,0.60
50,223,306.44,183.10,2,20.07,9.89
50,223,306.44,183.10,3,34.73,19.92
50,223,306.44,183.10,4,2.63,32.19
50,224,361.82,49.09,0,0.07,10.20
50,224,361.82,49.09,1,37.12,0.60
50,224,361.82,49.09,2,20.07,9.89
50,224,361.82,49.09,3,34.73,19.92
50,224,361.82,49.09,4,2.63,32.19
50,225,367.80,241.21,0,0.07,10.20
50,225,367.80,241.21,1,37.12,0.60
50,225,367.80,241.21,2,20.07,9.89
50,225,367.80,241.21,3,34.73,19.92
50,225,367.80,241.21,4,2.63,32.19
50,226,264.81,176.83,0,0.07,10.20
50,226,264.81,176.83,1,37.12,0.60
50,226,264.81,176.83,2,20.07,9.89
50,226,264.81,176.83,3,34.73,19.92
50,226,264.81,176.83,4,2.63,32.19
50,227,134.28,320.53,0,0.07,10.20
50,227,134.28,320.53,1,37.12,0.60
50,227,134.28,320.53,2,20.07,9.89
50,227,134.28,320.53,3,34.73,19.92
50,227,134.28,320.53,4,2.63,32.19
50,228,253.14,28.39,0,0.07,10.20
50,228,253.14,28.39,1,37.12,0.60
50,228,253.14,28.39,2,20.07,9.89
50,228,253.14,28.39,3,34.73,19.92
50,228,253.14,28.39,4,2.63,32.19
50,229,125.91,133.63,0,0.07,10.20
50,229,125.91,133.63,1,37.12,0.60
50,229,125.91,133.63,2,20.07,9.89
50,229,125.91,133.63,3,34.73,19.92
50,229,125.91,133.63,4,2.63,32.19
50,230,149.99,3.51,0,0.07,10.20
50,230,149.99,3.51,1,37.12,0.60
50,230,149.99,3.51,2,20.07,9.89
50,230,149.99,3.51,3,34.73,19.92
50,230,149.99,3.51,4,2.63,32.19
50,231,274.62,333.74,0,0.07,10.20
50,231,274.62,333.74,1,37.12,0.60
50,231,274.62,333.74,2,20.07,9.89
50,231,274.62,333.74,3,34.73,19.92
50,231,274.62,333.74,4,2.63,32.19
50,232,316.49,50.94,0,0.07,10.20
50,232,316.49,50.94,1,37.12,0.60
50,232,316.49,50.94,2,20.07,9.89
50,232,316.49,50.94,3,34.73,19.92
50,232,316.49,50.94,4,2.63,32.19
50,233,370.10,289.52,0,0.07,10.20
50,233,370.10,289.52,1,37.12,0.60
50,233,370.10,289.52,2,20.07,9.89
50,233,370.10,289.52,3,34.73,19.92
50,233,370.10,289.52,4,2.63,32.19
50,234,197.11,91.73,0,0.07,10.20
50,234,197.11,91.73,1,37.12,0.60
50,234,197.11,91.73,2,20.07,9.89
50,234,197.11,91.73,3,34.73,19.92
50,234,197.11,91.73,4,2.63,32.19
50,235,209.92,87.85,0,0.07,10.20
50,235,209.92,87.85,1,37.12,0.60
50,235,209.92,87.85,2,20.07,9.89
50,235,209.92,87.85,3,34.73,19.92
50,235,209.92,87.85,4,2.63,32.19
50,236,238.77,91.66,0,0.07,10.20
50,236,238.77,91.66,1,37.12,0.60
50,236,238.77,91.66,2,20.07,9.89
50,236,238.77,91.66,3,34.73,19.92
50,236,238.77,91.66,4,2.63,32.19
50,237,163.08,196.93,0,0.07,10.20
50,237,163.08,196.93,1,37.12,0.60
50,237,163.08,196.93,2,20.07,9.89
50,237,163.08,196.93,3,34.73,19.92
50,237,163.08,196.93,4,2.63,32.19
50,238,34.50,259.01,0,0.07,10.20
50,238,34.50,259.01,1,37.12,0.60
50,238,34.50,259.01,2,20.07,9.89
50,238,34.50,259.01,3,34.73,19.92
50,238,34.50,259.01,4,2.63,32.19
50,239,169.38,143.67,0,0.07,10.20
50,239,169.38,143.67,1,37.12,0.60
50,239,169.38,143.67,2,20.07,9.89
50,239,169.38,143.67,3,34.73,19.92
50,239,169.38,143.67,4,2.63,32.19
50,240,169.39,229.42,0,0.07,10.20
50,240,169.39,229.42,1,37.12,0.60
50,240,169.39,229.42,2,20.07,9.89
50,240,169.39,229.42,3,34.73,19.92
50,240,169.39,229.42,4,2.63,32.19
50,241,391.17,214.82,0,0.07,10.20
50,241,391.17,214.82,1,37.12,0.60
50,241,391.17,214.82,2,20.07,9.89
50,241,391.17,214.82,3,34.73,19.92
50,241,391.17,214.82,4,2.63,32.19
50,242,192.67,229.07,0,0.07,10.20
50,242,192.67,229.07,1,37.12,0.60
50,242,192.67,229.07,2,20.07,9.89
50,242,192.67,229.07,3,34.73,19.92
50,242,192.67,229.07,4,2.63,32.19
50,243,36.38,239.25,0,0.07,10.20
50,243,36.38,239.25,1,37.12,0.60
50,243,36.38,239.25,2,20.07,9.89
50,243,36.38,239.25,3,34.73,19.92
50,243,36.38,239.25,4,2.63,32.19
50,244,202.40,345.48,0,0.07,10.20
50,244,202.40,345.48,1,37.12,0.60
50,244,202.40,345.48,2,20.07,9.89
50,244,202.40,345.48,3,34.73,19.92
50,244,202.40,345.48,4,2.63,32.19
50,245,186.30,189.12,0,0.07,10.20
50,245,186.30,189.12,1,37.12,0.60
50,245,186.30,189.12,2,20.07,9.89
50,245,186.30,189.12,3,34.73,19.92
50,245,186.30,189.12,4,2.63,32.19
50,246,320.70,264.53,0,0.07,10.20
50,246,320.70,264.53,1,37.12,0.60
50,246,320.70,264.53,2,20.07,9.89
50,246,320.70,264.53,3,34.73,19.92
50,246,320.70,264.53,4,2.63,32.19
50,247,86.52,95.09,0,0.07,10.20
50,247,86.52,95.09,1,37.12,0.60
50,247,86.52,95.09,2,20.07,9.89
50,247,86.52,95.09,3,34.73,19.92
50,247,86.52,95.09,4,2.63,32.19
50,248,393.59,343.59,0,0.07,10.20
50,248,393.59,343.59,1,37.12,0.60
50,248,393.59,343.59,2,20.07,9.89
50,248,393.59,343.59,3,34.73,19.92
50,248,393.59,343.59,4,2.63,32.19
50,249,354.28,380.60,0,0.07,10.20
50,249,354.28,380.60,1,37.12,0.60
50,249,354.28,380.60,2,20.07,9.89
50,249,354.28,380.60,3,34.73,19.92
50,249,354.28,380.60,4,2.63,32.19
50,250,218.58,288.11,0,0.07,10.20
50,250,218.58,288.11,1,37.12,0.60
50,250,218.58,288.11,2,20.07,9.89
50,250,218.58,288.11,3,34.73,19.92
50,250,218.58,288.11,4,2.63,32.19
50,251,119.73,280.16,0,0.07,10.20
50,251,119.73,280.16,1,37.12,0.60
50,251,119.73,280.16,2,20.07,9.89
50,251,119.73,280.16,3,34.73,19.92
50,251,119.73,280.16,4,2.63,32.19
50,252,5.11,44.42,0,0.07,10.20
50,252,5.11,44.42,1,37.12,0.60
50,252,5.11,44.42,2,20.07,9.89
50,252,5.11,44.42,3,34.73,19.92
50,252,5.11,44.42,4,2.63,32.19
50,253,295.07,177.25,0,0.07,10.20
50,253,295.07,177.25,1,37.12,0.60
50,253,295.07,177.25,2,20.07,9.89
50,253,295.07,177.25,3,34.73,19.92
50,253,295.07,177.25,4,2.63,32.19
50,254,345.06,105.57,0,0.07,10.20
50,254,345.06,105.57,1,37.12,0.60
50,254,345.06,105.57,2,20.07,9.89
50,254,345.06,105.57,3,34.73,19.92
50,254,345.06,105.57,4,2.63,32.19
50,255,31.28,277.10,0,0.07,10.20
50,255,31.28,277.10,1,37.12,0.60
50,255,31.28,277.10,2,20.07,9.89
50,255,31.28,277.10,3,34.73,19.92
50,255,31.28,277.10,4,2.63,32.19
50,256,70.53,71.91,0,0.07,10.20
50,256,70.53,71.91,1,37.12,0.60
50,256,70.53,71.91,2,20.07,9.89
50,256,70.53,71.91,3,34.73,19.92
50,256,70.53,71.91,4,2.63,32.19
50,257,336.90,155.63,0,0.07,10.20
50,257,336.90,155.63,1,37.12,0.60
50,257,336.90,155.63,2,20.07,9.89
50,257,336.90,155.63,3,34.73,19.92
50,257,336.90,155.63,4,2.63,32.19
50,258,346.59,71.58,0,0.07,10.20
50,258,346.59,71.58,1,37.12,0.60
50,258,346.59,71.58,2,20.07,9.89
50,258,346.59,71.58,3,34.73,19.92
50,258,346.59,71.58,4,2.63,32.19
50,259,83.95,75.98,0,0.07,10.20
50,259,83.95,75.98,1,37.12,0.60
50,259,83.95,75.98,2,20.07,9.89
50,259,83.95,75.98,3,34.73,19.92
50,259,83.95,75.98,4,2.63,32.19
50,260,287.76,387.20,0,0.07,10.20
50,260,287.76,387.20,1,37.12,0.60
50,260,287.76,387.20,2,20.07,9.89
50,260,287.76,387.20,3,34.73,19.92
50,260,287.76,387.20,4,2.63,32.19
50,261,96.32,387.37,0,0.07,10.20
50,261,96.32,387.37,1,37.12,0.60
50,261,96.32,387.37,2,20.07,9.89
50,261,96.32,387.37,3,34.73,19.92
50,261,96.32,387.37,4,2.63,32.19
50,262,132.46,77.93,0,0.07,10.20
50,262,132.46,77.93,1,37.12,0.60
50,262,132.46,77.93,2,20.07,9.89
50,262,132.46,77.93,3,34.73,19.92
50,262,132.46,77.93,4,2.63,32.19
50,263,134.31,56.26,0,0.07,10.20
50,263,134.31,56.26,1,37.12,0.60
50,263,134.31,56.26,2,20.07,9.89
50,263,134.31,56.26,3,34.73,19.92
50,263,134.31,56.26,4,2.63,32.19
50,264,14.78,156.05,0,0.07,10.20
50,264,14.78,156.05,1,37.12,0.60
50,264,14.78,156.05,2,20.07,9.89
50,264,14.78,156.05,3,34.73,19.92
50,264,14.78,156.05,4,2.63,32.19
50,265,240.93,296.79,0,0.07,10.20
50,265,240.93,296.79,1,37.12,0.60
50,265,240.93,296.79,2,20.07,9.89
50,265,240.93,296.79,3,34.73,19.92
50,265,240.93,296.79,4,2.63,32.19
50,266,145.95,280.99,0,0.07,10.20
50,266,145.95,280.99,1,37.12,0.60
50,266,145.95,280.99,2,20.07,9.89
50,266,145.95,280.99,3,34.73,19.92
50,266,145.95,280.99,4,2.63,32.19
50,267,147.42,30.58,0,0.07,10.20
50,267,147.42,30.58,1,37.12,0.60
50,267,147.42,30.58,2,20.07,9.89
50,267,147.42,30.58,3,34.73,19.92
50,267,147.42,30.58,4,2.63,32.19
50,268,154.06,109.60,0,0.07,10.20
50,268,154.06,109.60,1,37.12,0.60
50,268,154.06,109.60,2,20.07,9.89
50,268,154.06,109.60,3,34.73,19.92
50,268,154.06,109.60,4,2.63,32.19
50,269,2.09,180.95,0,0.07,10.20
50,269,2.09,180.95,1,37.12,0.60
50,269,2.09,180.95,2,20.07,9.89
50,269,2.09,180.95,3,34.73,19.92
50,269,2.09,180.95,4,2.63,32.19
50,270,75.03,267.90,0,0.07,10.20
50,270,75.03,267.90,1,37.12,0.60
50,270,75.03,267.90,2,20.07,9.89
50,270,75.03,267.90,3,34.73,19.92
50,270,75.03,267.90,4,2.63,32.19
50,271,5.47,117.64,0,0.07,10.20
50,271,5.47,117.64,1,37.12,0.60
50,271,5.47,117.64,2,20.07,9.89
50,271,5.47,117.64,3,34.73,19.92
50,271,5.47,117.64,4,2.63,32.19
50,272,59.37,277.14,0,0.07,10.20
50,272,59.37,277.14,1,37.12,0.60
50,272,59.37,277.14,2,20.07,9.89
50,272,59.37,277.14,3,34.73,19.92
50,272,59.37,277.14,4,2.63,32.19
50,273,27.54,231.62,0,0.07,10.20
50,273,27.54,231.62,1,37.12,0.60
50,273,27.54,231.62,2,20.07,9.89
50,273,27.54,231.62,3,34.73,19.92
50,273,27.54,231.62,4,2.63,32.19
50,274,101.92,4.82,0,0.07,10.20
50,274,101.92,4.82,1,37.12,0.60
50,274,101.92,4.82,2,20.07,9.89
50,274,101.92,4.82,3,34.73,19.92
50,274,101.92,4.82,4,2.63,32.19
50,275,282.52,224.57,0,0.07,10.20
50,275,282.52,224.57,1,37.12,0.60
50,275,282.52,224.57,2,20.07,9.89
50,275,282.52,224.57,3,34.73,19.92
50,275,282.52,224.57,4,2.63,32.19
50,276,270.58,249.76,0,0.07,10.20
50,276,270.58,249.76,1,37.12,0.60
50,276,270.58,249.76,2,20.07,9.89
50,276,270.58,249.76,3,34.73,19.92
50,276,270.58,249.76,4,2.63,32.19
50,277,244.96,193.06,0,0.07,10.20
50,277,244.96,193.06,1,37.12,0.60
50,277,244.96,193.06,2,20.07,9.89
50,277,244.96,193.06,3,34.73,19.92
50,277,244.96,193.06,4,2.63,32.19
50,278,95.36,392.80,0,0.07,10.20
50,278,95.36,392.80,1,37.12,0.60
50,278,95.36,392.80,2,20.07,9.89
50,278,95.36,392.80,3,34.73,19.92
50,278,95.36,392.80,4,2.63,32.19
50,279,241.29,379.23,0,0.07,10.20
50,279,241.29,379.23,1,37.12,0.60
50,279,241.29,379.23,2,20.07,9.89
50,279,241.29,379.23,3,34.73,19.92
50,279,241.29,379.23,4,2.63,32.19
50,280,348.79,203.07,0,0.07,10.20
50,280,348.79,203.07,1,37.12,0.60
50,280,348.79,203.07,2,20.07,9.89
50,280,348.79,203.07,3,34.73,19.92
50,280,348.79,203.07,4,2.63,32.19
50,281,205.07,24.56,0,0.07,10.20
50,281,205.07,24.56,1,37.12,0.60
50,281,205.07,24.56,2,20.07,9.89
50,281,205.07,24.56,3,34.73,19.92
50,281,205.07,24.56,4,2.63,32.19
50,282,307.13,164.24,0,0.07,10.20
50,282,307.13,164.24,1,37.12,0.60
50,282,307.13,164.24,2,20.07,9.89
50,282,307.13,164.24,3,34.73,19.92
50,282,307.13,164.24,4,2.63,32.19
50,283,302.60,149.59,0,0.07,10.20
50,283,302.60,149.59,1,37.12,0.60
50,283,302.60,149.59,2,20.07,9.89
50,283,302.60,149.59,3,34.73,19.92
50,283,302.60,149.59,4,2.63,32.19
50,284,185.96,92.17,0,0.07,10.20
50,284,185.96,92.17,1,37.12,0.60
50,284,185.96,92.17,2,20.07,9.89
50,284,185.96,92.17,3,34.73,19.92
50,284,185.96,92.17,4,2.63,32.19
50,285,230.84,348.38,0,0.07,10.20
50,285,230.84,348.38,1,37.12,0.60
50,285,230.84,348.38,2,20.07,9.89
50,285,230.84,348.38,3,34.73,19.92
50,285,230.84,348.38,4,2.63,32.19
50,286,270.98,320.22,0,0.07,10.20
50,286,270.98,320.22,1,37.12,0.60
50,286,270.98,320.22,2,20.07,9.89
50,286,270.98,320.22,3,34.73,19.92
50,286,270.98,320.22,4,2.63,32.19
50,287,370.88,162.84,0,0.07,10.20
50,287,370.88,162.84,1,37.12,0.60
50,287,370.88,162.84,2,20.07,9.89
50,287,370.88,162.84,3,34.73,19.92
50,287,370.88,162.84,4,2.63,32.19
50,288,119.35,7.05,0,0.07,10.20
50,288,119.35,7.05,1,37.12,0.60
50,288,119.35,7.05,2,20.07,9.89
50,288,119.35,7.05,3,34.73,19.92
50,288,119.35,7.05,4,2.63,32.19
50,289,76.46,307.04,0,0.07,10.20
50,289,76.46,307.04,1,37.12,0.60
50,289,76.46,307.04,2,20.07,9.89
50,289,76.46,307.04,3,34.73,19.92
50,289,76.46,307.04,4,2.63,32.19
50,290,276.46,289.25,0,0.07,10.20
50,290,276.46,289.25,1,37.12,0.60
50,290,276.46,289.25,2,20.07,9.89
50,290,276.46,289.25,3,34.73,19.92
50,290,276.46,289.25,4,2.63,32.19
50,291,76.80,6.17,0,0.07,10.20
50,291,76.80,6.17,1,37.12,0.60
50,291,76.80,6.17,2,20.07,9.89
50,291,76.80,6.17,3,34.73,19.92
50,291,76.80,6.17,4,2.63,32.19
50,292,262.30,304.82,0,0.07,10.20
50,292,262.30,304.82,1,37.12,0.60
50,292,262.30,304.82,2,20.07,9.89
50,292,262.30,304.82,3,34.73,19.92
50,292,262.30,304.82,4,2.63,32.19
50,293,192.91,140.83,0,0.07,10.20
50,293,192.91,140.83,1,37.12,0.60
50,293,192.91,140.83,2,20.07,9.89
50,293,192.91,140.83,3,34.73,19.92
50,293,192.91,140.83,4,2.63,32.19
50,294,126.44,345.79,0,0.07,10.20
50,294,126.44,345.79,1,37.12,0.60
50,294,126.44,345.79,2,20.07,9.89
50,294,126.44,345.79,3,34.73,19.92
50,294,126.44,345.79,4,2.63,32.19
50,295,345.78,192.41,0,0.07,10.20
50,295,345.78,192.41,1,37.12,0.60
50,295,345.78,192.41,2,20.07,9.89
50,295,345.78,192.41,3,34.73,19.92
50,295,345.78,192.41,4,2.63,32.19
50,296,313.82,43.69,0,0.07,10.20
50,296,313.82,43.69,1,37.12,0.60
50,296,313.82,43.69,2,20.07,9.89
50,296,313.82,43.69,3,34.73,19.92
50,296,313.82,43.69,4,2.63,32.19
50,297,368.97,94.36,0,0.07,10.20
50,297,368.97,94.36,1,37.12,0.60
50,297,368.97,94.36,2,20.07,9.89
50,297,368.97,94.36,3,34.73,19.92
50,297,368.97,94.36,4,2.63,32.19
50,298,327.79,57.22,0,0.07,10.20
50,298,327.79,57.22,1,37.12,0.60
50,298,327.79,57.22,2,20.07,9.89
50,298,327.79,57.22,3,34.73,19.92
50,298,327.79,57.22,4,2.63,32.19
50,299,34.34,125.79,0,0.07,10.20
50,299,34.34,125.79,1,37.12,0.60
50,299,34.34,125.79,2,20.07,9.89
50,299,34.34,125.79,3,34.73,19.92
50,299,34.34,125.79,4,2.63,32.19
50,300,212.76,333.52,0,0.07,10.20
50,300,212.76,333.52,1,37.12,0.60
50,300,212.76,333.52,2,20.07,9.89
50,300,212.76,333.52,3,34.73,19.92
50,300,212.76,333.52,4,2.63,32.19
60,1,231.32,101.71,0,0.03,8.44
60,1,231.32,101.71,1,37.88,1.41
60,1,231.32,101.71,2,20.00,9.97
60,1,231.32,101.71,3,35.57,20.69
60,1,231.32,101.71,4,3.24,36.00
60,2,38.21,62.30,0,0.03,8.44
60,2,38.21,62.30,1,37.88,1.41
60,2,38.21,62.30,2,20.00,9.97
60,2,38.21,62.30,3,35.57,20.69
60,2,38.21,62.30,4,3.24,36.00
60,3,185.78,280.07,0,0.03,8.44
60,3,185.78,280.07,1,37.88,1.41
60,3,185.78,280.07,2,20.00,9.97
60,3,185.78,280.07,3,35.57,20.69
60,3,185.78,280.07,4,3.24,36.00
60,4,248.78,86.52,0,0.03,8.44
60,4,248.78,86.52,1,37.88,1.41
60,4,248.78,86.52,2,20.00,9.97
60,4,248.78,86.52,3,35.57,20.69
60,4,248.78,86.52,4,3.24,36.00
60,5,15.20,306.63,0,0.03,8.44
60,5,15.20,306.63,1,37.88,1.41
60,5,15.20,306.63,2,20.00,9.97
60,5,15.20,306.63,3,35.57,20.69
60,5,15.20,306.63,4,3.24,36.00
60,6,91.94,270.65,0,0.03,8.44
60,6,91.94,270.65,1,37.88,1.41
60,6,91.94,270.65,2,20.00,9.97
60,6,91.94,270.65,3,35.57,20.69
60,6,91.94,270.65,4,3.24,36.00
60,7,88.85,101.31,0,0.03,8.44
60,7,88.85,101.31,1,37.88,1.41
60,7,88.85,101.31,2,20.00,9.97
60,7,88.85,101.31,3,35.57,20.69
60,7,88.85,101.31,4,3.24,36.00
60,8,168.62,381.29,0,0.03,8.44
60,8,168.62,381.29,1,37.88,1.41
60,8,168.62,381.29,2,20.00,9.97
60,8,168.62,381.29,3,35.57,20.69
60,8,168.62,381.29,4,3.24,36.00
60,9,238.19,208.38,0,0.03,8.44
60,9,238.19,208.38,1,37.88,1.41
60,9,238.19,208.38,2,20.00,9.97
60,9,238.19,208.38,3,35.57,20.69
60,9,238.19,208.38,4,3.24,36.00
60,10,382.41,162.52,0,0.03,8.44
60,10,382.41,162.52,1,37.88,1.41
60,10,382.41,162.52,2,20.00,9.97
60,10,382.41,162.52,3,35.57,20.69
60,10,382.41,162.52,4,3.24,36.00
60,11,143.88,123.45,0,0.03,8.44
60,11,143.88,123.45,1,37.88,1.41
60,11,143.88,123.45,2,20.00,9.97
60,11,143.88,123.45,3,35.57,20.69
60,11,143.88,123.45,4,3.24,36.00
60,12,232.24,73.60,0,0.03,8.44
60,12,232.24,73.60,1,37.88,1.41
60,12,232.24,73.60,2,20.00,9.97
60,12,232.24,73.60,3,35.57,20.69
60,12,232.24,73.60,4,3.24,36.00
60,13,129.63,74.25,0,0.03,8.44
60,13,129.63,74.25,1,37.88,1.41
60,13,129.63,74.25,2,20.00,9.97
60,13,129.63,74.25,3,35.57,20.69
60,13,129.63,74.25,4,3.24,36.00
60,14,6.28,378.57,0,0.03,8.44
60,14,6.28,378.57,1,37.88,1.41
60,14,6.28,378.57,2,20.00,9.97
60,14,6.28,378.57,3,35.57,20.69
60,14,6.28,378.57,4,3.24,36.00
60,15,4.75,318.13,0,0.03,8.44
60,15,4.75,318.13,1,37.88,1.41
60,15,4.75,318.13,2,20.00,9.97
60,15,4.75,318.13,3,35.57,20.69
60,15,4.75,318.13,4,3.24,36.00
60,16,324.20,309.50,0,0.03,8.44
60,16,324.20,309.50,1,37.88,1.41
60,16,324.20,309.50,2,20.00,9.97
60,16,324.20,309.50,3,35.57,20.69
60,16,324.20,309.50,4,3.24,36.00
60,17,381.55,179.80,0,0.03,8.44
60,17,381.55,179.80,1,37.88,1.41
60,17,381.55,179.80,2,20.00,9.97
60,17,381.55,179.80,3,35.57,20.69
60,17,381.55,179.80,4,3.24,36.00
60,18,194.86,365.26,0,0.03,8.44
60,18,194.86,365.26,1,37.88,1.41
60,18,194.86,365.26,2,20.00,9.97
60,18,194.86,365.26,3,35.57,20.69
60,18,194.86,365.26,4,3.24,36.00
60,19,77.01,317.66,0,0.03,8.44
60,19,77.01,317.66,1,37.88,1.41
60,19,77.01,317.66,2,20.00,9.97
60,19,77.01,317.66,3,35.57,20.69
60,19,77.01,317.66,4,3.24,36.00
60,20,205.92,370.47,0,0.03,8.44
60,20,205.92,370.47,1,37.88,1.41
60,20,205.92,370.47,2,20.00,9.97
60,20,205.92,370.47,3,35.57,20.69
60,20,205.92,370.47,4,3.24,36.00
60,21,388.34,112.36,0,0.03,8.44
60,21,388.34,112.36,1,37.88,1.41
60,21,388.34,112.36,2,20.00,9.97
60,21,388.34,112.36,3,35.57,20.69
60,21,388.34,112.36,4,3.24,36.00
60,22,263.24,372.43,0,0.03,8.44
60,22,263.24,372.43,1,37.88,1.41
60,22,263.24,372.43,2,20.00,9.97
60,22,263.24,372.43,3,35.57,20.69
60,22,263.24,372.43,4,3.24,36.00
60,23,343.72,282.70,0,0.03,8.44
60,23,343.72,282.70,1,37.88,1.41
60,23,343.72,282.70,2,20.00,9.97
60,23,343.72,282.70,3,35.57,20.69
60,23,343.72,282.70,4,3.24,36.00
60,24,123.24,44.33,0,0.03,8.44
60,24,123.24,44.33,1,37.88,1.41
60,24,123.24,44.33,2,20.00,9.97
60,24,123.24,44.33,3,35.57,20.69
60,24,123.24,44.33,4,3.24,36.00
60,25,85.28,352.25,0,0.03,8.44
60,25,85.28,352.25,1,37.88,1.41
60,25,85.28,352.25,2,20.00,9.97
60,25,85.28,352.25,3,35.57,20.69
60,25,85.28,352.25,4,3.24,36.00
60,26,294.34,11.40,0,0.03,8.44
60,26,294.34,11.40,1,37.88,1.41
60,26,294.34,11.40,2,20.00,9.97
60,26,294.34,11.40,3,35.57,20.69
60,26,294.34,11.40,4,3.24,36.00
60,27,238.10,80.35,0,0.03,8.44
60,27,238.10,80.35,1,37.88,1.41
60,27,238.10,80.35,2,20.00,9.97
60,27,238.10,80.35,3,35.57,20.69
60,27,238.10,80.35,4,3.24,36.00
60,28,382.47,368.10,0,0.03,8.44
60,28,382.47,368.10,1,37.88,1.41
60,28,382.47,368.10,2,20.00,9.97
60,28,382.47,368.10,3,35.57,20.69
60,28,382.47,368.10,4,3.24,36.00
60,29,150.84,249.38,0,0.03,8.44
60,29,150.84,249.38,1,37.88,1.41
60,29,150.84,249.38,2,20.00,9.97
60,29,150.84,249.38,3,35.57,20.69
60,29,150.84,249.38,4,3.24,36.00
60,30,378.01,186.22,0,0.03,8.44
60,30,378.01,186.22,1,37.88,1.41
60,30,378.01,186.22,2,20.00,9.97
60,30,378.01,186.22,3,35.57,20.69
60,30,378.01,186.22,4,3.24,36.00
60,31,190.04,18.87,0,0.03,8.44
60,31,190.04,18.87,1,37.88,1.41
60,31,190.04,18.87,2,20.00,9.97
60,31,190.04,18.87,3,35.57,20.69
60,31,190.04,18.87,4,3.24,36.00
60,32,231.62,64.91,0,0.03,8.44
60,32,231.62,64.91,1,37.88,1.41
60,32,231.62,64.91,2,20.00,9.97
60,32,231.62,64.91,3,35.57,20.69
60,32,231.62,64.91,4,3.24,36.00
60,33,40.58,255.58,0,0.03,8.44
60,33,40.58,255.58,1,37.88,1.41
60,33,40.58,255.58,2,20.00,9.97
60,33,40.58,255.58,3,35.57,20.69
60,33,40.58,255.58,4,3.24,36.00
60,34,163.50,105.19,0,0.03,8.44
60,34,163.50,105.19,1,37.88,1.41
60,34,163.50,105.19,2,20.00,9.97
60,34,163.50,105.19,3,35.57,20.69
60,34,163.50,105.19,4,3.24,36.00
60,35,305.74,211.85,0,0.03,8.44
60,35,305.74,211.85,1,37.88,1.41
60,35,305.74,211.85,2,20.00,9.97
60,35,305.74,211.85,3,35.57,20.69
60,35,305.74,211.85,4,3.24,36.00
60,36,111.82,315.05,0,0.03,8.44
60,36,111.82,315.05,1,37.88,1.41
60,36,111.82,315.05,2,20.00,9.97
60,36,111.82,315.05,3,35.57,20.69
60,36,111.82,315.05,4,3.24,36.00
60,37,295.63,295.30,0,0.03,8.44
60,37,295.63,295.30,1,37.88,1.41
60,37,295.63,295.30,2,20.00,9.97
60,37,295.63,295.30,3,35.57,20.69
60,37,295.63,295.30,4,3.24,36.00
60,38,129.30,235.37,0,0.03,8.44
60,38,129.30,235.37,1,37.88,1.41
60,38,129.30,235.37,2,20.00,9.97
60,38,129.30,235.37,3,35.57,20.69
60,38,129.30,235.37,4,3.24,36.00
60,39,115.45,199.16,0,0.03,8.44
60,39,115.45,199.16,1,37.88,1.41
60,39,115.45,199.16,2,20.00,9.97
60,39,115.45,199.16,3,35.57,20.69
60,39,115.45,199.16,4,3.24,36.00
60,40,290.01,100.34,0,0.03,8.44
60,40,290.01,100.34,1,37.88,1.41
60,40,290.01,100.34,2,20.00,9.97
60,40,290.01,100.34,3,35.57,20.69
60,40,290.01,100.34,4,3.24,36.00
60,41,247.28,310.54,0,0.03,8.44
60,41,247.28,310.54,1,37.88,1.41
60,41,247.28,310.54,2,20.00,9.97
60,41,247.28,310.54,3,35.57,20.69
60,41,247.28,310.54,4,3.24,36.00
60,42,355.79,251.11,0,0.03,8.44
60,42,355.79,251.11,1,37.88,1.41
60,42,355.79,251.11,2,20.00,9.97
60,42,355.79,251.11,3,35.57,20.69
60,42,355.79,251.11,4,3.24,36.00
60,43,216.65,59.85,0,0.03,8.44
60,43,216.65,59.85,1,37.88,1.41
60,43,216.65,59.85,2,20.00,9.97
60,43,216.65,59.85,3,35.57,20.69
60,43,216.65,59.85,4,3.24,36.00
60,44,345.10,209.61,0,0.03,8.44
60,44,345.10,209.61,1,37.88,1.41
60,44,345.10,209.61,2,20.00,9.97
60,44,345.10,209.61,3,35.57,20.69
60,44,345.10,209.61,4,3.24,36.00
60,45,236.90,86.92,0,0.03,8.44
60,45,236.90,86.92,1,37.88,1.41
60,45,236.90,86.92,2,20.00,9.97
60,45,236.90,86.92,3,35.57,20.69
60,45,236.90,86.92,4,3.24,36.00
60,46,85.77,380.11,0,0.03,8.44
60,46,85.77,380.11,1,37.88,1.41
60,46,85.77,380.11,2,20.00,9.97
60,46,85.77,380.11,3,35.57,20.69
60,46,85.77,380.11,4,3.24,36.00
60,47,61.50,287.51,0,0.03,8.44
60,47,61.50,287.51,1,37.88,1.41
60,47,61.50,287.51,2,20.00,9.97
60,47,61.50,287.51,3,35.57,20.69
60,47,61.50,287.51,4,3.24,36.00
60,48,329.78,199.47,0,0.03,8.44
60,48,329.78,199.47,1,37.88,1.41
60,48,329.78,199.47,2,20.00,9.97
60,48,329.78,199.47,3,35.57,20.69
60,48,329.78,199.47,4,3.24,36.00
60,49,189.58,147.09,0,0.03,8.44
60,49,189.58,147.09,1,37.88,1.41
60,49,189.58,147.09,2,20.00,9.97
60,49,189.58,147.09,3,35.57,20.69
60,49,189.58,147.09,4,3.24,36.00
60,50,297.70,330.20,0,0.03,8.44
60,50,297.70,330.20,1,37.88,1.41
60,50,297.70,330.20,2,20.00,9.97
60,50,297.70,330.20,3,35.57,20.69
60,50,297.70,330.20,4,3.24,36.00
60,51,29.66,351.53,0,0.03,8.44
60,51,29.66,351.53,1,37.88,1.41
60,51,29.66,351.53,2,20.00,9.97
60,51,29.66,351.53,3,35.57,20.69
60,51,29.66,351.53,4,3.24,36.00
60,52,206.74,111.68,0,0.03,8.44
60,52,206.74,111.68,1,37.88,1.41
60,52,206.74,111.68,2,20.00,9.97
60,52,206.74,111.68,3,35.57,20.69
60,52,206.74,111.68,4,3.24,36.00
60,53,256.67,247.60,0,0.03,8.44
60,53,256.67,247.60,1,37.88,1.41
60,53,256.67,247.60,2,20.00,9.97
60,53,256.67,247.60,3,35.57,20.69
60,53,256.67,247.60,4,3.24,36.00
60,54,328.40,35.23,0,0.03,8.44
60,54,328.40,35.23,1,37.88,1.41
60,54,328.40,35.23,2,20.00,9.97
60,54,328.40,35.23,3,35.57,20.69
60,54,328.40,35.23,4,3.24,36.00
60,55,253.81,262.19,0,0.03,8.44
60,55,253.81,262.19,1,37.88,1.41
60,55,253.81,262.19,2,20.00,9.97
60,55,253.81,262.19,3,35.57,20.69
60,55,253.81,262.19,4,3.24,36.00
60,56,298.24,160.87,0,0.03,8.44
60,56,298.24,160.87,1,37.88,1.41
60,56,298.24,160.87,2,20.00,9.97
60,56,298.24,160.87,3,35.57,20.69
60,56,298.24,160.87,4,3.24,36.00
60,57,100.13,182.61,0,0.03,8.44
60,57,100.13,182.61,1,37.88,1.41
60,57,100.13,182.61,2,20.00,9.97
60,57,100.13,182.61,3,35.57,20.69
60,57,100.13,182.61,4,3.24,36.00
60,58,338.28,195.21,0,0.03,8.44
60,58,338.28,195.21,1,37.88,1.41
60,58,338.28,195.21,2,20.00,9.97
60,58,338.28,195.21,3,35.57,20.69
60,58,338.28,195.21,4,3.24,36.00
60,59,63.37,146.83,0,0.03,8.44
60,59,63.37,146.83,1,37.88,1.41
60,59,63.37,146.83,2,20.00,9.97
60,59,63.37,146.83,3,35.57,20.69
60,59,63.37,146.83,4,3.24,36.00
60,60,175.18,263.01,0,0.03,8.44
60,60,175.18,263.01,1,37.88,1.41
60,60,175.18,263.01,2,20.00,9.97
60,60,175.18,263.01,3,35.57,20.69
60,60,175.18,263.01,4,3.24,36.00
60,61,30.31,144.97,0,0.03,8.44
60,61,30.31,144.97,1,37.88,1.41
60,61,30.31,144.97,2,20.00,9.97
60,61,30.31,144.97,3,35.57,20.69
60,61,30.31,144.97,4,3.24,36.00
60,62,45.85,368.38,0,0.03,8.44
60,62,45.85,368.38,1,37.88,1.41
60,62,45.85,368.38,2,20.00,9.97
60,62,45.85,368.38,3,35.57,20.69
60,62,45.85,368.38,4,3.24,36.00
60,63,118.27,174.27,0,0.03,8.44
60,63,118.27,174.27,1,37.88,1.41
60,63,118.27,174.27,2,20.00,9.97
60,63,118.27,174.27,3,35.57,20.69
60,63,118.27,174.27,4,3.24,36.00
60,64,332.07,43.96,0,0.03,8.44
60,64,332.07,43.96,1,37.88,1.41
60,64,332.07,43.96,2,20.00,9.97
60,64,332.07,43.96,3,35.57,20.69
60,64,332.07,43.96,4,3.24,36.00
60,65,328.23,282.08,0,0.03,8.44
60,65,328.23,282.08,1,37.88,1.41
60,65,328.23,282.08,2,20.00,9.97
60,65,328.23,282.08,3,35.57,20.69
60,65,328.23,282.08,4,3.24,36.00
60,66,114.79,387.15,0,0.03,8.44
60,66,114.79,387.15,1,37.88,1.41
60,66,114.79,387.15,2,20.00,9.97
60,66,114.79,387.15,3,35.57,20.69
60,66,114.79,387.15,4,3.24,36.00
60,67,40.60,220.34,0,0.03,8.44
60,67,40.60,220.34,1,37.88,1.41
60,67,40.60,220.34,2,20.00,9.97
60,67,40.60,220.34,3,35.57,20.69
60,67,40.60,220.34,4,3.24,36.00
60,68,238.62,314.73,0,0.03,8.44
60,68,238.62,314.73,1,37.88,1.41
60,68,238.62,314.73,2,20.00,9.97
60,68,238.62,314.73,3,35.57,20.69
60,68,238.62,314.73,4,3.24,36.00
60,69,368.46,365.26,0,0.03,8.44
60,69,368.46,365.26,1,37.88,1.41
60,69,368.46,365.26,2,20.00,9.97
60,69,368.46,365.26,3,35.57,20.69
60,69,368.46,365.26,4,3.24,36.00
60,70,219.58,69.45,0,0.03,8.44
60,70,219.58,69.45,1,37.88,1.41
60,70,219.58,69.45,2,20.00,9.97
60,70,219.58,69.45,3,35.57,20.69
60,70,219.58,69.45,4,3.24,36.00
60,71,46.01,358.00,0,0.03,8.44
60,71,46.01,358.00,1,37.88,1.41
60,71,46.01,358.00,2,20.00,9.97
60,71,46.01,358.00,3,35.57,20.69
60,71,46.01,358.00,4,3.24,36.00
60,72,17.95,391.30,0,0.03,8.44
60,72,17.95,391.30,1,37.88,1.41
60,72,17.95,391.30,2,20.00,9.97
60,72,17.95,391.30,3,35.57,20.69
60,72,17.95,391.30,4,3.24,36.00
60,73,361.26,135.40,0,0.03,8.44
60,73,361.26,135.40,1,37.88,1.41
60,73,361.26,135.40,2,20.00,9.97
60,73,361.26,135.40,3,35.57,20.69
60,73,361.26,135.40,4,3.24,36.00
60,74,227.63,58.65,0,0.03,8.44
60,74,227.63,58.65,1,37.88,1.41
60,74,227.63,58.65,2,20.00,9.97
60,74,227.63,58.65,3,35.57,20.69
60,74,227.63,58.65,4,3.24,36.00
60,75,193.63,79.11,0,0.03,8.44
60,75,193.63,79.11,1,37.88,1.41
60,75,193.63,79.11,2,20.00,9.97
60,75,193.63,79.11,3,35.57,20.69
60,75,193.63,79.11,4,3.24,36.00
60,76,352.58,86.32,0,0.03,8.44
60,76,352.58,86.32,1,37.88,1.41
60,76,352.58,86.32,2,20.00,9.97
60,76,352.58,86.32,3,35.57,20.69
60,76,352.58,86.32,4,3.24,36.00
60,77,101.08,170.81,0,0.03,8.44
60,77,101.08,170.81,1,37.88,1.41
60,77,101.08,170.81,2,20.00,9.97
60,77,101.08,170.81,3,35.57,20.69
60,77,101.08,170.81,4,3.24,36.00
60,78,195.10,395.75,0,0.03,8.44
60,78,195.10,395.75,1,37.88,1.41
60,78,195.10,395.75,2,20.00,9.97
60,78,195.10,395.75,3,35.57,20.69
60,78,195.10,395.75,4,3.24,36.00
60,79,353.33,211.71,0,0.03,8.44
60,79,353.33,211.71,1,37.88,1.41
60,79,353.33,211.71,2,20.00,9.97
60,79,353.33,211.71,3,35.57,20.69
60,79,353.33,211.71,4,3.24,36.00
60,80,369.80,179.90,0,0.03,8.44
60,80,369.80,179.90,1,37.88,1.41
60,80,369.80,179.90,2,20.00,9.97
60,80,369.80,179.90,3,35.57,20.69
60,80,369.80,179.90,4,3.24,36.00
60,81,264.98,348.65,0,0.03,8.44
60,81,264.98,348.65,1,37.88,1.41
60,81,264.98,348.65,2,20.00,9.97
60,81,264.98,348.65,3,35.57,20.69
60,81,264.98,348.65,4,3.24,36.00
60,82,321.93,95.55,0,0.03,8.44
60,82,321.93,95.55,1,37.88,1.41
60,82,321.93,95.55,2,20.00,9.97
60,82,321.93,95.55,3,35.57,20.69
60,82,321.93,95.55,4,3.24,36.00
60,83,152.38,17.41,0,0.03,8.44
60,83,152.38,17.41,1,37.88,1.41
60,83,152.38,17.41,2,20.00,9.97
60,83,152.38,17.41,3,35.57,20.69
60,83,152.38,17.41,4,3.24,36.00
60,84,231.18,288.28,0,0.03,8.44
60,84,231.18,288.28,1,37.88,1.41
60,84,231.18,288.28,2,20.00,9.97
60,84,231.18,288.28,3,35.57,20.69
60,84,231.18,288.28,4,3.24,36.00
60,85,363.43,102.35,0,0.03,8.44
60,85,363.43,102.35,1,37.88,1.41
60,85,363.43,102.35,2,20.00,9.97
60,85,363.43,102.35,3,35.57,20.69
60,85,363.43,102.35,4,3.24,36.00
60,86,6.21,144.99,0,0.03,8.44
60,86,6.21,144.99,1,37.88,1.41
60,86,6.21,144.99,2,20.00,9.97
60,86,6.21,144.99,3,35.57,20.69
60,86,6.21,144.99,4,3.24,36.00
60,87,384.71,52.29,0,0.03,8.44
60,87,384.71,52.29,1,37.88,1.41
60,87,384.71,52.29,2,20.00,9.97
60,87,384.71,52.29,3,35.57,20.69
60,87,384.71,52.29,4,3.24,36.00
60,88,194.48,304.88,0,0.03,8.44
60,88,194.48,304.88,1,37.88,1.41
60,88,194.48,304.88,2,20.00,9.97
60,88,194.48,304.88,3,35.57,20.69
60,88,194.48,304.88,4,3.24,36.00
60,89,317.33,57.52,0,0.03,8.44
60,89,317.33,57.52,1,37.88,1.41
60,89,317.33,57.52,2,20.00,9.97
60,89,317.33,57.52,3,35.57,20.69
60,89,317.33,57.52,4,3.24,36.00
60,90,191.46,32.75,0,0.03,8.44
60,90,191.46,32.75,1,37.88,1.41
60,90,191.46,32.75,2,20.00,9.97
60,90,191.46,32.75,3,35.57,20.69
60,90,191.46,32.75,4,3.24,36.00
60,92,269.46,76.17,0,0.03,8.44
60,92,269.46,76.17,1,37.88,1.41
60,92,269.46,76.17,2,20.00,9.97
60,92,269.46,76.17,3,35.57,20.69
60,92,269.46,76.17,4,3.24,36.00
60,93,245.17,71.10,0,0.03,8.44
60,93,245.17,71.10,1,37.88,1.41
60,93,245.17,71.10,2,20.00,9.97
60,93,245.17,71.10,3,35.57,20.69
60,93,245.17,71.10,4,3.24,36.00
60,94,40.17,350.79,0,0.03,8.44
60,94,40.17,350.79,1,37.88,1.41
60,94,40.17,350.79,2,20.00,9.97
60,94,40.17,350.79,3,35.57,20.69
60,94,40.17,350.79,4,3.24,36.00
60,95,321.53,141.35,0,0.03,8.44
60,95,321.53,141.35,1,37.88,1.41
60,95,321.53,141.35,2,20.00,9.97
60,95,321.53,141.35,3,35.57,20.69
60,95,321.53,141.35,4,3.24,36.00
60,96,78.63,192.89,0,0.03,8.44
60,96,78.63,192.89,1,37.88,1.41
60,96,78.63,192.89,2,20.00,9.97
60,96,78.63,192.89,3,35.57,20.69
60,96,78.63,192.89,4,3.24,36.00
60,97,248.54,179.97,0,0.03,8.44
60,97,248.54,179.97,1,37.88,1.41
60,97,248.54,179.97,2,20.00,9.97
60,97,248.54,179.97,3,35.57,20.69
60,97,248.54,179.97,4,3.24,36.00
60,98,305.81,15.36,0,0.03,8.44
60,98,305.81,15.36,1,37.88,1.41
60,98,305.81,15.36,2,20.00,9.97
60,98,305.81,15.36,3,35.57,20.69
60,98,305.81,15.36,4,3.24,36.00
60,99,375.32,156.00,0,0.03,8.44
60,99,375.32,156.00,1,37.88,1.41
60,99,375.32,156.00,2,20.00,9.97
60,99,375.32,156.00,3,35.57,20.69
60,99,375.32,156.00,4,3.24,36.00
60,100,380.51,173.54,0,0.03,8.44
60,100,380.51,173.54,1,37.88,1.41
60,100,380.51,173.54,2,20.00,9.97
60,100,380.51,173.54,3,35.57,20.69
60,100,380.51,173.54,4,3.24,36.00
60,101,357.39,14.07,0,0.03,8.44
60,101,357.39,14.07,1,37.88,1.41
60,101,357.39,14.07,2,20.00,9.97
60,101,357.39,14.07,3,35.57,20.69
60,101,357.39,14.07,4,3.24,36.00
60,102,69.98,190.13,0,0.03,8.44
60,102,69.98,190.13,1,37.88,1.41
60,102,69.98,190.13,2,20.00,9.97
60,102,69.98,190.13,3,35.57,20.69
60,102,69.98,190.13,4,3.24,36.00
60,103,137.94,394.77,0,0.03,8.44
60,103,137.94,394.77,1,37.88,1.41
60,103,137.94,394.77,2,20.00,9.97
60,103,137.94,394.77,3,35.57,20.69
60,103,137.94,394.77,4,3.24,36.00
60,104,315.46,15.74,0,0.03,8.44
60,104,315.46,15.74,1,37.88,1.41
60,104,315.46,15.74,2,20.00,9.97
60,104,315.46,15.74,3,35.57,20.69
60,104,315.46,15.74,4,3.24,36.00
60,105,57.61,350.88,0,0.03,8.44
60,105,57.61,350.88,1,37.88,1.41
60,105,57.61,350.88,2,20.00,9.97
60,105,57.61,350.88,3,35.57,20.69
60,105,57.61,350.88,4,3.24,36.00
60,106,70.93,232.17,0,0.03,8.44
60,106,70.93,232.17,1,37.88,1.41
60,106,70.93,232.17,2,20.00,9.97
60,106,70.93,232.17,3,35.57,20.69
60,106,70.93,232.17,4,3.24,36.00
60,107,232.63,125.47,0,0.03,8.44
60,107,232.63,125.47,1,37.88,1.41
60,107,232.63,125.47,2,20.00,9.97
60,107,232.63,125.47,3,35.57,20.69
60,107,232.63,125.47,4,3.24,36.00
60,108,5.62,22.34,0,0.03,8.44
60,108,5.62,22.34,1,37.88,1.41
60,108,5.62,22.34,2,20.00,9.97
60,108,5.62,22.34,3,35.57,20.69
60,108,5.62,22.34,4,3.24,36.00
60,109,80.66,289.95,0,0.03,8.44
60,109,80.66,289.95,1,37.88,1.41
60,109,80.66,289.95,2,20.00,9.97
60,109,80.66,289.95,3,35.57,20.69
60,109,80.66,289.95,4,3.24,36.00
60,110,145.04,324.85,0,0.03,8.44
60,110,145.04,324.85,1,37.88,1.41
60,110,145.04,324.85,2,20.00,9.97
60,110,145.04,324.85,3,35.57,20.69
60,110,145.04,324.85,4,3.24,36.00
60,111,353.61,50.32,0,0.03,8.44
60,111,353.61,50.32,1,37.88,1.41
60,111,353.61,50.32,2,20.00,9.97
60,111,353.61,50.32,3,35.57,20.69
60,111,353.61,50.32,4,3.24,36.00
60,112,152.06,96.91,0,0.03,8.44
60,112,152.06,96.91,1,37.88,1.41
60,112,152.06,96.91,2,20.00,9.97
60,112,152.06,96.91,3,35.57,20.69
60,112,152.06,96.91,4,3.24,36.00
60,113,109.66,135.24,0,0.03,8.44
60,113,109.66,135.24,1,37.88,1.41
60,113,109.66,135.24,2,20.00,9.97
60,113,109.66,135.24,3,35.57,20.69
60,113,109.66,135.24,4,3.24,36.00
60,114,145.32,8.02,0,0.03,8.44
60,114,145.32,8.02,1,37.88,1.41
60,114,145.32,8.02,2,20.00,9.97
60,114,145.32,8.02,3,35.57,20.69
60,114,145.32,8.02,4,3.24,36.00
60,115,384.57,249.34,0,0.03,8.44
60,115,384.57,249.34,1,37.88,1.41
60,115,384.57,249.34,2,20.00,9.97
60,115,384.57,249.34,3,35.57,20.69
60,115,384.57,249.34,4,3.24,36.00
60,116,204.71,163.12,0,0.03,8.44
60,116,204.71,163.12,1,37.88,1.41
60,116,204.71,163.12,2,20.00,9.97
60,116,204.71,163.12,3,35.57,20.69
60,116,204.71,163.12,4,3.24,36.00
60,117,347.63,93.35,0,0.03,8.44
60,117,347.63,93.35,1,37.88,1.41
60,117,347.63,93.35,2,20.00,9.97
60,117,347.63,93.35,3,35.57,20.69
60,117,347.63,93.35,4,3.24,36.00
60,118,105.62,212.84,0,0.03,8.44
60,118,105.62,212.84,1,37.88,1.41
60,118,105.62,212.84,2,20.00,9.97
60,118,105.62,212.84,3,35.57,20.69
60,118,105.62,212.84,4,3.24,36.00
60,119,308.33,87.34,0,0.03,8.44
60,119,308.33,87.34,1,37.88,1.41
60,119,308.33,87.34,2,20.00,9.97
60,119,308.33,87.34,3,35.57,20.69
60,119,308.33,87.34,4,3.24,36.00
60,120,186.45,248.61,0,0.03,8.44
60,120,186.45,248.61,1,37.88,1.41
60,120,186.45,248.61,2,20.00,9.97
60,120,186.45,248.61,3,35.57,20.69
60,120,186.45,248.61,4,3.24,36.00
60,121,93.37,107.07,0,0.03,8.44
60,121,93.37,107.07,1,37.88,1.41
60,121,93.37,107.07,2,20.00,9.97
60,121,93.37,107.07,3,35.57,20.69
60,121,93.37,107.07,4,3.24,36.00
60,122,158.58,227.89,0,0.03,8.44
60,122,158.58,227.89,1,37.88,1.41
60,122,158.58,227.89,2,20.00,9.97
60,122,158.58,227.89,3,35.57,20.69
60,122,158.58,227.89,4,3.24,36.00
60,123,175.64,314.13,0,0.03,8.44
60,123,175.64,314.13,1,37.88,1.41
60,123,175.64,314.13,2,20.00,9.97
60,123,175.64,314.13,3,35.57,20.69
60,123,175.64,314.13,4,3.24,36.00
60,124,114.82,17.48,0,0.03,8.44
60,124,114.82,17.48,1,37.88,1.41
60,124,114.82,17.48,2,20.00,9.97
60,124,114.82,17.48,3,35.57,20.69
60,124,114.82,17.48,4,3.24,36.00
60,125,366.97,78.07,0,0.03,8.44
60,125,366.97,78.07,1,37.88,1.41
60,125,366.97,78.07,2,20.00,9.97
60,125,366.97,78.07,3,35.57,20.69
60,125,366.97,78.07,4,3.24,36.00
60,126,33.25,72.46,0,0.03,8.44
60,126,33.25,72.46,1,37.88,1.41
60,126,33.25,72.46,2,20.00,9.97
60,126,33.25,72.46,3,35.57,20.69
60,126,33.25,72.46,4,3.24,36.00
60,127,30.47,391.19,0,0.03,8.44
60,127,30.47,391.19,1,37.88,1.41
60,127,30.47,391.19,2,20.00,9.97
60,127,30.47,391.19,3,35.57,20.69
60,127,30.47,391.19,4,3.24,36.00
60,128,252.16,364.83,0,0.03,8.44
60,128,252.16,364.83,1,37.88,1.41
60,128,252.16,364.83,2,20.00,9.97
60,128,252.16,364.83,3,35.57,20.69
60,128,252.16,364.83,4,3.24,36.00
60,129,265.92,168.51,0,0.03,8.44
60,129,265.92,168.51,1,37.88,1.41
60,129,265.92,168.51,2,20.00,9.97
60,129,265.92,168.51,3,35.57,20.69
60,129,265.92,168.51,4,3.24,36.00
60,130,374.79,198.25,0,0.03,8.44
60,130,374.79,198.25,1,37.88,1.41
60,130,374.79,198.25,2,20.00,9.97
60,130,374.79,198.25,3,35.57,20.69
60,130,374.79,198.25,4,3.24,36.00
60,131,271.41,54.11,0,0.03,8.44
60,131,271.41,54.11,1,37.88,1.41
60,131,271.41,54.11,2,20.00,9.97
60,131,271.41,54.11,3,35.57,20.69
60,131,271.41,54.11,4,3.24,36.00
60,132,361.09,325.61,0,0.03,8.44
60,132,361.09,325.61,1,37.88,1.41
60,132,361.09,325.61,2,20.00,9.97
60,132,361.09,325.61,3,35.57,20.69
60,132,361.09,325.61,4,3.24,36.00
60,133,3.65,125.96,0,0.03,8.44
60,133,3.65,125.96,1,37.88,1.41
60,133,3.65,125.96,2,20.00,9.97
60,133,3.65,125.96,3,35.57,20.69
60,133,3.65,125.96,4,3.24,36.00
60,134,368.20,41.48,0,0.03,8.44
60,134,368.20,41.48,1,37.88,1.41
60,134,368.20,41.48,2,20.00,9.97
60,134,368.20,41.48,3,35.57,20.69
60,134,368.20,41.48,4,3.24,36.00
60,135,94.45,235.83,0,0.03,8.44
60,135,94.45,235.83,1,37.88,1.41
60,135,94.45,235.83,2,20.00,9.97
60,135,94.45,235.83,3,35.57,20.69
60,135,94.45,235.83,4,3.24,36.00
60,136,339.77,53.79,0,0.03,8.44
60,136,339.77,53.79,1,37.88,1.41
60,136,339.77,53.79,2,20.00,9.97
60,136,339.77,53.79,3,35.57,20.69
60,136,339.77,53.79,4,3.24,36.00
60,137,265.42,46.26,0,0.03,8.44
60,137,265.42,46.26,1,37.88,1.41
60,137,265.42,46.26,2,20.00,9.97
60,137,265.42,46.26,3,35.57,20.69
60,137,265.42,46.26,4,3.24,36.00
60,138,257.69,80.27,0,0.03,8.44
60,138,257.69,80.27,1,37.88,1.41
60,138,257.69,80.27,2,20.00,9.97
60,138,257.69,80.27,3,35.57,20.69
60,138,257.69,80.27,4,3.24,36.00
60,139,356.37,77.64,0,0.03,8.44
60,139,356.37,77.64,1,37.88,1.41
60,139,356.37,77.64,2,20.00,9.97
60,139,356.37,77.64,3,35.57,20.69
60,139,356.37,77.64,4,3.24,36.00
60,140,371.36,10.41,0,0.03,8.44
60,140,371.36,10.41,1,37.88,1.41
60,140,371.36,10.41,2,20.00,9.97
60,140,371.36,10.41,3,35.57,20.69
60,140,371.36,10.41,4,3.24,36.00
60,141,358.83,373.14,0,0.03,8.44
60,141,358.83,373.14,1,37.88,1.41
60,141,358.83,373.14,2,20.00,9.97
60,141,358.83,373.14,3,35.57,20.69
60,141,358.83,373.14,4,3.24,36.00
60,142,244.73,150.98,0,0.03,8.44
60,142,244.73,150.98,1,37.88,1.41
60,142,244.73,150.98,2,20.00,9.97
60,142,244.73,150.98,3,35.57,20.69
60,142,244.73,150.98,4,3.24,36.00
60,143,349.78,360.30,0,0.03,8.44
60,143,349.78,360.30,1,37.88,1.41
60,143,349.78,360.30,2,20.00,9.97
60,143,349.78,360.30,3,35.57,20.69
60,143,349.78,360.30,4,3.24,36.00
60,144,386.98,191.50,0,0.03,8.44
60,144,386.98,191.50,1,37.88,1.41
60,144,386.98,191.50,2,20.00,9.97
60,144,386.98,191.50,3,35.57,20.69
60,144,386.98,191.50,4,3.24,36.00
60,145,237.81,358.88,0,0.03,8.44
60,145,237.81,358.88,1,37.88,1.41
60,145,237.81,358.88,2,20.00,9.97
60,145,237.81,358.88,3,35.57,20.69
60,145,237.81,358.88,4,3.24,36.00
60,146,126.11,205.23,0,0.03,8.44
60,146,126.11,205.23,1,37.88,1.41
60,146,126.11,205.23,2,20.00,9.97
60,146,126.11,205.23,3,35.57,20.69
60,146,126.11,205.23,4,3.24,36.00
60,147,12.00,236.50,0,0.03,8.44
60,147,12.00,236.50,1,37.88,1.41
60,147,12.00,236.50,2,20.00,9.97
60,147,12.00,236.50,3,35.57,20.69
60,147,12.00,236.50,4,3.24,36.00
60,148,279.54,214.93,0,0.03,8.44
60,148,279.54,214.93,1,37.88,1.41
60,148,279.54,214.93,2,20.00,9.97
60,148,279.54,214.93,3,35.57,20.69
60,148,279.54,214.93,4,3.24,36.00
60,149,340.32,295.18,0,0.03,8.44
60,149,340.32,295.18,1,37.88,1.41
60,149,340.32,295.18,2,20.00,9.97
60,149,340.32,295.18,3,35.57,20.69
60,149,340.32,295.18,4,3.24,36.00
60,150,278.41,135.61,0,0.03,8.44
60,150,278.41,135.61,1,37.88,1.41
60,150,278.41,135.61,2,20.00,9.97
60,150,278.41,135.61,3,35.57,20.69
60,150,278.41,135.61,4,3.24,36.00
60,151,194.83,67.49,0,0.03,8.44
60,151,194.83,67.49,1,37.88,1.41
60,151,194.83,67.49,2,20.00,9.97
60,151,194.83,67.49,3,35.57,20.69
60,151,194.83,67.49,4,3.24,36.00
60,152,29.67,61.72,0,0.03,8.44
60,152,29.67,61.72,1,37.88,1.41
60,152,29.67,61.72,2,20.00,9.97
60,152,29.67,61.72,3,35.57,20.69
60,152,29.67,61.72,4,3.24,36.00
60,153,40.33,129.04,0,0.03,8.44
60,153,40.33,129.04,1,37.88,1.41
60,153,40.33,129.04,2,20.00,9.97
60,153,40.33,129.04,3,35.57,20.69
60,153,40.33,129.04,4,3.24,36.00
60,154,372.11,214.41,0,0.03,8.44
60,154,372.11,214.41,1,37.88,1.41
60,154,372.11,214.41,2,20.00,9.97
60,154,372.11,214.41,3,35.57,20.69
60,154,372.11,214.41,4,3.24,36.00
60,155,195.77,169.98,0,0.03,8.44
60,155,195.77,169.98,1,37.88,1.41
60,155,195.77,169.98,2,20.00,9.97
60,155,195.77,169.98,3,35.57,20.69
60,155,195.77,169.98,4,3.24,36.00
60,156,352.24,342.46,0,0.03,8.44
60,156,352.24,342.46,1,37.88,1.41
60,156,352.24,342.46,2,20.00,9.97
60,156,352.24,342.46,3,35.57,20.69
60,156,352.24,342.46,4,3.24,36.00
60,157,181.32,70.45,0,0.03,8.44
60,157,181.32,70.45,1,37.88,1.41
60,157,181.32,70.45,2,20.00,9.97
60,157,181.32,70.45,3,35.57,20.69
60,157,181.32,70.45,4,3.24,36.00
60,158,212.03,73.57,0,0.03,8.44
60,158,212.03,73.57,1,37.88,1.41
60,158,212.03,73.57,2,20.00,9.97
60,158,212.03,73.57,3,35.57,20.69
60,158,212.03,73.57,4,3.24,36.00
60,159,370.27,335.19,0,0.03,8.44
60,159,370.27,335.19,1,37.88,1.41
60,159,370.27,335.19,2,20.00,9.97
60,159,370.27,335.19,3,35.57,20.69
60,159,370.27,335.19,4,3.24,36.00
60,160,316.01,384.71,0,0.03,8.44
60,160,316.01,384.71,1,37.88,1.41
60,160,316.01,384.71,2,20.00,9.97
60,160,316.01,384.71,3,35.57,20.69
60,160,316.01,384.71,4,3.24,36.00
60,161,169.24,182.87,0,0.03,8.44
60,161,169.24,182.87,1,37.88,1.41
60,161,169.24,182.87,2,20.00,9.97
60,161,169.24,182.87,3,35.57,20.69
60,161,169.24,182.87,4,3.24,36.00
60,162,315.90,349.59,0,0.03,8.44
60,162,315.90,349.59,1,37.88,1.41
60,162,315.90,349.59,2,20.00,9.97
60,162,315.90,349.59,3,35.57,20.69
60,162,315.90,349.59,4,3.24,36.00
60,163,150.02,182.68,0,0.03,8.44
60,163,150.02,182.68,1,37.88,1.41
60,163,150.02,182.68,2,20.00,9.97
60,163,150.02,182.68,3,35.57,20.69
60,163,150.02,182.68,4,3.24,36.00
60,164,50.29,4.36,0,0.03,8.44
60,164,50.29,4.36,1,37.88,1.41
60,164,50.29,4.36,2,20.00,9.97
60,164,50.29,4.36,3,35.57,20.69
60,164,50.29,4.36,4,3.24,36.00
60,165,108.37,44.85,0,0.03,8.44
60,165,108.37,44.85,1,37.88,1.41
60,165,108.37,44.85,2,20.00,9.97
60,165,108.37,44.85,3,35.57,20.69
60,165,108.37,44.85,4,3.24,36.00
60,166,267.36,392.90,0,0.03,8.44
60,166,267.36,392.90,1,37.88,1.41
60,166,267.36,392.90,2,20.00,9.97
60,166,267.36,392.90,3,35.57,20.69
60,166,267.36,392.90,4,3.24,36.00
60,167,391.95,349.72,0,0.03,8.44
60,167,391.95,349.72,1,37.88,1.41
60,167,391.95,349.72,2,20.00,9.97
60,167,391.95,349.72,3,35.57,20.69
60,167,391.95,349.72,4,3.24,36.00
60,168,212.81,261.79,0,0.03,8.44
60,168,212.81,261.79,1,37.88,1.41
60,168,212.81,261.79,2,20.00,9.97
60,168,212.81,261.79,3,35.57,20.69
60,168,212.81,261.79,4,3.24,36.00
60,169,198.55,32.03,0,0.03,8.44
60,169,198.55,32.03,1,37.88,1.41
60,169,198.55,32.03,2,20.00,9.97
60,169,198.55,32.03,3,35.57,20.69
60,169,198.55,32.03,4,3.24,36.00
60,170,279.86,276.21,0,0.03,8.44
60,170,279.86,276.21,1,37.88,1.41
60,170,279.86,276.21,2,20.00,9.97
60,170,279.86,276.21,3,35.57,20.69
60,170,279.86,276.21,4,3.24,36.00
60,171,56.65,126.85,0,0.03,8.44
60,171,56.65,126.85,1,37.88,1.41
60,171,56.65,126.85,2,20.00,9.97
60,171,56.65,126.85,3,35.57,20.69
60,171,56.65,126.85,4,3.24,36.00
60,172,336.53,206.97,0,0.03,8.44
60,172,336.53,206.97,1,37.88,1.41
60,172,336.53,206.97,2,20.00,9.97
60,172,336.53,206.97,3,35.57,20.69
60,172,336.53,206.97,4,3.24,36.00
60,173,387.15,130.30,0,0.03,8.44
60,173,387.15,130.30,1,37.88,1.41
60,173,387.15,130.30,2,20.00,9.97
60,173,387.15,130.30,3,35.57,20.69
60,173,387.15,130.30,4,3.24,36.00
60,174,179.92,222.90,0,0.03,8.44
60,174,179.92,222.90,1,37.88,1.41
60,174,179.92,222.90,2,20.00,9.97
60,174,179.92,222.90,3,35.57,20.69
60,174,179.92,222.90,4,3.24,36.00
60,175,368.01,193.20,0,0.03,8.44
60,175,368.01,193.20,1,37.88,1.41
60,175,368.01,193.20,2,20.00,9.97
60,175,368.01,193.20,3,35.57,20.69
60,175,368.01,193.20,4,3.24,36.00
60,176,46.27,209.57,0,0.03,8.44
60,176,46.27,209.57,1,37.88,1.41
60,176,46.27,209.57,2,20.00,9.97
60,176,46.27,209.57,3,35.57,20.69
60,176,46.27,209.57,4,3.24,36.00
60,177,211.24,273.50,0,0.03,8.44
60,177,211.24,273.50,1,37.88,1.41
60,177,211.24,273.50,2,20.00,9.97
60,177,211.24,273.50,3,35.57,20.69
60,177,211.24,273.50,4,3.24,36.00
60,178,194.51,83.72,0,0.03,8.44
60,178,194.51,83.72,1,37.88,1.41
60,178,194.51,83.72,2,20.00,9.97
60,178,194.51,83.72,3,35.57,20.69
60,178,194.51,83.72,4,3.24,36.00
60,179,54.57,294.91,0,0.03,8.44
60,179,54.57,294.91,1,37.88,1.41
60,179,54.57,294.91,2,20.00,9.97
60,179,54.57,294.91,3,35.57,20.69
60,179,54.57,294.91,4,3.24,36.00
60,180,175.92,192.15,0,0.03,8.44
60,180,175.92,192.15,1,37.88,1.41
60,180,175.92,192.15,2,20.00,9.97
60,180,175.92,192.15,3,35.57,20.69
60,180,175.92,192.15,4,3.24,36.00
60,181,3.86,155.92,0,0.03,8.44
60,181,3.86,155.92,1,37.88,1.41
60,181,3.86,155.92,2,20.00,9.97
60,181,3.86,155.92,3,35.57,20.69
60,181,3.86,155.92,4,3.24,36.00
60,182,37.42,366.57,0,0.03,8.44
60,182,37.42,366.57,1,37.88,1.41
60,182,37.42,366.57,2,20.00,9.97
60,182,37.42,366.57,3,35.57,20.69
60,182,37.42,366.57,4,3.24,36.00
60,183,89.71,136.72,0,0.03,8.44
60,183,89.71,136.72,1,37.88,1.41
60,183,89.71,136.72,2,20.00,9.97
60,183,89.71,136.72,3,35.57,20.69
60,183,89.71,136.72,4,3.24,36.00
60,184,35.96,83.93,0,0.03,8.44
60,184,35.96,83.93,1,37.88,1.41
60,184,35.96,83.93,2,20.00,9.97
60,184,35.96,83.93,3,35.57,20.69
60,184,35.96,83.93,4,3.24,36.00
60,185,101.98,280.19,0,0.03,8.44
60,185,101.98,280.19,1,37.88,1.41
60,185,101.98,280.19,2,20.00,9.97
60,185,101.98,280.19,3,35.57,20.69
60,185,101.98,280.19,4,3.24,36.00
60,186,189.78,100.02,0,0.03,8.44
60,186,189.78,100.02,1,37.88,1.41
60,186,189.78,100.02,2,20.00,9.97
60,186,189.78,100.02,3,35.57,20.69
60,186,189.78,100.02,4,3.24,36.00
60,187,166.93,303.73,0,0.03,8.44
60,187,166.93,303.73,1,37.88,1.41
60,187,166.93,303.73,2,20.00,9.97
60,187,166.93,303.73,3,35.57,20.69
60,187,166.93,303.73,4,3.24,36.00
60,188,263.13,154.10,0,0.03,8.44
60,188,263.13,154.10,1,37.88,1.41
60,188,263.13,154.10,2,20.00,9.97
60,188,263.13,154.10,3,35.57,20.69
60,188,263.13,154.10,4,3.24,36.00
60,189,43.77,245.24,0,0.03,8.44
60,189,43.77,245.24,1,37.88,1.41
60,189,43.77,245.24,2,20.00,9.97
60,189,43.77,245.24,3,35.57,20.69
60,189,43.77,245.24,4,3.24,36.00
60,190,51.41,19.60,0,0.03,8.44
60,190,51.41,19.60,1,37.88,1.41
60,190,51.41,19.60,2,20.00,9.97
60,190,51.41,19.60,3,35.57,20.69
60,190,51.41,19.60,4,3.24,36.00
60,191,83.44,334.42,0,0.03,8.44
60,191,83.44,334.42,1,37.88,1.41
60,191,83.44,334.42,2,20.00,9.97
60,191,83.44,334.42,3,35.57,20.69
60,191,83.44,334.42,4,3.24,36.00
60,192,241.72,64.85,0,0.03,8.44
60,192,241.72,64.85,1,37.88,1.41
60,192,241.72,64.85,2,20.00,9.97
60,192,241.72,64.85,3,35.57,20.69
60,192,241.72,64.85,4,3.24,36.00
60,193,333.30,69.24,0,0.03,8.44
60,193,333.30,69.24,1,37.88,1.41
60,193,333.30,69.24,2,20.00,9.97
60,193,333.30,69.24,3,35.57,20.69
60,193,333.30,69.24,4,3.24,36.00
60,194,7.56,166.42,0,0.03,8.44
60,194,7.56,166.42,1,37.88,1.41
60,194,7.56,166.42,2,20.00,9.97
60,194,7.56,166.42,3,35.57,20.69
60,194,7.56,166.42,4,3.24,36.00
60,195,145.21,339.07,0,0.03,8.44
60,195,145.21,339.07,1,37.88,1.41
60,195,145.21,339.07,2,20.00,9.97
60,195,145.21,339.07,3,35.57,20.69
60,195,145.21,339.07,4,3.24,36.00
60,196,49.59,100.72,0,0.03,8.44
60,196,49.59,100.72,1,37.88,1.41
60,196,49.59,100.72,2,20.00,9.97
60,196,49.59,100.72,3,35.57,20.69
60,196,49.59,100.72,4,3.24,36.00
60,197,373.95,231.81,0,0.03,8.44
60,197,373.95,231.81,1,37.88,1.41
60,197,373.95,231.81,2,20.00,9.97
60,197,373.95,231.81,3,35.57,20.69
60,197,373.95,231.81,4,3.24,36.00
60,198,319.03,147.84,0,0.03,8.44
60,198,319.03,147.84,1,37.88,1.41
60,198,319.03,147.84,2,20.00,9.97
60,198,319.03,147.84,3,35.57,20.69
60,198,319.03,147.84,4,3.24,36.00
60,199,14.63,195.77,0,0.03,8.44
60,199,14.63,195.77,1,37.88,1.41
60,199,14.63,195.77,2,20.00,9.97
60,199,14.63,195.77,3,35.57,20.69
60,199,14.63,195.77,4,3.24,36.00
60,200,3.38,40.27,0,0.03,8.44
60,200,3.38,40.27,1,37.88,1.41
60,200,3.38,40.27,2,20.00,9.97
60,200,3.38,40.27,3,35.57,20.69
60,200,3.38,40.27,4,3.24,36.00
60,201,371.27,114.42,0,0.03,8.44
60,201,371.27,114.42,1,37.88,1.41
60,201,371.27,114.42,2,20.00,9.97
60,201,371.27,114.42,3,35.57,20.69
60,201,371.27,114.42,4,3.24,36.00
60,202,360.52,194.55,0,0.03,8.44
60,202,360.52,194.55,1,37.88,1.41
60,202,360.52,194.55,2,20.00,9.97
60,202,360.52,194.55,3,35.57,20.69
60,202,360.52,194.55,4,3.24,36.00
60,203,334.66,249.89,0,0.03,8.44
60,203,334.66,249.89,1,37.88,1.41
60,203,334.66,249.89,2,20.00,9.97
60,203,334.66,249.89,3,35.57,20.69
60,203,334.66,249.89,4,3.24,36.00
60,204,50.38,304.51,0,0.03,8.44
60,204,50.38,304.51,1,37.88,1.41
60,204,50.38,304.51,2,20.00,9.97
60,204,50.38,304.51,3,35.57,20.69
60,204,50.38,304.51,4,3.24,36.00
60,205,75.17,124.07,0,0.03,8.44
60,205,75.17,124.07,1,37.88,1.41
60,205,75.17,124.07,2,20.00,9.97
60,205,75.17,124.07,3,35.57,20.69
60,205,75.17,124.07,4,3.24,36.00
60,206,221.56,135.03,0,0.03,8.44
60,206,221.56,135.03,1,37.88,1.41
60,206,221.56,135.03,2,20.00,9.97
60,206,221.56,135.03,3,35.57,20.69
60,206,221.56,135.03,4,3.24,36.00
60,207,16.80,250.61,0,0.03,8.44
60,207,16.80,250.61,1,37.88,1.41
60,207,16.80,250.61,2,20.00,9.97
60,207,16.80,250.61,3,35.57,20.69
60,207,16.80,250.61,4,3.24,36.00
60,208,79.35,362.84,0,0.03,8.44
60,208,79.35,362.84,1,37.88,1.41
60,208,79.35,362.84,2,20.00,9.97
60,208,79.35,362.84,3,35.57,20.69
60,208,79.35,362.84,4,3.24,36.00
60,209,359.42,162.95,0,0.03,8.44
60,209,359.42,162.95,1,37.88,1.41
60,209,359.42,162.95,2,20.00,9.97
60,209,359.42,162.95,3,35.57,20.69
60,209,359.42,162.95,4,3.24,36.00
60,210,273.10,103.46,0,0.03,8.44
60,210,273.10,103.46,1,37.88,1.41
60,210,273.10,103.46,2,20.00,9.97
60,210,273.10,103.46,3,35.57,20.69
60,210,273.10,103.46,4,3.24,36.00
60,211,180.10,380.86,0,0.03,8.44
60,211,180.10,380.86,1,37.88,1.41
60,211,180.10,380.86,2,20.00,9.97
60,211,180.10,380.86,3,35.57,20.69
60,211,180.10,380.86,4,3.24,36.00
60,212,381.88,303.41,0,0.03,8.44
60,212,381.88,303.41,1,37.88,1.41
60,212,381.88,303.41,2,20.00,9.97
60,212,381.88,303.41,3,35.57,20.69
60,212,381.88,303.41,4,3.24,36.00
60,213,387.71,322.35,0,0.03,8.44
60,213,387.71,322.35,1,37.88,1.41
60,213,387.71,322.35,2,20.00,9.97
60,213,387.71,322.35,3,35.57,20.69
60,213,387.71,322.35,4,3.24,36.00
60,214,253.51,73.87,0,0.03,8.44
60,214,253.51,73.87,1,37.88,1.41
60,214,253.51,73.87,2,20.00,9.97
60,214,253.51,73.87,3,35.57,20.69
60,214,253.51,73.87,4,3.24,36.00
60,215,285.54,379.29,0,0.03,8.44
60,215,285.54,379.29,1,37.88,1.41
60,215,285.54,379.29,2,20.00,9.97
60,215,285.54,379.29,3,35.57,20.69
60,215,285.54,379.29,4,3.24,36.00
60,216,259.07,387.49,0,0.03,8.44
60,216,259.07,387.49,1,37.88,1.41
60,216,259.07,387.49,2,20.00,9.97
60,216,259.07,387.49,3,35.57,20.69
60,216,259.07,387.49,4,3.24,36.00
60,217,348.62,30.43,0,0.03,8.44
60,217,348.62,30.43,1,37.88,1.41
60,217,348.62,30.43,2,20.00,9.97
60,217,348.62,30.43,3,35.57,20.69
60,217,348.62,30.43,4,3.24,36.00
60,218,293.52,389.96,0,0.03,8.44
60,218,293.52,389.96,1,37.88,1.41
60,218,293.52,389.96,2,20.00,9.97
60,218,293.52,389.96,3,35.57,20.69
60,218,293.52,389.96,4,3.24,36.00
60,219,3.95,72.60,0,0.03,8.44
60,219,3.95,72.60,1,37.88,1.41
60,219,3.95,72.60,2,20.00,9.97
60,219,3.95,72.60,3,35.57,20.69
60,219,3.95,72.60,4,3.24,36.00
60,220,338.06,35.17,0,0.03,8.44
60,220,338.06,35.17,1,37.88,1.41
60,220,338.06,35.17,2,20.00,9.97
60,220,338.06,35.17,3,35.57,20.69
60,220,338.06,35.17,4,3.24,36.00
60,221,312.59,255.49,0,0.03,8.44
60,221,312.59,255.49,1,37.88,1.41
60,221,312.59,255.49,2,20.00,9.97
60,221,312.59,255.49,3,35.57,20.69
60,221,312.59,255.49,4,3.24,36.00
60,222,35.00,343.84,0,0.03,8.44
60,222,35.00,343.84,1,37.88,1.41
60,222,35.00,343.84,2,20.00,9.97
60,222,35.00,343.84,3,35.57,20.69
60,222,35.00,343.84,4,3.24,36.00
60,223,308.64,184.55,0,0.03,8.44
60,223,308.64,184.55,1,37.88,1.41
60,223,308.64,184.55,2,20.00,9.97
60,223,308.64,184.55,3,35.57,20.69
60,223,308.64,184.55,4,3.24,36.00
60,224,364.02,46.69,0,0.03,8.44
60,224,364.02,46.69,1,37.88,1.41
60,224,364.02,46.69,2,20.00,9.97
60,224,364.02,46.69,3,35.57,20.69
60,224,364.02,46.69,4,3.24,36.00
60,225,367.92,237.84,0,0.03,8.44
60,225,367.92,237.84,1,37.88,1.41
60,225,367.92,237.84,2,20.00,9.97
60,225,367.92,237.84,3,35.57,20.69
60,225,367.92,237.84,4,3.24,36.00
60,226,264.89,176.54,0,0.03,8.44
60,226,264.89,176.54,1,37.88,1.41
60,226,264.89,176.54,2,20.00,9.97
60,226,264.89,176.54,3,35.57,20.69
60,226,264.89,176.54,4,3.24,36.00
60,227,131.96,321.62,0,0.03,8.44
60,227,131.96,321.62,1,37.88,1.41
60,227,131.96,321.62,2,20.00,9.97
60,227,131.96,321.62,3,35.57,20.69
60,227,131.96,321.62,4,3.24,36.00
60,228,250.07,31.88,0,0.03,8.44
60,228,250.07,31.88,1,37.88,1.41
60,228,250.07,31.88,2,20.00,9.97
60,228,250.07,31.88,3,35.57,20.69
60,228,250.07,31.88,4,3.24,36.00
60,229,128.32,132.64,0,0.03,8.44
60,229,128.32,132.64,1,37.88,1.41
60,229,128.32,132.64,2,20.00,9.97
60,229,128.32,132.64,3,35.57,20.69
60,229,128.32,132.64,4,3.24,36.00
60,230,151.03,4.90,0,0.03,8.44
60,230,151.03,4.90,1,37.88,1.41
60,230,151.03,4.90,2,20.00,9.97
60,230,151.03,4.90,3,35.57,20.69
60,230,151.03,4.90,4,3.24,36.00
60,231,275.92,334.10,0,0.03,8.44
60,231,275.92,334.10,1,37.88,1.41
60,231,275.92,334.10,2,20.00,9.97
60,231,275.92,334.10,3,35.57,20.69
60,231,275.92,334.10,4,3.24,36.00
60,232,317.84,50.41,0,0.03,8.44
60,232,317.84,50.41,1,37.88,1.41
60,232,317.84,50.41,2,20.00,9.97
60,232,317.84,50.41,3,35.57,20.69
60,232,317.84,50.41,4,3.24,36.00
60,233,369.77,287.11,0,0.03,8.44
60,233,369.77,287.11,1,37.88,1.41
60,233,369.77,287.11,2,20.00,9.97
60,233,369.77,287.11,3,35.57,20.69
60,233,369.77,287.11,4,3.24,36.00
60,234,198.63,93.72,0,0.03,8.44
60,234,198.63,93.72,1,37.88,1.41
60,234,198.63,93.72,2,20.00,9.97
60,234,198.63,93.72,3,35.57,20.69
60,234,198.63,93.72,4,3.24,36.00
60,235,208.31,90.17,0,0.03,8.44
60,235,208.31,90.17,1,37.88,1.41
60,235,208.31,90.17,2,20.00,9.97
60,235,208.31,90.17,3,35.57,20.69
60,235,208.31,90.17,4,3.24,36.00
60,236,236.15,94.17,0,0.03,8.44
60,236,236.15,94.17,1,37.88,1.41
60,236,236.15,94.17,2,20.00,9.97
60,236,236.15,94.17,3,35.57,20.69
60,236,236.15,94.17,4,3.24,36.00
60,237,164.51,195.32,0,0.03,8.44
60,237,164.51,195.32,1,37.88,1.41
60,237,164.51,195.32,2,20.00,9.97
60,237,164.51,195.32,3,35.57,20.69
60,237,164.51,195.32,4,3.24,36.00
60,238,34.19,261.72,0,0.03,8.44
60,238,34.19,261.72,1,37.88,1.41
60,238,34.19,261.72,2,20.00,9.97
60,238,34.19,261.72,3,35.57,20.69
60,238,34.19,261.72,4,3.24,36.00
60,239,169.87,141.70,0,0.03,8.44
60,239,169.87,141.70,1,37.88,1.41
60,239,169.87,141.70,2,20.00,9.97
60,239,169.87,141.70,3,35.57,20.69
60,239,169.87,141.70,4,3.24,36.00
60,240,167.77,230.45,0,0.03,8.44
60,240,167.77,230.45,1,37.88,1.41
60,240,167.77,230.45,2,20.00,9.97
60,240,167.77,230.45,3,35.57,20.69
60,240,167.77,230.45,4,3.24,36.00
60,241,388.06,214.10,0,0.03,8.44
60,241,388.06,214.10,1,37.88,1.41
60,241,388.06,214.10,2,20.00,9.97
60,241,388.06,214.10,3,35.57,20.69
60,241,388.06,214.10,4,3.24,36.00
60,242,193.15,228.03,0,0.03,8.44
60,242,193.15,228.03,1,37.88,1.41
60,242,193.15,228.03,2,20.00,9.97
60,242,193.15,228.03,3,35.57,20.69
60,242,193.15,228.03,4,3.24,36.00
60,243,36.23,240.82,0,0.03,8.44
60,243,36.23,240.82,1,37.88,1.41
60,243,36.23,240.82,2,20.00,9.97
60,243,36.23,240.82,3,35.57,20.69
60,243,36.23,240.82,4,3.24,36.00
60,244,200.90,344.16,0,0.03,8.44
60,244,200.90,344.16,1,37.88,1.41
60,244,200.90,344.16,2,20.00,9.97
60,244,200.90,344.16,3,35.57,20.69
60,244,200.90,344.16,4,3.24,36.00
60,245,187.33,187.78,0,0.03,8.44
60,245,187.33,187.78,1,37.88,1.41
60,245,187.33,187.78,2,20.00,9.97
60,245,187.33,187.78,3,35.57,20.69
60,245,187.33,187.78,4,3.24,36.00
60,246,321.50,262.51,0,0.03,8.44
60,246,321.50,262.51,1,37.88,1.41
60,246,321.50,262.51,2,20.00,9.97
60,246,321.50,262.51,3,35.57,20.69
60,246,321.50,262.51,4,3.24,36.00
60,247,82.79,94.55,0,0.03,8.44
60,247,82.79,94.55,1,37.88,1.41
60,247,82.79,94.55,2,20.00,9.97
60,247,82.79,94.55,3,35.57,20.69
60,247,82.79,94.55,4,3.24,36.00
60,248,395.20,345.11,0,0.03,8.44
60,248,395.20,345.11,1,37.88,1.41
60,248,395.20,345.11,2,20.00,9.97
60,248,395.20,345.11,3,35.57,20.69
60,248,395.20,345.11,4,3.24,36.00
60,249,353.16,381.39,0,0.03,8.44
60,249,353.16,381.39,1,37.88,1.41
60,249,353.16,381.39,2,20.00,9.97
60,249,353.16,381.39,3,35.57,20.69
60,249,353.16,381.39,4,3.24,36.00
60,250,216.04,287.09,0,0.03,8.44
60,250,216.04,287.09,1,37.88,1.41
60,250,216.04,287.09,2,20.00,9.97
60,250,216.04,287.09,3,35.57,20.69
60,250,216.04,287.09,4,3.24,36.00
60,251,117.75,281.57,0,0.03,8.44
60,251,117.75,281.57,1,37.88,1.41
60,251,117.75,281.57,2,20.00,9.97
60,251,117.75,281.57,3,35.57,20.69
60,251,117.75,281.57,4,3.24,36.00
60,252,6.06,48.99,0,0.03,8.44
60,252,6.06,48.99,1,37.88,1.41
60,252,6.06,48.99,2,20.00,9.97
60,252,6.06,48.99,3,35.57,20.69
60,252,6.06,48.99,4,3.24,36.00
60,253,297.69,180.16,0,0.03,8.44
60,253,297.69,180.16,1,37.88,1.41
60,253,297.69,180.16,2,20.00,9.97
60,253,297.69,180.16,3,35.57,20.69
60,253,297.69,180.16,4,3.24,36.00
60,254,345.83,108.31,0,0.03,8.44
60,254,345.83,108.31,1,37.88,1.41
60,254,345.83,108.31,2,20.00,9.97
60,254,345.83,108.31,3,35.57,20.69
60,254,345.83,108.31,4,3.24,36.00
60,255,32.29,279.40,0,0.03,8.44
60,255,32.29,279.40,1,37.88,1.41
60,255,32.29,279.40,2,20.00,9.97
60,255,32.29,279.40,3,35.57,20.69
60,255,32.29,279.40,4,3.24,36.00
60,256,68.42,74.03,0,0.03,8.44
60,256,68.42,74.03,1,37.88,1.41
60,256,68.42,74.03,2,20.00,9.97
60,256,68.42,74.03,3,35.57,20.69
60,256,68.42,74.03,4,3.24,36.00
60,257,338.87,158.04,0,0.03,8.44
60,257,338.87,158.04,1,37.88,1.41
60,257,338.87,158.04,2,20.00,9.97
60,257,338.87,158.04,3,35.57,20.69
60,257,338.87,158.04,4,3.24,36.00
60,258,347.77,70.87,0,0.03,8.44
60,258,347.77,70.87,1,37.88,1.41
60,258,347.77,70.87,2,20.00,9.97
60,258,347.77,70.87,3,35.57,20.69
60,258,347.77,70.87,4,3.24,36.00
60,259,81.52,77.42,0,0.03,8.44
60,259,81.52,77.42,1,37.88,1.41
60,259,81.52,77.42,2,20.00,9.97
60,259,81.52,77.42,3,35.57,20.69
60,259,81.52,77.42,4,3.24,36.00
60,260,289.14,387.09,0,0.03,8.44
60,260,289.14,387.09,1,37.88,1.41
60,260,289.14,387.09,2,20.00,9.97
60,260,289.14,387.09,3,35.57,20.69
60,260,289.14,387.09,4,3.24,36.00
60,261,93.20,385.38,0,0.03,8.44
60,261,93.20,385.38,1,37.88,1.41
60,261,93.20,385.38,2,20.00,9.97
60,261,93.20,385.38,3,35.57,20.69
60,261,93.20,385.38,4,3.24,36.00
60,262,134.44,79.13,0,0.03,8.44
60,262,134.44,79.13,1,37.88,1.41
60,262,134.44,79.13,2,20.00,9.97
60,262,134.44,79.13,3,35.57,20.69
60,262,134.44,79.13,4,3.24,36.00
60,263,137.38,57.38,0,0.03,8.44
60,263,137.38,57.38,1,37.88,1.41
60,263,137.38,57.38,2,20.00,9.97
60,263,137.38,57.38,3,35.57,20.69
60,263,137.38,57.38,4,3.24,36.00
60,264,14.07,153.42,0,0.03,8.44
60,264,14.07,153.42,1,37.88,1.41
60,264,14.07,153.42,2,20.00,9.97
60,264,14.07,153.42,3,35.57,20.69
60,264,14.07,153.42,4,3.24,36.00
60,265,241.87,295.93,0,0.03,8.44
60,265,241.87,295.93,1,37.88,1.41
60,265,241.87,295.93,2,20.00,9.97
60,265,241.87,295.93,3,35.57,20.69
60,265,241.87,295.93,4,3.24,36.00
60,266,143.83,282.27,0,0.03,8.44
60,266,143.83,282.27,1,37.88,1.41
60,266,143.83,282.27,2,20.00,9.97
60,266,143.83,282.27,3,35.57,20.69
60,266,143.83,282.27,4,3.24,36.00
60,267,149.22,33.37,0,0.03,8.44
60,267,149.22,33.37,1,37.88,1.41
60,267,149.22,33.37,2,20.00,9.97
60,267,149.22,33.37,3,35.57,20.69
60,267,149.22,33.37,4,3.24,36.00
60,268,155.65,109.75,0,0.03,8.44
60,268,155.65,109.75,1,37.88,1.41
60,268,155.65,109.75,2,20.00,9.97
60,268,155.65,109.75,3,35.57,20.69
60,268,155.65,109.75,4,3.24,36.00
60,269,2.20,177.42,0,0.03,8.44
60,269,2.20,177.42,1,37.88,1.41
60,269,2.20,177.42,2,20.00,9.97
60,269,2.20,177.42,3,35.57,20.69
60,269,2.20,177.42,4,3.24,36.00
60,270,72.66,270.40,0,0.03,8.44
60,270,72.66,270.40,1,37.88,1.41
60,270,72.66,270.40,2,20.00,9.97
60,270,72.66,270.40,3,35.57,20.69
60,270,72.66,270.40,4,3.24,36.00
60,271,4.96,114.81,0,0.03,8.44
60,271,4.96,114.81,1,37.88,1.41
60,271,4.96,114.81,2,20.00,9.97
60,271,4.96,114.81,3,35.57,20.69
60,271,4.96,114.81,4,3.24,36.00
60,272,58.53,281.47,0,0.03,8.44
60,272,58.53,281.47,1,37.88,1.41
60,272,58.53,281.47,2,20.00,9.97
60,272,58.53,281.47,3,35.57,20.69
60,272,58.53,281.47,4,3.24,36.00
60,273,27.99,234.91,0,0.03,8.44
60,273,27.99,234.91,1,37.88,1.41
60,273,27.99,234.91,2,20.00,9.97
60,273,27.99,234.91,3,35.57,20.69
60,273,27.99,234.91,4,3.24,36.00
60,274,99.73,3.35,0,0.03,8.44
60,274,99.73,3.35,1,37.88,1.41
60,274,99.73,3.35,2,20.00,9.97
60,274,99.73,3.35,3,35.57,20.69
60,274,99.73,3.35,4,3.24,36.00
60,275,284.80,223.19,0,0.03,8.44
60,275,284.80,223.19,1,37.88,1.41
60,275,284.80,223.19,2,20.00,9.97
60,275,284.80,223.19,3,35.57,20.69
60,275,284.80,223.19,4,3.24,36.00
60,276,273.38,248.97,0,0.03,8.44
60,276,273.38,248.97,1,37.88,1.41
60,276,273.38,248.97,2,20.00,9.97
60,276,273.38,248.97,3,35.57,20.69
60,276,273.38,248.97,4,3.24,36.00
60,277,247.00,193.82,0,0.03,8.44
60,277,247.00,193.82,1,37.88,1.41
60,277,247.00,193.82,2,20.00,9.97
60,277,247.00,193.82,3,35.57,20.69
60,277,247.00,193.82,4,3.24,36.00
60,278,94.56,392.47,0,0.03,8.44
60,278,94.56,392.47,1,37.88,1.41
60,278,94.56,392.47,2,20.00,9.97
60,278,94.56,392.47,3,35.57,20.69
60,278,94.56,392.47,4,3.24,36.00
60,279,241.52,379.06,0,0.03,8.44
60,279,241.52,379.06,1,37.88,1.41
60,279,241.52,379.06,2,20.00,9.97
60,279,241.52,379.06,3,35.57,20.69
60,279,241.52,379.06,4,3.24,36.00
60,280,350.08,203.23,0,0.03,8.44
60,280,350.08,203.23,1,37.88,1.41
60,280,350.08,203.23,2,20.00,9.97
60,280,350.08,203.23,3,35.57,20.69
60,280,350.08,203.23,4,3.24,36.00
60,281,204.77,28.32,0,0.03,8.44
60,281,204.77,28.32,1,37.88,1.41
60,281,204.77,28.32,2,20.00,9.97
60,281,204.77,28.32,3,35.57,20.69
60,281,204.77,28.32,4,3.24,36.00
60,282,309.46,165.79,0,0.03,8.44
60,282,309.46,165.79,1,37.88,1.41
60,282,309.46,165.79,2,20.00,9.97
60,282,309.46,165.79,3,35.57,20.69
60,282,309.46,165.79,4,3.24,36.00
60,283,304.18,152.58,0,0.03,8.44
60,283,304.18,152.58,1,37.88,1.41
60,283,304.18,152.58,2,20.00,9.97
60,283,304.18,152.58,3,35.57,20.69
60,283,304.18,152.58,4,3.24,36.00
60,284,188.88,93.90,0,0.03,8.44
60,284,188.88,93.90,1,37.88,1.41
60,284,188.88,93.90,2,20.00,9.97
60,284,188.88,93.90,3,35.57,20.69
60,284,188.88,93.90,4,3.24,36.00
60,285,229.70,349.04,0,0.03,8.44
60,285,229.70,349.04,1,37.88,1.41
60,285,229.70,349.04,2,20.00,9.97
60,285,229.70,349.04,3,35.57,20.69
60,285,229.70,349.04,4,3.24,36.00
60,286,268.63,321.51,0,0.03,8.44
60,286,268.63,321.51,1,37.88,1.41
60,286,268.63,321.51,2,20.00,9.97
60,286,268.63,321.51,3,35.57,20.69
60,286,268.63,321.51,4,3.24,36.00
60,287,369.08,165.09,0,0.03,8.44
60,287,369.08,165.09,1,37.88,1.41
60,287,369.08,165.09,2,20.00,9.97
60,287,369.08,165.09,3,35.57,20.69
60,287,369.08,165.09,4,3.24,36.00
60,288,118.80,6.67,0,0.03,8.44
60,288,118.80,6.67,1,37.88,1.41
60,288,118.80,6.67,2,20.00,9.97
60,288,118.80,6.67,3,35.57,20.69
60,288,118.80,6.67,4,3.24,36.00
60,289,74.96,307.73,0,0.03,8.44
60,289,74.96,307.73,1,37.88,1.41
60,289,74.96,307.73,2,20.00,9.97
60,289,74.96,307.73,3,35.57,20.69
60,289,74.96,307.73,4,3.24,36.00
60,290,278.71,286.24,0,0.03,8.44
60,290,278.71,286.24,1,37.88,1.41
60,290,278.71,286.24,2,20.00,9.97
60,290,278.71,286.24,3,35.57,20.69
60,290,278.71,286.24,4,3.24,36.00
60,291,78.03,6.44,0,0.03,8.44
60,291,78.03,6.44,1,37.88,1.41
60,291,78.03,6.44,2,20.00,9.97
60,291,78.03,6.44,3,35.57,20.69
60,291,78.03,6.44,4,3.24,36.00
60,292,263.44,303.70,0,0.03,8.44
60,292,263.44,303.70,1,37.88,1.41
60,292,263.44,303.70,2,20.00,9.97
60,292,263.44,303.70,3,35.57,20.69
60,292,263.44,303.70,4,3.24,36.00
60,293,193.49,138.51,0,0.03,8.44
60,293,193.49,138.51,1,37.88,1.41
60,293,193.49,138.51,2,20.00,9.97
60,293,193.49,138.51,3,35.57,20.69
60,293,193.49,138.51,4,3.24,36.00
60,294,123.06,344.69,0,0.03,8.44
60,294,123.06,344.69,1,37.88,1.41
60,294,123.06,344.69,2,20.00,9.97
60,294,123.06,344.69,3,35.57,20.69
60,294,123.06,344.69,4,3.24,36.00
60,295,346.42,195.09,0,0.03,8.44
60,295,346.42,195.09,1,37.88,1.41
60,295,346.42,195.09,2,20.00,9.97
60,295,346.42,195.09,3,35.57,20.69
60,295,346.42,195.09,4,3.24,36.00
60,296,316.10,41.41,0,0.03,8.44
60,296,316.10,41.41,1,37.88,1.41
60,296,316.10,41.41,2,20.00,9.97
60,296,316.10,41.41,3,35.57,20.69
60,296,316.10,41.41,4,3.24,36.00
60,297,368.73,97.69,0,0.03,8.44
60,297,368.73,97.69,1,37.88,1.41
60,297,368.73,97.69,2,20.00,9.97
60,297,368.73,97.69,3,35.57,20.69
60,297,368.73,97.69,4,3.24,36.00
60,298,329.77,54.30,0,0.03,8.44
60,298,329.77,54.30,1,37.88,1.41
60,298,329.77,54.30,2,20.00,9.97
60,298,329.77,54.30,3,35.57,20.69
60,298,329.77,54.30,4,3.24,36.00
60,299,32.70,124.61,0,0.03,8.44
60,299,32.70,124.61,1,37.88,1.41
60,299,32.70,124.61,2,20.00,9.97
60,299,32.70,124.61,3,35.57,20.69
60,299,32.70,124.61,4,3.24,36.00
60,300,212.55,335.09,0,0.03,8.44
60,300,212.55,335.09,1,37.88,1.41
60,300,212.55,335.09,2,20.00,9.97
60,300,212.55,335.09,3,35.57,20.69
60,300,212.55,335.09,4,3.24,36.00
70,1,228.65,101.73,0,0.49,8.20
70,1,228.65,101.73,1,37.88,1.41
70,1,228.65,101.73,2,20.00,9.97
70,1,228.65,101.73,3,36.41,21.47
70,1,228.65,101.73,4,3.48,37.53
70,2,33.26,64.11,0,0.49,8.20
70,2,33.26,64.11,1,37.88,1.41
70,2,33.26,64.11,2,20.00,9.97
70,2,33.26,64.11,3,36.41,21.47
70,2,33.26,64.11,4,3.48,37.53
70,3,185.28,280.31,0,0.49,8.20
70,3,185.28,280.31,1,37.88,1.41
70,3,185.28,280.31,2,20.00,9.97
70,3,185.28,280.31,3,36.41,21.47
70,3,185.28,280.31,4,3.48,37.53
70,4,246.53,87.70,0,0.49,8.20
70,4,246.53,87.70,1,37.88,1.41
70,4,246.53,87.70,2,20.00,9.97
70,4,246.53,87.70,3,36.41,21.47
70,4,246.53,87.70,4,3.48,37.53
70,5,15.17,308.97,0,0.49,8.20
70,5,15.17,308.97,1,37.88,1.41
70,5,15.17,308.97,2,20.00,9.97
70,5,15.17,308.97,3,36.41,21.47
70,5,15.17,308.97,4,3.48,37.53
70,6,90.12,272.54,0,0.49,8.20
70,6,90.12,272.54,1,37.88,1.41
70,6,90.12,272.54,2,20.00,9.97
70,6,90.12,272.54,3,36.41,21.47
70,6,90.12,272.54,4,3.48,37.53
70,7,86.27,99.35,0,0.49,8.20
70,7,86.27,99.35,1,37.88,1.41
70,7,86.27,99.35,2,20.00,9.97
70,7,86.27,99.35,3,36.41,21.47
70,7,86.27,99.35,4,3.48,37.53
70,8,166.58,378.87,0,0.49,8.20
70,8,166.58,378.87,1,37.88,1.41
70,8,166.58,378.87,2,20.00,9.97
70,8,166.58,378.87,3,36.41,21.47
70,8,166.58,378.87,4,3.48,37.53
70,9,242.25,208.09,0,0.49,8.20
70,9,242.25,208.09,1,37.88,1.41
70,9,242.25,208.09,2,20.00,9.97
70,9,242.25,208.09,3,36.41,21.47
70,9,242.25,208.09,4,3.48,37.53
70,10,381.15,165.87,0,0.49,8.20
70,10,381.15,165.87,1,37.88,1.41
70,10,381.15,165.87,2,20.00,9.97
70,10,381.15,165.87,3,36.41,21.47
70,10,381.15,165.87,4,3.48,37.53
70,11,145.71,122.64,0,0.49,8.20
70,11,145.71,122.64,1,37.88,1.41
70,11,145.71,122.64,2,20.00,9.97
70,11,145.71,122.64,3,36.41,21.47
70,11,145.71,122.64,4,3.48,37.53
70,12,229.41,76.69,0,0.49,8.20
70,12,229.41,76.69,1,37.88,1.41
70,12,229.41,76.69,2,20.00,9.97
70,12,229.41,76.69,3,36.41,21.47
70,12,229.41,76.69,4,3.48,37.53
70,13,132.36,75.19,0,0.49,8.20
70,13,132.36,75.19,1,37.88,1.41
70,13,132.36,75.19,2,20.00,9.97
70,13,132.36,75.19,3,36.41,21.47
70,13,132.36,75.19,4,3.48,37.53
70,14,9.49,377.52,0,0.49,8.20
70,14,9.49,377.52,1,37.88,1.41
70,14,9.49,377.52,2,20.00,9.97
70,14,9.49,377.52,3,36.41,21.47
70,14,9.49,377.52,4,3.48,37.53
70,15,6.20,318.35,0,0.49,8.20
70,15,6.20,318.35,1,37.88,1.41
70,15,6.20,318.35,2,20.00,9.97
70,15,6.20,318.35,3,36.41,21.47
70,15,6.20,318.35,4,3.48,37.53
70,16,325.53,306.17,0,0.49,8.20
70,16,325.53,306.17,1,37.88,1.41
70,16,325.53,306.17,2,20.00,9.97
70,16,325.53,306.17,3,36.41,21.47
70,16,325.53,306.17,4,3.48,37.53
70,17,381.42,182.90,0,0.49,8.20
70,17,381.42,182.90,1,37.88,1.41
70,17,381.42,182.90,2,20.00,9.97
70,17,381.42,182.90,3,36.41,21.47
70,17,381.42,182.90,4,3.48,37.53
70,18,195.74,364.62,0,0.49,8.20
70,18,195.74,364.62,1,37.88,1.41
70,18,195.74,364.62,2,20.00,9.97
70,18,195.74,364.62,3,36.41,21.47
70,18,195.74,364.62,4,3.48,37.53
70,19,76.15,320.06,0,0.49,8.20
70,19,76.15,320.06,1,37.88,1.41
70,19,76.15,320.06,2,20.00,9.97
70,19,76.15,320.06,3,36.41,21.47
70,19,76.15,320.06,4,3.48,37.53
70,20,207.63,373.78,0,0.49,8.20
70,20,207.63,373.78,1,37.88,1.41
70,20,207.63,373.78,2,20.00,9.97
70,20,207.63,373.78,3,36.41,21.47
70,20,207.63,373.78,4,3.48,37.53
70,21,386.20,116.21,0,0.49,8.20
70,21,386.20,116.21,1,37.88,1.41
70,21,386.20,116.21,2,20.00,9.97
70,21,386.20,116.21,3,36.41,21.47
70,21,386.20,116.21,4,3.48,37.53
70,22,264.28,372.10,0,0.49,8.20
70,22,264.28,372.10,1,37.88,1.41
70,22,264.28,372.10,2,20.00,9.97
70,22,264.28,372.10,3,36.41,21.47
70,22,264.28,372.10,4,3.48,37.53
70,23,344.22,279.50,0,0.49,8.20
70,23,344.22,279.50,1,37.88,1.41
70,23,344.22,279.50,2,20.00,9.97
70,23,344.22,279.50,3,36.41,21.47
70,23,344.22,279.50,4,3.48,37.53
70,24,125.51,46.73,0,0.49,8.20
70,24,125.51,46.73,1,37.88,1.41
70,24,125.51,46.73,2,20.00,9.97
70,24,125.51,46.73,3,36.41,21.47
70,24,125.51,46.73,4,3.48,37.53
70,25,82.11,353.67,0,0.49,8.20
70,25,82.11,353.67,1,37.88,1.41
70,25,82.11,353.67,2,20.00,9.97
70,25,82.11,353.67,3,36.41,21.47
70,25,82.11,353.67,4,3.48,37.53
70,26,295.78,11.98,0,0.49,8.20
70,26,295.78,11.98,1,37.88,1.41
70,26,295.78,11.98,2,20.00,9.97
70,26,295.78,11.98,3,36.41,21.47
70,26,295.78,11.98,4,3.48,37.53
70,27,234.41,81.65,0,0.49,8.20
70,27,234.41,81.65,1,37.88,1.41
70,27,234.41,81.65,2,20.00,9.97
70,27,234.41,81.65,3,36.41,21.47
70,27,234.41,81.65,4,3.48,37.53
70,28,382.36,366.71,0,0.49,8.20
70,28,382.36,366.71,1,37.88,1.41
70,28,382.36,366.71,2,20.00,9.97
70,28,382.36,366.71,3,36.41,21.47
70,28,382.36,366.71,4,3.48,37.53
70,29,148.30,250.02,0,0.49,8.20
70,29,148.30,250.02,1,37.88,1.41
70,29,148.30,250.02,2,20.00,9.97
70,29,148.30,250.02,3,36.41,21.47
70,29,148.30,250.02,4,3.48,37.53
70,30,375.39,189.95,0,0.49,8.20
70,30,375.39,189.95,1,37.88,1.41
70,30,375.39,189.95,2,20.00,9.97
70,30,375.39,189.95,3,36.41,21.47
70,30,375.39,189.95,4,3.48,37.53
70,31,190.59,21.77,0,0.49,8.20
70,31,190.59,21.77,1,37.88,1.41
70,31,190.59,21.77,2,20.00,9.97
70,31,190.59,21.77,3,36.41,21.47
70,31,190.59,21.77,4,3.48,37.53
70,32,230.49,65.94,0,0.49,8.20
70,32,230.49,65.94,1,37.88,1.41
70,32,230.49,65.94,2,20.00,9.97
70,32,230.49,65.94,3,36.41,21.47
70,32,230.49,65.94,4,3.48,37.53
70,33,41.19,258.66,0,0.49,8.20
70,33,41.19,258.66,1,37.88,1.41
70,33,41.19,258.66,2,20.00,9.97
70,33,41.19,258.66,3,36.41,21.47
70,33,41.19,258.66,4,3.48,37.53
70,34,165.98,103.73,0,0.49,8.20
70,34,165.98,103.73,1,37.88,1.41
70,34,165.98,103.73,2,20.00,9.97
70,34,165.98,103.73,3,36.41,21.47
70,34,165.98,103.73,4,3.48,37.53
70,35,308.93,211.93,0,0.49,8.20
70,35,308.93,211.93,1,37.88,1.41
70,35,308.93,211.93,2,20.00,9.97
70,35,308.93,211.93,3,36.41,21.47
70,35,308.93,211.93,4,3.48,37.53
70,36,109.89,316.00,0,0.49,8.20
70,36,109.89,316.00,1,37.88,1.41
70,36,109.89,316.00,2,20.00,9.97
70,36,109.89,316.00,3,36.41,21.47
70,36,109.89,316.00,4,3.48,37.53
70,37,297.42,294.52,0,0.49,8.20
70,37,297.42,294.52,1,37.88,1.41
70,37,297.42,294.52,2,20.00,9.97
70,37,297.42,294.52,3,36.41,21.47
70,37,297.42,294.52,4,3.48,37.53
70,38,128.50,236.56,0,0.49,8.20
70,38,128.50,236.56,1,37.88,1.41
70,38,128.50,236.56,2,20.00,9.97
70,38,128.50,236.56,3,36.41,21.47
70,38,128.50,236.56,4,3.48,37.53
70,39,115.19,199.51,0,0.49,8.20
70,39,115.19,199.51,1,37.88,1.41
70,39,115.19,199.51,2,20.00,9.97
70,39,115.19,199.51,3,36.41,21.47
70,39,115.19,199.51,4,3.48,37.53
70,40,286.16,100.54,0,0.49,8.20
70,40,286.16,100.54,1,37.88,1.41
70,40,286.16,100.54,2,20.00,9.97
70,40,286.16,100.54,3,36.41,21.47
70,40,286.16,100.54,4,3.48,37.53
70,41,248.78,310.29,0,0.49,8.20
70,41,248.78,310.29,1,37.88,1.41
70,41,248.78,310.29,2,20.00,9.97
70,41,248.78,310.29,3,36.41,21.47
70,41,248.78,310.29,4,3.48,37.53
70,42,354.65,248.08,0,0.49,8.20
70,42,354.65,248.08,1,37.88,1.41
70,42,354.65,248.08,2,20.00,9.97
70,42,354.65,248.08,3,36.41,21.47
70,42,354.65,248.08,4,3.48,37.53
70,43,216.00,61.71,0,0.49,8.20
70,43,216.00,61.71,1,37.88,1.41
70,43,216.00,61.71,2,20.00,9.97
70,43,216.00,61.71,3,36.41,21.47
70,43,216.00,61.71,4,3.48,37.53
70,44,347.49,210.85,0,0.49,8.20
70,44,347.49,210.85,1,37.88,1.41
70,44,347.49,210.85,2,20.00,9.97
70,44,347.49,210.85,3,36.41,21.47
70,44,347.49,210.85,4,3.48,37.53
70,45,234.80,89.12,0,0.49,8.20
70,45,234.80,89.12,1,37.88,1.41
70,45,234.80,89.12,2,20.00,9.97
70,45,234.80,89.12,3,36.41,21.47
70,45,234.80,89.12,4,3.48,37.53
70,46,84.38,378.03,0,0.49,8.20
70,46,84.38,378.03,1,37.88,1.41
70,46,84.38,378.03,2,20.00,9.97
70,46,84.38,378.03,3,36.41,21.47
70,46,84.38,378.03,4,3.48,37.53
70,47,60.98,290.92,0,0.49,8.20
70,47,60.98,290.92,1,37.88,1.41
70,47,60.98,290.92,2,20.00,9.97
70,47,60.98,290.92,3,36.41,21.47
70,47,60.98,290.92,4,3.48,37.53
70,48,334.65,199.97,0,0.49,8.20
70,48,334.65,199.97,1,37.88,1.41
70,48,334.65,199.97,2,20.00,9.97
70,48,334.65,199.97,3,36.41,21.47
70,48,334.65,199.97,4,3.48,37.53
70,49,190.81,143.92,0,0.49,8.20
70,49,190.81,143.92,1,37.88,1.41
70,49,190.81,143.92,2,20.00,9.97
70,49,190.81,143.92,3,36.41,21.47
70,49,190.81,143.92,4,3.48,37.53
70,50,297.26,327.74,0,0.49,8.20
70,50,297.26,327.74,1,37.88,1.41
70,50,297.26,327.74,2,20.00,9.97
70,50,297.26,327.74,3,36.41,21.47
70,50,297.26,327.74,4,3.48,37.53
70,51,29.06,355.72,0,0.49,8.20
70,51,29.06,355.72,1,37.88,1.41
70,51,29.06,355.72,2,20.00,9.97
70,51,29.06,355.72,3,36.41,21.47
70,51,29.06,355.72,4,3.48,37.53
70,52,206.01,109.25,0,0.49,8.20
70,52,206.01,109.25,1,37.88,1.41
70,52,206.01,109.25,2,20.00,9.97
70,52,206.01,109.25,3,36.41,21.47
70,52,206.01,109.25,4,3.48,37.53
70,53,259.07,247.79,0,0.49,8.20
70,53,259.07,247.79,1,37.88,1.41
70,53,259.07,247.79,2,20.00,9.97
70,53,259.07,247.79,3,36.41,21.47
70,53,259.07,247.79,4,3.48,37.53
70,54,331.26,33.99,0,0.49,8.20
70,54,331.26,33.99,1,37.88,1.41
70,54,331.26,33.99,2,20.00,9.97
70,54,331.26,33.99,3,36.41,21.47
70,54,331.26,33.99,4,3.48,37.53
70,55,257.02,259.01,0,0.49,8.20
70,55,257.02,259.01,1,37.88,1.41
70,55,257.02,259.01,2,20.00,9.97
70,55,257.02,259.01,3,36.41,21.47
70,55,257.02,259.01,4,3.48,37.53
70,56,300.67,162.03,0,0.49,8.20
70,56,300.67,162.03,1,37.88,1.41
70,56,300.67,162.03,2,20.00,9.97
70,56,300.67,162.03,3,36.41,21.47
70,56,300.67,162.03,4,3.48,37.53
70,57,99.04,184.79,0,0.49,8.20
70,57,99.04,184.79,1,37.88,1.41
70,57,99.04,184.79,2,20.00,9.97
70,57,99.04,184.79,3,36.41,21.47
70,57,99.04,184.79,4,3.48,37.53
70,58,340.09,195.66,0,0.49,8.20
70,58,340.09,195.66,1,37.88,1.41
70,58,340.09,195.66,2,20.00,9.97
70,58,340.09,195.66,3,36.41,21.47
70,58,340.09,195.66,4,3.48,37.53
70,59,61.34,144.42,0,0.49,8.20
70,59,61.34,144.42,1,37.88,1.41
70,59,61.34,144.42,2,20.00,9.97
70,59,61.34,144.42,3,36.41,21.47
70,59,61.34,144.42,4,3.48,37.53
70,60,173.70,264.71,0,0.49,8.20
70,60,173.70,264.71,1,37.88,1.41
70,60,173.70,264.71,2,20.00,9.97
70,60,173.70,264.71,3,36.41,21.47
70,60,173.70,264.71,4,3.48,37.53
70,61,28.70,142.71,0,0.49,8.20
70,61,28.70,142.71,1,37.88,1.41
70,61,28.70,142.71,2,20.00,9.97
70,61,28.70,142.71,3,36.41,21.47
70,61,28.70,142.71,4,3.48,37.53
70,62,43.69,370.00,0,0.49,8.20
70,62,43.69,370.00,1,37.88,1.41
70,62,43.69,370.00,2,20.00,9.97
70,62,43.69,370.00,3,36.41,21.47
70,62,43.69,370.00,4,3.48,37.53
70,63,119.13,175.66,0,0.49,8.20
70,63,119.13,175.66,1,37.88,1.41
70,63,119.13,175.66,2,20.00,9.97
70,63,119.13,175.66,3,36.41,21.47
70,63,119.13,175.66,4,3.48,37.53
70,64,333.39,42.61,0,0.49,8.20
70,64,333.39,42.61,1,37.88,1.41
70,64,333.39,42.61,2,20.00,9.97
70,64,333.39,42.61,3,36.41,21.47
70,64,333.39,42.61,4,3.48,37.53
70,65,329.96,279.47,0,0.49,8.20
70,65,329.96,279.47,1,37.88,1.41
70,65,329.96,279.47,2,20.00,9.97
70,65,329.96,279.47,3,36.41,21.47
70,65,329.96,279.47,4,3.48,37.53
70,66,112.55,385.27,0,0.49,8.20
70,66,112.55,385.27,1,37.88,1.41
70,66,112.55,385.27,2,20.00,9.97
70,66,112.55,385.27,3,36.41,21.47
70,66,112.55,385.27,4,3.48,37.53
70,67,40.52,221.27,0,0.49,8.20
70,67,40.52,221.27,1,37.88,1.41
70,67,40.52,221.27,2,20.00,9.97
70,67,40.52,221.27,3,36.41,21.47
70,67,40.52,221.27,4,3.48,37.53
70,68,239.25,314.63,0,0.49,8.20
70,68,239.25,314.63,1,37.88,1.41
70,68,239.25,314.63,2,20.00,9.97
70,68,239.25,314.63,3,36.41,21.47
70,68,239.25,314.63,4,3.48,37.53
70,69,369.50,365.12,0,0.49,8.20
70,69,369.50,365.12,1,37.88,1.41
70,69,369.50,365.12,2,20.00,9.97
70,69,369.50,365.12,3,36.41,21.47
70,69,369.50,365.12,4,3.48,37.53
70,70,217.11,74.24,0,0.49,8.20
70,70,217.11,74.24,1,37.88,1.41
70,70,217.11,74.24,2,20.00,9.97
70,70,217.11,74.24,3,36.41,21.47
70,70,217.11,74.24,4,3.48,37.53
70,71,45.93,359.83,0,0.49,8.20
70,71,45.93,359.83,1,37.88,1.41
70,71,45.93,359.83,2,20.00,9.97
70,71,45.93,359.83,3,36.41,21.47
70,71,45.93,359.83,4,3.48,37.53
70,72,19.12,389.57,0,0.49,8.20
70,72,19.12,389.57,1,37.88,1.41
70,72,19.12,389.57,2,20.00,9.97
70,72,19.12,389.57,3,36.41,21.47
70,72,19.12,389.57,4,3.48,37.53
70,73,361.51,138.61,0,0.49,8.20
70,73,361.51,138.61,1,37.88,1.41
70,73,361.51,138.61,2,20.00,9.97
70,73,361.51,138.61,3,36.41,21.47
70,73,361.51,138.61,4,3.48,37.53
70,74,225.02,63.05,0,0.49,8.20
70,74,225.02,63.05,1,37.88,1.41
70,74,225.02,63.05,2,20.00,9.97
70,74,225.02,63.05,3,36.41,21.47
70,74,225.02,63.05,4,3.48,37.53
70,75,192.91,81.98,0,0.49,8.20
70,75,192.91,81.98,1,37.88,1.41
70,75,192.91,81.98,2,20.00,9.97
70,75,192.91,81.98,3,36.41,21.47
70,75,192.91,81.98,4,3.48,37.53
70,76,352.24,89.38,0,0.49,8.20
70,76,352.24,89.38,1,37.88,1.41
70,76,352.24,89.38,2,20.00,9.97
70,76,352.24,89.38,3,36.41,21.47
70,76,352.24,89.38,4,3.48,37.53
70,77,99.56,170.09,0,0.49,8.20
70,77,99.56,170.09,1,37.88,1.41
70,77,99.56,170.09,2,20.00,9.97
70,77,99.56,170.09,3,36.41,21.47
70,77,99.56,170.09,4,3.48,37.53
70,78,195.21,395.74,0,0.49,8.20
70,78,195.21,395.74,1,37.88,1.41
70,78,195.21,395.74,2,20.00,9.97
70,78,195.21,395.74,3,36.41,21.47
70,78,195.21,395.74,4,3.48,37.53
70,79,355.32,214.35,0,0.49,8.20
70,79,355.32,214.35,1,37.88,1.41
70,79,355.32,214.35,2,20.00,9.97
70,79,355.32,214.35,3,36.41,21.47
70,79,355.32,214.35,4,3.48,37.53
70,80,369.69,183.80,0,0.49,8.20
70,80,369.69,183.80,1,37.88,1.41
70,80,369.69,183.80,2,20.00,9.97
70,80,369.69,183.80,3,36.41,21.47
70,80,369.69,183.80,4,3.48,37.53
70,81,263.44,349.20,0,0.49,8.20
70,81,263.44,349.20,1,37.88,1.41
70,81,263.44,349.20,2,20.00,9.97
70,81,263.44,349.20,3,36.41,21.47
70,81,263.44,349.20,4,3.48,37.53
70,82,321.85,97.99,0,0.49,8.20
70,82,321.85,97.99,1,37.88,1.41
70,82,321.85,97.99,2,20.00,9.97
70,82,321.85,97.99,3,36.41,21.47
70,82,321.85,97.99,4,3.48,37.53
70,83,154.09,20.03,0,0.49,8.20
70,83,154.09,20.03,1,37.88,1.41
70,83,154.09,20.03,2,20.00,9.97
70,83,154.09,20.03,3,36.41,21.47
70,83,154.09,20.03,4,3.48,37.53
70,84,228.71,288.36,0,0.49,8.20
70,84,228.71,288.36,1,37.88,1.41
70,84,228.71,288.36,2,20.00,9.97
70,84,228.71,288.36,3,36.41,21.47
70,84,228.71,288.36,4,3.48,37.53
70,85,362.62,104.61,0,0.49,8.20
70,85,362.62,104.61,1,37.88,1.41
70,85,362.62,104.61,2,20.00,9.97
70,85,362.62,104.61,3,36.41,21.47
70,85,362.62,104.61,4,3.48,37.53
70,86,6.89,141.88,0,0.49,8.20
70,86,6.89,141.88,1,37.88,1.41
70,86,6.89,141.88,2,20.00,9.97
70,86,6.89,141.88,3,36.41,21.47
70,86,6.89,141.88,4,3.48,37.53
70,87,383.32,48.01,0,0.49,8.20
70,87,383.32,48.01,1,37.88,1.41
70,87,383.32,48.01,2,20.00,9.97
70,87,383.32,48.01,3,36.41,21.47
70,87,383.32,48.01,4,3.48,37.53
70,88,191.78,301.38,0,0.49,8.20
70,88,191.78,301.38,1,37.88,1.41
70,88,191.78,301.38,2,20.00,9.97
70,88,191.78,301.38,3,36.41,21.47
70,88,191.78,301.38,4,3.48,37.53
70,89,318.19,57.65,0,0.49,8.20
70,89,318.19,57.65,1,37.88,1.41
70,89,318.19,57.65,2,20.00,9.97
70,89,318.19,57.65,3,36.41,21.47
70,89,318.19,57.65,4,3.48,37.53
70,90,190.89,34.54,0,0.49,8.20
70,90,190.89,34.54,1,37.88,1.41
70,90,190.89,34.54,2,20.00,9.97
70,90,190.89,34.54,3,36.41,21.47
70,90,190.89,34.54,4,3.48,37.53
70,92,266.23,78.27,0,0.49,8.20
70,92,266.23,78.27,1,37.88,1.41
70,92,266.23,78.27,2,20.00,9.97
70,92,266.23,78.27,3,36.41,21.47
70,92,266.23,78.27,4,3.48,37.53
70,93,241.83,72.38,0,0.49,8.20
70,93,241.83,72.38,1,37.88,1.41
70,93,241.83,72.38,2,20.00,9.97
70,93,241.83,72.38,3,36.41,21.47
70,93,241.83,72.38,4,3.48,37.53
70,94,39.24,354.30,0,0.49,8.20
70,94,39.24,354.30,1,37.88,1.41
70,94,39.24,354.30,2,20.00,9.97
70,94,39.24,354.30,3,36.41,21.47
70,94,39.24,354.30,4,3.48,37.53
70,95,321.53,143.75,0,0.49,8.20
70,95,321.53,143.75,1,37.88,1.41
70,95,321.53,143.75,2,20.00,9.97
70,95,321.53,143.75,3,36.41,21.47
70,95,321.53,143.75,4,3.48,37.53
70,96,78.51,194.25,0,0.49,8.20
70,96,78.51,194.25,1,37.88,1.41
70,96,78.51,194.25,2,20.00,9.97
70,96,78.51,194.25,3,36.41,21.47
70,96,78.51,194.25,4,3.48,37.53
70,97,248.68,178.11,0,0.49,8.20
70,97,248.68,178.11,1,37.88,1.41
70,97,248.68,178.11,2,20.00,9.97
70,97,248.68,178.11,3,36.41,21.47
70,97,248.68,178.11,4,3.48,37.53
70,98,307.00,15.76,0,0.49,8.20
70,98,307.00,15.76,1,37.88,1.41
70,98,307.00,15.76,2,20.00,9.97
70,98,307.00,15.76,3,36.41,21.47
70,98,307.00,15.76,4,3.48,37.53
70,99,373.86,156.45,0,0.49,8.20
70,99,373.86,156.45,1,37.88,1.41
70,99,373.86,156.45,2,20.00,9.97
70,99,373.86,156.45,3,36.41,21.47
70,99,373.86,156.45,4,3.48,37.53
70,100,379.30,176.41,0,0.49,8.20
70,100,379.30,176.41,1,37.88,1.41
70,100,379.30,176.41,2,20.00,9.97
70,100,379.30,176.41,3,36.41,21.47
70,100,379.30,176.41,4,3.48,37.53
70,101,360.73,14.31,0,0.49,8.20
70,101,360.73,14.31,1,37.88,1.41
70,101,360.73,14.31,2,20.00,9.97
70,101,360.73,14.31,3,36.41,21.47
70,101,360.73,14.31,4,3.48,37.53
70,102,68.84,191.77,0,0.49,8.20
70,102,68.84,191.77,1,37.88,1.41
70,102,68.84,191.77,2,20.00,9.97
70,102,68.84,191.77,3,36.41,21.47
70,102,68.84,191.77,4,3.48,37.53
70,103,136.13,393.99,0,0.49,8.20
70,103,136.13,393.99,1,37.88,1.41
70,103,136.13,393.99,2,20.00,9.97
70,103,136.13,393.99,3,36.41,21.47
70,103,136.13,393.99,4,3.48,37.53
70,104,317.96,15.20,0,0.49,8.20
70,104,317.96,15.20,1,37.88,1.41
70,104,317.96,15.20,2,20.00,9.97
70,104,317.96,15.20,3,36.41,21.47
70,104,317.96,15.20,4,3.48,37.53
70,105,56.17,351.07,0,0.49,8.20
70,105,56.17,351.07,1,37.88,1.41
70,105,56.17,351.07,2,20.00,9.97
70,105,56.17,351.07,3,36.41,21.47
70,105,56.17,351.07,4,3.48,37.53
70,106,68.88,234.26,0,0.49,8.20
70,106,68.88,234.26,1,37.88,1.41
70,106,68.88,234.26,2,20.00,9.97
70,106,68.88,234.26,3,36.41,21.47
70,106,68.88,234.26,4,3.48,37.53
70,107,230.56,125.07,0,0.49,8.20
70,107,230.56,125.07,1,37.88,1.41
70,107,230.56,125.07,2,20.00,9.97
70,107,230.56,125.07,3,36.41,21.47
70,107,230.56,125.07,4,3.48,37.53
70,108,4.88,26.71,0,0.49,8.20
70,108,4.88,26.71,1,37.88,1.41
70,108,4.88,26.71,2,20.00,9.97
70,108,4.88,26.71,3,36.41,21.47
70,108,4.88,26.71,4,3.48,37.53
70,109,80.58,291.46,0,0.49,8.20
70,109,80.58,291.46,1,37.88,1.41
70,109,80.58,291.46,2,20.00,9.97
70,109,80.58,291.46,3,36.41,21.47
70,109,80.58,291.46,4,3.48,37.53
70,110,143.24,324.59,0,0.49,8.20
70,110,143.24,324.59,1,37.88,1.41
70,110,143.24,324.59,2,20.00,9.97
70,110,143.24,324.59,3,36.41,21.47
70,110,143.24,324.59,4,3.48,37.53
70,111,355.24,47.22,0,0.49,8.20
70,111,355.24,47.22,1,37.88,1.41
70,111,355.24,47.22,2,20.00,9.97
70,111,355.24,47.22,3,36.41,21.47
70,111,355.24,47.22,4,3.48,37.53
70,112,155.36,97.42,0,0.49,8.20
70,112,155.36,97.42,1,37.88,1.41
70,112,155.36,97.42,2,20.00,9.97
70,112,155.36,97.42,3,36.41,21.47
70,112,155.36,97.42,4,3.48,37.53
70,113,111.86,134.34,0,0.49,8.20
70,113,111.86,134.34,1,37.88,1.41
70,113,111.86,134.34,2,20.00,9.97
70,113,111.86,134.34,3,36.41,21.47
70,113,111.86,134.34,4,3.48,37.53
70,114,145.65,8.30,0,0.49,8.20
70,114,145.65,8.30,1,37.88,1.41
70,114,145.65,8.30,2,20.00,9.97
70,114,145.65,8.30,3,36.41,21.47
70,114,145.65,8.30,4,3.48,37.53
70,115,383.70,247.13,0,0.49,8.20
70,115,383.70,247.13,1,37.88,1.41
70,115,383.70,247.13,2,20.00,9.97
70,115,383.70,247.13,3,36.41,21.47
70,115,383.70,247.13,4,3.48,37.53
70,116,204.64,160.72,0,0.49,8.20
70,116,204.64,160.72,1,37.88,1.41
70,116,204.64,160.72,2,20.00,9.97
70,116,204.64,160.72,3,36.41,21.47
70,116,204.64,160.72,4,3.48,37.53
70,117,346.43,95.58,0,0.49,8.20
70,117,346.43,95.58,1,37.88,1.41
70,117,346.43,95.58,2,20.00,9.97
70,117,346.43,95.58,3,36.41,21.47
70,117,346.43,95.58,4,3.48,37.53
70,118,105.07,213.33,0,0.49,8.20
70,118,105.07,213.33,1,37.88,1.41
70,118,105.07,213.33,2,20.00,9.97
70,118,105.07,213.33,3,36.41,21.47
70,118,105.07,213.33,4,3.48,37.53
70,119,310.22,88.76,0,0.49,8.20
70,119,310.22,88.76,1,37.88,1.41
70,119,310.22,88.76,2,20.00,9.97
70,119,310.22,88.76,3,36.41,21.47
70,119,310.22,88.76,4,3.48,37.53
70,120,184.41,248.29,0,0.49,8.20
70,120,184.41,248.29,1,37.88,1.41
70,120,184.41,248.29,2,20.00,9.97
70,120,184.41,248.29,3,36.41,21.47
70,120,184.41,248.29,4,3.48,37.53
70,121,89.63,106.89,0,0.49,8.20
70,121,89.63,106.89,1,37.88,1.41
70,121,89.63,106.89,2,20.00,9.97
70,121,89.63,106.89,3,36.41,21.47
70,121,89.63,106.89,4,3.48,37.53
70,122,159.22,228.56,0,0.49,8.20
70,122,159.22,228.56,1,37.88,1.41
70,122,159.22,228.56,2,20.00,9.97
70,122,159.22,228.56,3,36.41,21.47
70,122,159.22,228.56,4,3.48,37.53
70,123,177.10,315.86,0,0.49,8.20
70,123,177.10,315.86,1,37.88,1.41
70,123,177.10,315.86,2,20.00,9.97
70,123,177.10,315.86,3,36.41,21.47
70,123,177.10,315.86,4,3.48,37.53
70,124,113.42,18.74,0,0.49,8.20
70,124,113.42,18.74,1,37.88,1.41
70,124,113.42,18.74,2,20.00,9.97
70,124,113.42,18.74,3,36.41,21.47
70,124,113.42,18.74,4,3.48,37.53
70,125,367.19,79.54,0,0.49,8.20
70,125,367.19,79.54,1,37.88,1.41
70,125,367.19,79.54,2,20.00,9.97
70,125,367.19,79.54,3,36.41,21.47
70,125,367.19,79.54,4,3.48,37.53
70,126,30.24,73.18,0,0.49,8.20
70,126,30.24,73.18,1,37.88,1.41
70,126,30.24,73.18,2,20.00,9.97
70,126,30.24,73.18,3,36.41,21.47
70,126,30.24,73.18,4,3.48,37.53
70,127,30.80,388.90,0,0.49,8.20
70,127,30.80,388.90,1,37.88,1.41
70,127,30.80,388.90,2,20.00,9.97
70,127,30.80,388.90,3,36.41,21.47
70,127,30.80,388.90,4,3.48,37.53
70,128,251.90,366.21,0,0.49,8.20
70,128,251.90,366.21,1,37.88,1.41
70,128,251.90,366.21,2,20.00,9.97
70,128,251.90,366.21,3,36.41,21.47
70,128,251.90,366.21,4,3.48,37.53
70,129,268.31,169.12,0,0.49,8.20
70,129,268.31,169.12,1,37.88,1.41
70,129,268.31,169.12,2,20.00,9.97
70,129,268.31,169.12,3,36.41,21.47
70,129,268.31,169.12,4,3.48,37.53
70,130,374.03,201.30,0,0.49,8.20
70,130,374.03,201.30,1,37.88,1.41
70,130,374.03,201.30,2,20.00,9.97
70,130,374.03,201.30,3,36.41,21.47
70,130,374.03,201.30,4,3.48,37.53
70,131,268.68,55.42,0,0.49,8.20
70,131,268.68,55.42,1,37.88,1.41
70,131,268.68,55.42,2,20.00,9.97
70,131,268.68,55.42,3,36.41,21.47
70,131,268.68,55.42,4,3.48,37.53
70,132,362.65,321.87,0,0.49,8.20
70,132,362.65,321.87,1,37.88,1.41
70,132,362.65,321.87,2,20.00,9.97
70,132,362.65,321.87,3,36.41,21.47
70,132,362.65,321.87,4,3.48,37.53
70,133,3.45,120.44,0,0.49,8.20
70,133,3.45,120.44,1,37.88,1.41
70,133,3.45,120.44,2,20.00,9.97
70,133,3.45,120.44,3,36.41,21.47
70,133,3.45,120.44,4,3.48,37.53
70,134,369.67,39.80,0,0.49,8.20
70,134,369.67,39.80,1,37.88,1.41
70,134,369.67,39.80,2,20.00,9.97
70,134,369.67,39.80,3,36.41,21.47
70,134,369.67,39.80,4,3.48,37.53
70,135,93.80,237.53,0,0.49,8.20
70,135,93.80,237.53,1,37.88,1.41
70,135,93.80,237.53,2,20.00,9.97
70,135,93.80,237.53,3,36.41,21.47
70,135,93.80,237.53,4,3.48,37.53
70,136,342.17,51.42,0,0.49,8.20
70,136,342.17,51.42,1,37.88,1.41
70,136,342.17,51.42,2,20.00,9.97
70,136,342.17,51.42,3,36.41,21.47
70,136,342.17,51.42,4,3.48,37.53
70,137,263.30,48.96,0,0.49,8.20
70,137,263.30,48.96,1,37.88,1.41
70,137,263.30,48.96,2,20.00,9.97
70,137,263.30,48.96,3,36.41,21.47
70,137,263.30,48.96,4,3.48,37.53
70,138,252.96,81.09,0,0.49,8.20
70,138,252.96,81.09,1,37.88,1.41
70,138,252.96,81.09,2,20.00,9.97
70,138,252.96,81.09,3,36.41,21.47
70,138,252.96,81.09,4,3.48,37.53
70,139,356.65,79.39,0,0.49,8.20
70,139,356.65,79.39,1,37.88,1.41
70,139,356.65,79.39,2,20.00,9.97
70,139,356.65,79.39,3,36.41,21.47
70,139,356.65,79.39,4,3.48,37.53
70,140,373.03,11.07,0,0.49,8.20
70,140,373.03,11.07,1,37.88,1.41
70,140,373.03,11.07,2,20.00,9.97
70,140,373.03,11.07,3,36.41,21.47
70,140,373.03,11.07,4,3.48,37.53
70,141,358.51,374.07,0,0.49,8.20
70,141,358.51,374.07,1,37.88,1.41
70,141,358.51,374.07,2,20.00,9.97
70,141,358.51,374.07,3,36.41,21.47
70,141,358.51,374.07,4,3.48,37.53
70,142,243.12,149.21,0,0.49,8.20
70,142,243.12,149.21,1,37.88,1.41
70,142,243.12,149.21,2,20.00,9.97
70,142,243.12,149.21,3,36.41,21.47
70,142,243.12,149.21,4,3.48,37.53
70,143,349.58,361.80,0,0.49,8.20
70,143,349.58,361.80,1,37.88,1.41
70,143,349.58,361.80,2,20.00,9.97
70,143,349.58,361.80,3,36.41,21.47
70,143,349.58,361.80,4,3.48,37.53
70,144,383.98,192.45,0,0.49,8.20
70,144,383.98,192.45,1,37.88,1.41
70,144,383.98,192.45,2,20.00,9.97
70,144,383.98,192.45,3,36.41,21.47
70,144,383.98,192.45,4,3.48,37.53
70,145,238.79,359.69,0,0.49,8.20
70,145,238.79,359.69,1,37.88,1.41
70,145,238.79,359.69,2,20.00,9.97
70,145,238.79,359.69,3,36.41,21.47
70,145,238.79,359.69,4,3.48,37.53
70,146,126.16,207.38,0,0.49,8.20
70,146,126.16,207.38,1,37.88,1.41
70,146,126.16,207.38,2,20.00,9.97
70,146,126.16,207.38,3,36.41,21.47
70,146,126.16,207.38,4,3.48,37.53
70,147,12.13,238.78,0,0.49,8.20
70,147,12.13,238.78,1,37.88,1.41
70,147,12.13,238.78,2,20.00,9.97
70,147,12.13,238.78,3,36.41,21.47
70,147,12.13,238.78,4,3.48,37.53
70,148,281.78,214.31,0,0.49,8.20
70,148,281.78,214.31,1,37.88,1.41
70,148,281.78,214.31,2,20.00,9.97
70,148,281.78,214.31,3,36.41,21.47
70,148,281.78,214.31,4,3.48,37.53
70,149,341.45,290.66,0,0.49,8.20
70,149,341.45,290.66,1,37.88,1.41
70,149,341.45,290.66,2,20.00,9.97
70,149,341.45,290.66,3,36.41,21.47
70,149,341.45,290.66,4,3.48,37.53
70,150,278.58,135.72,0,0.49,8.20
70,150,278.58,135.72,1,37.88,1.41
70,150,278.58,135.72,2,20.00,9.97
70,150,278.58,135.72,3,36.41,21.47
70,150,278.58,135.72,4,3.48,37.53
70,151,195.02,69.12,0,0.49,8.20
70,151,195.02,69.12,1,37.88,1.41
70,151,195.02,69.12,2,20.00,9.97
70,151,195.02,69.12,3,36.41,21.47
70,151,195.02,69.12,4,3.48,37.53
70,152,28.98,59.99,0,0.49,8.20
70,152,28.98,59.99,1,37.88,1.41
70,152,28.98,59.99,2,20.00,9.97
70,152,28.98,59.99,3,36.41,21.47
70,152,28.98,59.99,4,3.48,37.53
70,153,39.00,125.51,0,0.49,8.20
70,153,39.00,125.51,1,37.88,1.41
70,153,39.00,125.51,2,20.00,9.97
70,153,39.00,125.51,3,36.41,21.47
70,153,39.00,125.51,4,3.48,37.53
70,154,369.91,214.05,0,0.49,8.20
70,154,369.91,214.05,1,37.88,1.41
70,154,369.91,214.05,2,20.00,9.97
70,154,369.91,214.05,3,36.41,21.47
70,154,369.91,214.05,4,3.48,37.53
70,155,196.52,167.10,0,0.49,8.20
70,155,196.52,167.10,1,37.88,1.41
70,155,196.52,167.10,2,20.00,9.97
70,155,196.52,167.10,3,36.41,21.47
70,155,196.52,167.10,4,3.48,37.53
70,156,350.05,341.19,0,0.49,8.20
70,156,350.05,341.19,1,37.88,1.41
70,156,350.05,341.19,2,20.00,9.97
70,156,350.05,341.19,3,36.41,21.47
70,156,350.05,341.19,4,3.48,37.53
70,157,183.72,72.78,0,0.49,8.20
70,157,183.72,72.78,1,37.88,1.41
70,157,183.72,72.78,2,20.00,9.97
70,157,183.72,72.78,3,36.41,21.47
70,157,183.72,72.78,4,3.48,37.53
70,158,207.71,75.02,0,0.49,8.20
70,158,207.71,75.02,1,37.88,1.41
70,158,207.71,75.02,2,20.00,9.97
70,158,207.71,75.02,3,36.41,21.47
70,158,207.71,75.02,4,3.48,37.53
70,159,371.33,333.23,0,0.49,8.20
70,159,371.33,333.23,1,37.88,1.41
70,159,371.33,333.23,2,20.00,9.97
70,159,371.33,333.23,3,36.41,21.47
70,159,371.33,333.23,4,3.48,37.53
70,160,315.48,387.05,0,0.49,8.20
70,160,315.48,387.05,1,37.88,1.41
70,160,315.48,387.05,2,20.00,9.97
70,160,315.48,387.05,3,36.41,21.47
70,160,315.48,387.05,4,3.48,37.53
70,161,170.45,179.57,0,0.49,8.20
70,161,170.45,179.57,1,37.88,1.41
70,161,170.45,179.57,2,20.00,9.97
70,161,170.45,179.57,3,36.41,21.47
70,161,170.45,179.57,4,3.48,37.53
70,162,314.40,351.47,0,0.49,8.20
70,162,314.40,351.47,1,37.88,1.41
70,162,314.40,351.47,2,20.00,9.97
70,162,314.40,351.47,3,36.41,21.47
70,162,314.40,351.47,4,3.48,37.53
70,163,152.27,180.34,0,0.49,8.20
70,163,152.27,180.34,1,37.88,1.41
70,163,152.27,180.34,2,20.00,9.97
70,163,152.27,180.34,3,36.41,21.47
70,163,152.27,180.34,4,3.48,37.53
70,164,50.89,4.01,0,0.49,8.20
70,164,50.89,4.01,1,37.88,1.41
70,164,50.89,4.01,2,20.00,9.97
70,164,50.89,4.01,3,36.41,21.47
70,164,50.89,4.01,4,3.48,37.53
70,165,106.75,45.64,0,0.49,8.20
70,165,106.75,45.64,1,37.88,1.41
70,165,106.75,45.64,2,20.00,9.97
70,165,106.75,45.64,3,36.41,21.47
70,165,106.75,45.64,4,3.48,37.53
70,166,265.70,394.89,0,0.49,8.20
70,166,265.70,394.89,1,37.88,1.41
70,166,265.70,394.89,2,20.00,9.97
70,166,265.70,394.89,3,36.41,21.47
70,166,265.70,394.89,4,3.48,37.53
70,167,393.26,346.57,0,0.49,8.20
70,167,393.26,346.57,1,37.88,1.41
70,167,393.26,346.57,2,20.00,9.97
70,167,393.26,346.57,3,36.41,21.47
70,167,393.26,346.57,4,3.48,37.53
70,168,214.53,262.23,0,0.49,8.20
70,168,214.53,262.23,1,37.88,1.41
70,168,214.53,262.23,2,20.00,9.97
70,168,214.53,262.23,3,36.41,21.47
70,168,214.53,262.23,4,3.48,37.53
70,169,197.39,32.44,0,0.49,8.20
70,169,197.39,32.44,1,37.88,1.41
70,169,197.39,32.44,2,20.00,9.97
70,169,197.39,32.44,3,36.41,21.47
70,169,197.39,32.44,4,3.48,37.53
70,170,280.82,274.65,0,0.49,8.20
70,170,280.82,274.65,1,37.88,1.41
70,170,280.82,274.65,2,20.00,9.97
70,170,280.82,274.65,3,36.41,21.47
70,170,280.82,274.65,4,3.48,37.53
70,171,55.34,126.00,0,0.49,8.20
70,171,55.34,126.00,1,37.88,1.41
70,171,55.34,126.00,2,20.00,9.97
70,171,55.34,126.00,3,36.41,21.47
70,171,55.34,126.00,4,3.48,37.53
70,172,337.73,207.44,0,0.49,8.20
70,172,337.73,207.44,1,37.88,1.41
70,172,337.73,207.44,2,20.00,9.97
70,172,337.73,207.44,3,36.41,21.47
70,172,337.73,207.44,4,3.48,37.53
70,173,385.22,133.06,0,0.49,8.20
70,173,385.22,133.06,1,37.88,1.41
70,173,385.22,133.06,2,20.00,9.97
70,173,385.22,133.06,3,36.41,21.47
70,173,385.22,133.06,4,3.48,37.53
70,174,179.16,224.20,0,0.49,8.20
70,174,179.16,224.20,1,37.88,1.41
70,174,179.16,224.20,2,20.00,9.97
70,174,179.16,224.20,3,36.41,21.47
70,174,179.16,224.20,4,3.48,37.53
70,175,365.22,199.59,0,0.49,8.20
70,175,365.22,199.59,1,37.88,1.41
70,175,365.22,199.59,2,20.00,9.97
70,175,365.22,199.59,3,36.41,21.47
70,175,365.22,199.59,4,3.48,37.53
70,176,45.64,211.80,0,0.49,8.20
70,176,45.64,211.80,1,37.88,1.41
70,176,45.64,211.80,2,20.00,9.97
70,176,45.64,211.80,3,36.41,21.47
70,176,45.64,211.80,4,3.48,37.53
70,177,214.20,274.10,0,0.49,8.20
70,177,214.20,274.10,1,37.88,1.41
70,177,214.20,274.10,2,20.00,9.97
70,177,214.20,274.10,3,36.41,21.47
70,177,214.20,274.10,4,3.48,37.53
70,178,197.31,85.53,0,0.49,8.20
70,178,197.31,85.53,1,37.88,1.41
70,178,197.31,85.53,2,20.00,9.97
70,178,197.31,85.53,3,36.41,21.47
70,178,197.31,85.53,4,3.48,37.53
70,179,53.06,300.50,0,0.49,8.20
70,179,53.06,300.50,1,37.88,1.41
70,179,53.06,300.50,2,20.00,9.97
70,179,53.06,300.50,3,36.41,21.47
70,179,53.06,300.50,4,3.48,37.53
70,180,177.16,188.84,0,0.49,8.20
70,180,177.16,188.84,1,37.88,1.41
70,180,177.16,188.84,2,20.00,9.97
70,180,177.16,188.84,3,36.41,21.47
70,180,177.16,188.84,4,3.48,37.53
70,181,3.74,152.03,0,0.49,8.20
70,181,3.74,152.03,1,37.88,1.41
70,181,3.74,152.03,2,20.00,9.97
70,181,3.74,152.03,3,36.41,21.47
70,181,3.74,152.03,4,3.48,37.53
70,182,35.41,367.33,0,0.49,8.20
70,182,35.41,367.33,1,37.88,1.41
70,182,35.41,367.33,2,20.00,9.97
70,182,35.41,367.33,3,36.41,21.47
70,182,35.41,367.33,4,3.48,37.53
70,183,86.94,135.03,0,0.49,8.20
70,183,86.94,135.03,1,37.88,1.41
70,183,86.94,135.03,2,20.00,9.97
70,183,86.94,135.03,3,36.41,21.47
70,183,86.94,135.03,4,3.48,37.53
70,184,33.05,84.03,0,0.49,8.20
70,184,33.05,84.03,1,37.88,1.41
70,184,33.05,84.03,2,20.00,9.97
70,184,33.05,84.03,3,36.41,21.47
70,184,33.05,84.03,4,3.48,37.53
70,185,100.00,281.66,0,0.49,8.20
70,185,100.00,281.66,1,37.88,1.41
70,185,100.00,281.66,2,20.00,9.97
70,185,100.00,281.66,3,36.41,21.47
70,185,100.00,281.66,4,3.48,37.53
70,186,190.81,100.09,0,0.49,8.20
70,186,190.81,100.09,1,37.88,1.41
70,186,190.81,100.09,2,20.00,9.97
70,186,190.81,100.09,3,36.41,21.47
70,186,190.81,100.09,4,3.48,37.53
70,187,163.27,306.22,0,0.49,8.20
70,187,163.27,306.22,1,37.88,1.41
70,187,163.27,306.22,2,20.00,9.97
70,187,163.27,306.22,3,36.41,21.47
70,187,163.27,306.22,4,3.48,37.53
70,188,261.86,153.06,0,0.49,8.20
70,188,261.86,153.06,1,37.88,1.41
70,188,261.86,153.06,2,20.00,9.97
70,188,261.86,153.06,3,36.41,21.47
70,188,261.86,153.06,4,3.48,37.53
70,189,44.24,248.19,0,0.49,8.20
70,189,44.24,248.19,1,37.88,1.41
70,189,44.24,248.19,2,20.00,9.97
70,189,44.24,248.19,3,36.41,21.47
70,189,44.24,248.19,4,3.48,37.53
70,190,50.48,21.59,0,0.49,8.20
70,190,50.48,21.59,1,37.88,1.41
70,190,50.48,21.59,2,20.00,9.97
70,190,50.48,21.59,3,36.41,21.47
70,190,50.48,21.59,4,3.48,37.53
70,191,80.79,334.98,0,0.49,8.20
70,191,80.79,334.98,1,37.88,1.41
70,191,80.79,334.98,2,20.00,9.97
70,191,80.79,334.98,3,36.41,21.47
70,191,80.79,334.98,4,3.48,37.53
70,192,239.15,66.47,0,0.49,8.20
70,192,239.15,66.47,1,37.88,1.41
70,192,239.15,66.47,2,20.00,9.97
70,192,239.15,66.47,3,36.41,21.47
70,192,239.15,66.47,4,3.48,37.53
70,193,333.66,68.71,0,0.49,8.20
70,193,333.66,68.71,1,37.88,1.41
70,193,333.66,68.71,2,20.00,9.97
70,193,333.66,68.71,3,36.41,21.47
70,193,333.66,68.71,4,3.48,37.53
70,194,7.48,163.26,0,0.49,8.20
70,194,7.48,163.26,1,37.88,1.41
70,194,7.48,163.26,2,20.00,9.97
70,194,7.48,163.26,3,36.41,21.47
70,194,7.48,163.26,4,3.48,37.53
70,195,142.68,339.34,0,0.49,8.20
70,195,142.68,339.34,1,37.88,1.41
70,195,142.68,339.34,2,20.00,9.97
70,195,142.68,339.34,3,36.41,21.47
70,195,142.68,339.34,4,3.48,37.53
70,196,47.55,99.85,0,0.49,8.20
70,196,47.55,99.85,1,37.88,1.41
70,196,47.55,99.85,2,20.00,9.97
70,196,47.55,99.85,3,36.41,21.47
70,196,47.55,99.85,4,3.48,37.53
70,197,374.28,231.07,0,0.49,8.20
70,197,374.28,231.07,1,37.88,1.41
70,197,374.28,231.07,2,20.00,9.97
70,197,374.28,231.07,3,36.41,21.47
70,197,374.28,231.07,4,3.48,37.53
70,198,318.28,149.84,0,0.49,8.20
70,198,318.28,149.84,1,37.88,1.41
70,198,318.28,149.84,2,20.00,9.97
70,198,318.28,149.84,3,36.41,21.47
70,198,318.28,149.84,4,3.48,37.53
70,199,15.25,196.96,0,0.49,8.20
70,199,15.25,196.96,1,37.88,1.41
70,199,15.25,196.96,2,20.00,9.97
70,199,15.25,196.96,3,36.41,21.47
70,199,15.25,196.96,4,3.48,37.53
70,200,3.03,44.59,0,0.49,8.20
70,200,3.03,44.59,1,37.88,1.41
70,200,3.03,44.59,2,20.00,9.97
70,200,3.03,44.59,3,36.41,21.47
70,200,3.03,44.59,4,3.48,37.53
70,201,371.02,116.61,0,0.49,8.20
70,201,371.02,116.61,1,37.88,1.41
70,201,371.02,116.61,2,20.00,9.97
70,201,371.02,116.61,3,36.41,21.47
70,201,371.02,116.61,4,3.48,37.53
70,202,358.88,198.08,0,0.49,8.20
70,202,358.88,198.08,1,37.88,1.41
70,202,358.88,198.08,2,20.00,9.97
70,202,358.88,198.08,3,36.41,21.47
70,202,358.88,198.08,4,3.48,37.53
70,203,336.72,248.23,0,0.49,8.20
70,203,336.72,248.23,1,37.88,1.41
70,203,336.72,248.23,2,20.00,9.97
70,203,336.72,248.23,3,36.41,21.47
70,203,336.72,248.23,4,3.48,37.53
70,204,49.88,306.76,0,0.49,8.20
70,204,49.88,306.76,1,37.88,1.41
70,204,49.88,306.76,2,20.00,9.97
70,204,49.88,306.76,3,36.41,21.47
70,204,49.88,306.76,4,3.48,37.53
70,205,73.25,122.84,0,0.49,8.20
70,205,73.25,122.84,1,37.88,1.41
70,205,73.25,122.84,2,20.00,9.97
70,205,73.25,122.84,3,36.41,21.47
70,205,73.25,122.84,4,3.48,37.53
70,206,219.74,132.81,0,0.49,8.20
70,206,219.74,132.81,1,37.88,1.41
70,206,219.74,132.81,2,20.00,9.97
70,206,219.74,132.81,3,36.41,21.47
70,206,219.74,132.81,4,3.48,37.53
70,207,17.13,253.65,0,0.49,8.20
70,207,17.13,253.65,1,37.88,1.41
70,207,17.13,253.65,2,20.00,9.97
70,207,17.13,253.65,3,36.41,21.47
70,207,17.13,253.65,4,3.48,37.53
70,208,77.76,363.79,0,0.49,8.20
70,208,77.76,363.79,1,37.88,1.41
70,208,77.76,363.79,2,20.00,9.97
70,208,77.76,363.79,3,36.41,21.47
70,208,77.76,363.79,4,3.48,37.53
70,209,359.09,165.12,0,0.49,8.20
70,209,359.09,165.12,1,37.88,1.41
70,209,359.09,165.12,2,20.00,9.97
70,209,359.09,165.12,3,36.41,21.47
70,209,359.09,165.12,4,3.48,37.53
70,210,270.28,103.09,0,0.49,8.20
70,210,270.28,103.09,1,37.88,1.41
70,210,270.28,103.09,2,20.00,9.97
70,210,270.28,103.09,3,36.41,21.47
70,210,270.28,103.09,4,3.48,37.53
70,211,176.22,381.92,0,0.49,8.20
70,211,176.22,381.92,1,37.88,1.41
70,211,176.22,381.92,2,20.00,9.97
70,211,176.22,381.92,3,36.41,21.47
70,211,176.22,381.92,4,3.48,37.53
70,212,380.87,301.31,0,0.49,8.20
70,212,380.87,301.31,1,37.88,1.41
70,212,380.87,301.31,2,20.00,9.97
70,212,380.87,301.31,3,36.41,21.47
70,212,380.87,301.31,4,3.48,37.53
70,213,386.81,319.41,0,0.49,8.20
70,213,386.81,319.41,1,37.88,1.41
70,213,386.81,319.41,2,20.00,9.97
70,213,386.81,319.41,3,36.41,21.47
70,213,386.81,319.41,4,3.48,37.53
70,214,249.52,74.70,0,0.49,8.20
70,214,249.52,74.70,1,37.88,1.41
70,214,249.52,74.70,2,20.00,9.97
70,214,249.52,74.70,3,36.41,21.47
70,214,249.52,74.70,4,3.48,37.53
70,215,281.37,378.51,0,0.49,8.20
70,215,281.37,378.51,1,37.88,1.41
70,215,281.37,378.51,2,20.00,9.97
70,215,281.37,378.51,3,36.41,21.47
70,215,281.37,378.51,4,3.48,37.53
70,216,260.77,388.17,0,0.49,8.20
70,216,260.77,388.17,1,37.88,1.41
70,216,260.77,388.17,2,20.00,9.97
70,216,260.77,388.17,3,36.41,21.47
70,216,260.77,388.17,4,3.48,37.53
70,217,352.80,29.74,0,0.49,8.20
70,217,352.80,29.74,1,37.88,1.41
70,217,352.80,29.74,2,20.00,9.97
70,217,352.80,29.74,3,36.41,21.47
70,217,352.80,29.74,4,3.48,37.53
70,218,291.92,389.03,0,0.49,8.20
70,218,291.92,389.03,1,37.88,1.41
70,218,291.92,389.03,2,20.00,9.97
70,218,291.92,389.03,3,36.41,21.47
70,218,291.92,389.03,4,3.48,37.53
70,219,4.37,73.48,0,0.49,8.20
70,219,4.37,73.48,1,37.88,1.41
70,219,4.37,73.48,2,20.00,9.97
70,219,4.37,73.48,3,36.41,21.47
70,219,4.37,73.48,4,3.48,37.53
70,220,340.86,34.14,0,0.49,8.20
70,220,340.86,34.14,1,37.88,1.41
70,220,340.86,34.14,2,20.00,9.97
70,220,340.86,34.14,3,36.41,21.47
70,220,340.86,34.14,4,3.48,37.53
70,221,314.06,254.82,0,0.49,8.20
70,221,314.06,254.82,1,37.88,1.41
70,221,314.06,254.82,2,20.00,9.97
70,221,314.06,254.82,3,36.41,21.47
70,221,314.06,254.82,4,3.48,37.53
70,222,34.05,347.41,0,0.49,8.20
70,222,34.05,347.41,1,37.88,1.41
70,222,34.05,347.41,2,20.00,9.97
70,222,34.05,347.41,3,36.41,21.47
70,222,34.05,347.41,4,3.48,37.53
70,223,310.51,184.47,0,0.49,8.20
70,223,310.51,184.47,1,37.88,1.41
70,223,310.51,184.47,2,20.00,9.97
70,223,310.51,184.47,3,36.41,21.47
70,223,310.51,184.47,4,3.48,37.53
70,224,365.94,45.09,0,0.49,8.20
70,224,365.94,45.09,1,37.88,1.41
70,224,365.94,45.09,2,20.00,9.97
70,224,365.94,45.09,3,36.41,21.47
70,224,365.94,45.09,4,3.48,37.53
70,225,368.53,234.98,0,0.49,8.20
70,225,368.53,234.98,1,37.88,1.41
70,225,368.53,234.98,2,20.00,9.97
70,225,368.53,234.98,3,36.41,21.47
70,225,368.53,234.98,4,3.48,37.53
70,226,267.08,176.94,0,0.49,8.20
70,226,267.08,176.94,1,37.88,1.41
70,226,267.08,176.94,2,20.00,9.97
70,226,267.08,176.94,3,36.41,21.47
70,226,267.08,176.94,4,3.48,37.53
70,227,129.70,322.14,0,0.49,8.20
70,227,129.70,322.14,1,37.88,1.41
70,227,129.70,322.14,2,20.00,9.97
70,227,129.70,322.14,3,36.41,21.47
70,227,129.70,322.14,4,3.48,37.53
70,228,249.85,34.43,0,0.49,8.20
70,228,249.85,34.43,1,37.88,1.41
70,228,249.85,34.43,2,20.00,9.97
70,228,249.85,34.43,3,36.41,21.47
70,228,249.85,34.43,4,3.48,37.53
70,229,129.93,130.51,0,0.49,8.20
70,229,129.93,130.51,1,37.88,1.41
70,229,129.93,130.51,2,20.00,9.97
70,229,129.93,130.51,3,36.41,21.47
70,229,129.93,130.51,4,3.48,37.53
70,230,152.62,7.30,0,0.49,8.20
70,230,152.62,7.30,1,37.88,1.41
70,230,152.62,7.30,2,20.00,9.97
70,230,152.62,7.30,3,36.41,21.47
70,230,152.62,7.30,4,3.48,37.53
70,231,277.22,334.24,0,0.49,8.20
70,231,277.22,334.24,1,37.88,1.41
70,231,277.22,334.24,2,20.00,9.97
70,231,277.22,334.24,3,36.41,21.47
70,231,277.22,334.24,4,3.48,37.53
70,232,317.27,50.35,0,0.49,8.20
70,232,317.27,50.35,1,37.88,1.41
70,232,317.27,50.35,2,20.00,9.97
70,232,317.27,50.35,3,36.41,21.47
70,232,317.27,50.35,4,3.48,37.53
70,233,368.95,283.33,0,0.49,8.20
70,233,368.95,283.33,1,37.88,1.41
70,233,368.95,283.33,2,20.00,9.97
70,233,368.95,283.33,3,36.41,21.47
70,233,368.95,283.33,4,3.48,37.53
70,234,199.55,94.92,0,0.49,8.20
70,234,199.55,94.92,1,37.88,1.41
70,234,199.55,94.92,2,20.00,9.97
70,234,199.55,94.92,3,36.41,21.47
70,234,199.55,94.92,4,3.48,37.53
70,235,207.29,91.87,0,0.49,8.20
70,235,207.29,91.87,1,37.88,1.41
70,235,207.29,91.87,2,20.00,9.97
70,235,207.29,91.87,3,36.41,21.47
70,235,207.29,91.87,4,3.48,37.53
70,236,234.52,95.41,0,0.49,8.20
70,236,234.52,95.41,1,37.88,1.41
70,236,234.52,95.41,2,20.00,9.97
70,236,234.52,95.41,3,36.41,21.47
70,236,234.52,95.41,4,3.48,37.53
70,237,165.28,191.44,0,0.49,8.20
70,237,165.28,191.44,1,37.88,1.41
70,237,165.28,191.44,2,20.00,9.97
70,237,165.28,191.44,3,36.41,21.47
70,237,165.28,191.44,4,3.48,37.53
70,238,34.23,264.11,0,0.49,8.20
70,238,34.23,264.11,1,37.88,1.41
70,238,34.23,264.11,2,20.00,9.97
70,238,34.23,264.11,3,36.41,21.47
70,238,34.23,264.11,4,3.48,37.53
70,239,170.50,139.19,0,0.49,8.20
70,239,170.50,139.19,1,37.88,1.41
70,239,170.50,139.19,2,20.00,9.97
70,239,170.50,139.19,3,36.41,21.47
70,239,170.50,139.19,4,3.48,37.53
70,240,165.97,229.13,0,0.49,8.20
70,240,165.97,229.13,1,37.88,1.41
70,240,165.97,229.13,2,20.00,9.97
70,240,165.97,229.13,3,36.41,21.47
70,240,165.97,229.13,4,3.48,37.53
70,241,385.87,214.39,0,0.49,8.20
70,241,385.87,214.39,1,37.88,1.41
70,241,385.87,214.39,2,20.00,9.97
70,241,385.87,214.39,3,36.41,21.47
70,241,385.87,214.39,4,3.48,37.53
70,242,194.24,226.32,0,0.49,8.20
70,242,194.24,226.32,1,37.88,1.41
70,242,194.24,226.32,2,20.00,9.97
70,242,194.24,226.32,3,36.41,21.47
70,242,194.24,226.32,4,3.48,37.53
70,243,36.60,243.19,0,0.49,8.20
70,243,36.60,243.19,1,37.88,1.41
70,243,36.60,243.19,2,20.00,9.97
70,243,36.60,243.19,3,36.41,21.47
70,243,36.60,243.19,4,3.48,37.53
70,244,199.26,341.91,0,0.49,8.20
70,244,199.26,341.91,1,37.88,1.41
70,244,199.26,341.91,2,20.00,9.97
70,244,199.26,341.91,3,36.41,21.47
70,244,199.26,341.91,4,3.48,37.53
70,245,187.70,184.75,0,0.49,8.20
70,245,187.70,184.75,1,37.88,1.41
70,245,187.70,184.75,2,20.00,9.97
70,245,187.70,184.75,3,36.41,21.47
70,245,187.70,184.75,4,3.48,37.53
70,246,322.63,260.14,0,0.49,8.20
70,246,322.63,260.14,1,37.88,1.41
70,246,322.63,260.14,2,20.00,9.97
70,246,322.63,260.14,3,36.41,21.47
70,246,322.63,260.14,4,3.48,37.53
70,247,80.50,94.23,0,0.49,8.20
70,247,80.50,94.23,1,37.88,1.41
70,247,80.50,94.23,2,20.00,9.97
70,247,80.50,94.23,3,36.41,21.47
70,247,80.50,94.23,4,3.48,37.53
70,248,395.03,345.26,0,0.49,8.20
70,248,395.03,345.26,1,37.88,1.41
70,248,395.03,345.26,2,20.00,9.97
70,248,395.03,345.26,3,36.41,21.47
70,248,395.03,345.26,4,3.48,37.53
70,249,351.27,380.71,0,0.49,8.20
70,249,351.27,380.71,1,37.88,1.41
70,249,351.27,380.71,2,20.00,9.97
70,249,351.27,380.71,3,36.41,21.47
70,249,351.27,380.71,4,3.48,37.53
70,250,215.17,288.77,0,0.49,8.20
70,250,215.17,288.77,1,37.88,1.41
70,250,215.17,288.77,2,20.00,9.97
70,250,215.17,288.77,3,36.41,21.47
70,250,215.17,288.77,4,3.48,37.53
70,251,116.07,282.50,0,0.49,8.20
70,251,116.07,282.50,1,37.88,1.41
70,251,116.07,282.50,2,20.00,9.97
70,251,116.07,282.50,3,36.41,21.47
70,251,116.07,282.50,4,3.48,37.53
70,252,6.34,50.34,0,0.49,8.20
70,252,6.34,50.34,1,37.88,1.41
70,252,6.34,50.34,2,20.00,9.97
70,252,6.34,50.34,3,36.41,21.47
70,252,6.34,50.34,4,3.48,37.53
70,253,299.70,180.94,0,0.49,8.20
70,253,299.70,180.94,1,37.88,1.41
70,253,299.70,180.94,2,20.00,9.97
70,253,299.70,180.94,3,36.41,21.47
70,253,299.70,180.94,4,3.48,37.53
70,254,348.05,110.58,0,0.49,8.20
70,254,348.05,110.58,1,37.88,1.41
70,254,348.05,110.58,2,20.00,9.97
70,254,348.05,110.58,3,36.41,21.47
70,254,348.05,110.58,4,3.48,37.53
70,255,31.55,281.62,0,0.49,8.20
70,255,31.55,281.62,1,37.88,1.41
70,255,31.55,281.62,2,20.00,9.97
70,255,31.55,281.62,3,36.41,21.47
70,255,31.55,281.62,4,3.48,37.53
70,256,64.30,74.81,0,0.49,8.20
70,256,64.30,74.81,1,37.88,1.41
70,256,64.30,74.81,2,20.00,9.97
70,256,64.30,74.81,3,36.41,21.47
70,256,64.30,74.81,4,3.48,37.53
70,257,340.57,160.23,0,0.49,8.20
70,257,340.57,160.23,1,37.88,1.41
70,257,340.57,160.23,2,20.00,9.97
70,257,340.57,160.23,3,36.41,21.47
70,257,340.57,160.23,4,3.48,37.53
70,258,349.46,72.14,0,0.49,8.20
70,258,349.46,72.14,1,37.88,1.41
70,258,349.46,72.14,2,20.00,9.97
70,258,349.46,72.14,3,36.41,21.47
70,258,349.46,72.14,4,3.48,37.53
70,259,79.21,78.42,0,0.49,8.20
70,259,79.21,78.42,1,37.88,1.41
70,259,79.21,78.42,2,20.00,9.97
70,259,79.21,78.42,3,36.41,21.47
70,259,79.21,78.42,4,3.48,37.53
70,260,290.62,386.13,0,0.49,8.20
70,260,290.62,386.13,1,37.88,1.41
70,260,290.62,386.13,2,20.00,9.97
70,260,290.62,386.13,3,36.41,21.47
70,260,290.62,386.13,4,3.48,37.53
70,261,91.84,385.03,0,0.49,8.20
70,261,91.84,385.03,1,37.88,1.41
70,261,91.84,385.03,2,20.00,9.97
70,261,91.84,385.03,3,36.41,21.47
70,261,91.84,385.03,4,3.48,37.53
70,262,137.04,79.79,0,0.49,8.20
70,262,137.04,79.79,1,37.88,1.41
70,262,137.04,79.79,2,20.00,9.97
70,262,137.04,79.79,3,36.41,21.47
70,262,137.04,79.79,4,3.48,37.53
70,263,139.01,58.48,0,0.49,8.20
70,263,139.01,58.48,1,37.88,1.41
70,263,139.01,58.48,2,20.00,9.97
70,263,139.01,58.48,3,36.41,21.47
70,263,139.01,58.48,4,3.48,37.53
70,264,14.16,152.62,0,0.49,8.20
70,264,14.16,152.62,1,37.88,1.41
70,264,14.16,152.62,2,20.00,9.97
70,264,14.16,152.62,3,36.41,21.47
70,264,14.16,152.62,4,3.48,37.53
70,265,242.06,295.52,0,0.49,8.20
70,265,242.06,295.52,1,37.88,1.41
70,265,242.06,295.52,2,20.00,9.97
70,265,242.06,295.52,3,36.41,21.47
70,265,242.06,295.52,4,3.48,37.53
70,266,142.51,283.49,0,0.49,8.20
70,266,142.51,283.49,1,37.88,1.41
70,266,142.51,283.49,2,20.00,9.97
70,266,142.51,283.49,3,36.41,21.47
70,266,142.51,283.49,4,3.48,37.53
70,267,150.83,34.31,0,0.49,8.20
70,267,150.83,34.31,1,37.88,1.41
70,267,150.83,34.31,2,20.00,9.97
70,267,150.83,34.31,3,36.41,21.47
70,267,150.83,34.31,4,3.48,37.53
70,268,159.60,108.39,0,0.49,8.20
70,268,159.60,108.39,1,37.88,1.41
70,268,159.60,108.39,2,20.00,9.97
70,268,159.60,108.39,3,36.41,21.47
70,268,159.60,108.39,4,3.48,37.53
70,269,2.25,173.44,0,0.49,8.20
70,269,2.25,173.44,1,37.88,1.41
70,269,2.25,173.44,2,20.00,9.97
70,269,2.25,173.44,3,36.41,21.47
70,269,2.25,173.44,4,3.48,37.53
70,270,71.65,272.70,0,0.49,8.20
70,270,71.65,272.70,1,37.88,1.41
70,270,71.65,272.70,2,20.00,9.97
70,270,71.65,272.70,3,36.41,21.47
70,270,71.65,272.70,4,3.48,37.53
70,271,5.20,111.28,0,0.49,8.20
70,271,5.20,111.28,1,37.88,1.41
70,271,5.20,111.28,2,20.00,9.97
70,271,5.20,111.28,3,36.41,21.47
70,271,5.20,111.28,4,3.48,37.53
70,272,58.02,285.19,0,0.49,8.20
70,272,58.02,285.19,1,37.88,1.41
70,272,58.02,285.19,2,20.00,9.97
70,272,58.02,285.19,3,36.41,21.47
70,272,58.02,285.19,4,3.48,37.53
70,273,28.35,237.24,0,0.49,8.20
70,273,28.35,237.24,1,37.88,1.41
70,273,28.35,237.24,2,20.00,9.97
70,273,28.35,237.24,3,36.41,21.47
70,273,28.35,237.24,4,3.48,37.53
70,274,97.85,2.40,0,0.49,8.20
70,274,97.85,2.40,1,37.88,1.41
70,274,97.85,2.40,2,20.00,9.97
70,274,97.85,2.40,3,36.41,21.47
70,274,97.85,2.40,4,3.48,37.53
70,275,286.85,223.29,0,0.49,8.20
70,275,286.85,223.29,1,37.88,1.41
70,275,286.85,223.29,2,20.00,9.97
70,275,286.85,223.29,3,36.41,21.47
70,275,286.85,223.29,4,3.48,37.53
70,276,275.54,247.27,0,0.49,8.20
70,276,275.54,247.27,1,37.88,1.41
70,276,275.54,247.27,2,20.00,9.97
70,276,275.54,247.27,3,36.41,21.47
70,276,275.54,247.27,4,3.48,37.53
70,277,249.68,194.20,0,0.49,8.20
70,277,249.68,194.20,1,37.88,1.41
70,277,249.68,194.20,2,20.00,9.97
70,277,249.68,194.20,3,36.41,21.47
70,277,249.68,194.20,4,3.48,37.53
70,278,93.78,392.51,0,0.49,8.20
70,278,93.78,392.51,1,37.88,1.41
70,278,93.78,392.51,2,20.00,9.97
70,278,93.78,392.51,3,36.41,21.47
70,278,93.78,392.51,4,3.48,37.53
70,279,241.82,378.10,0,0.49,8.20
70,279,241.82,378.10,1,37.88,1.41
70,279,241.82,378.10,2,20.00,9.97
70,279,241.82,378.10,3,36.41,21.47
70,279,241.82,378.10,4,3.48,37.53
70,280,353.93,205.81,0,0.49,8.20
70,280,353.93,205.81,1,37.88,1.41
70,280,353.93,205.81,2,20.00,9.97
70,280,353.93,205.81,3,36.41,21.47
70,280,353.93,205.81,4,3.48,37.53
70,281,203.98,31.88,0,0.49,8.20
70,281,203.98,31.88,1,37.88,1.41
70,281,203.98,31.88,2,20.00,9.97
70,281,203.98,31.88,3,36.41,21.47
70,281,203.98,31.88,4,3.48,37.53
70,282,311.93,166.78,0,0.49,8.20
70,282,311.93,166.78,1,37.88,1.41
70,282,311.93,166.78,2,20.00,9.97
70,282,311.93,166.78,3,36.41,21.47
70,282,311.93,166.78,4,3.48,37.53
70,283,305.24,153.89,0,0.49,8.20
70,283,305.24,153.89,1,37.88,1.41
70,283,305.24,153.89,2,20.00,9.97
70,283,305.24,153.89,3,36.41,21.47
70,283,305.24,153.89,4,3.48,37.53
70,284,189.72,93.72,0,0.49,8.20
70,284,189.72,93.72,1,37.88,1.41
70,284,189.72,93.72,2,20.00,9.97
70,284,189.72,93.72,3,36.41,21.47
70,284,189.72,93.72,4,3.48,37.53
70,285,228.33,349.91,0,0.49,8.20
70,285,228.33,349.91,1,37.88,1.41
70,285,228.33,349.91,2,20.00,9.97
70,285,228.33,349.91,3,36.41,21.47
70,285,228.33,349.91,4,3.48,37.53
70,286,267.30,322.54,0,0.49,8.20
70,286,267.30,322.54,1,37.88,1.41
70,286,267.30,322.54,2,20.00,9.97
70,286,267.30,322.54,3,36.41,21.47
70,286,267.30,322.54,4,3.48,37.53
70,287,367.93,167.76,0,0.49,8.20
70,287,367.93,167.76,1,37.88,1.41
70,287,367.93,167.76,2,20.00,9.97
70,287,367.93,167.76,3,36.41,21.47
70,287,367.93,167.76,4,3.48,37.53
70,288,117.38,6.36,0,0.49,8.20
70,288,117.38,6.36,1,37.88,1.41
70,288,117.38,6.36,2,20.00,9.97
70,288,117.38,6.36,3,36.41,21.47
70,288,117.38,6.36,4,3.48,37.53
70,289,74.64,309.50,0,0.49,8.20
70,289,74.64,309.50,1,37.88,1.41
70,289,74.64,309.50,2,20.00,9.97
70,289,74.64,309.50,3,36.41,21.47
70,289,74.64,309.50,4,3.48,37.53
70,290,280.41,284.24,0,0.49,8.20
70,290,280.41,284.24,1,37.88,1.41
70,290,280.41,284.24,2,20.00,9.97
70,290,280.41,284.24,3,36.41,21.47
70,290,280.41,284.24,4,3.48,37.53
70,291,76.68,8.64,0,0.49,8.20
70,291,76.68,8.64,1,37.88,1.41
70,291,76.68,8.64,2,20.00,9.97
70,291,76.68,8.64,3,36.41,21.47
70,291,76.68,8.64,4,3.48,37.53
70,292,265.80,299.26,0,0.49,8.20
70,292,265.80,299.26,1,37.88,1.41
70,292,265.80,299.26,2,20.00,9.97
70,292,265.80,299.26,3,36.41,21.47
70,292,265.80,299.26,4,3.48,37.53
70,293,194.43,136.56,0,0.49,8.20
70,293,194.43,136.56,1,37.88,1.41
70,293,194.43,136.56,2,20.00,9.97
70,293,194.43,136.56,3,36.41,21.47
70,293,194.43,136.56,4,3.48,37.53
70,294,120.82,345.76,0,0.49,8.20
70,294,120.82,345.76,1,37.88,1.41
70,294,120.82,345.76,2,20.00,9.97
70,294,120.82,345.76,3,36.41,21.47
70,294,120.82,345.76,4,3.48,37.53
70,295,348.22,195.98,0,0.49,8.20
70,295,348.22,195.98,1,37.88,1.41
70,295,348.22,195.98,2,20.00,9.97
70,295,348.22,195.98,3,36.41,21.47
70,295,348.22,195.98,4,3.48,37.53
70,296,318.22,40.65,0,0.49,8.20
70,296,318.22,40.65,1,37.88,1.41
70,296,318.22,40.65,2,20.00,9.97
70,296,318.22,40.65,3,36.41,21.47
70,296,318.22,40.65,4,3.48,37.53
70,297,369.14,100.95,0,0.49,8.20
70,297,369.14,100.95,1,37.88,1.41
70,297,369.14,100.95,2,20.00,9.97
70,297,369.14,100.95,3,36.41,21.47
70,297,369.14,100.95,4,3.48,37.53
70,298,330.61,52.41,0,0.49,8.20
70,298,330.61,52.41,1,37.88,1.41
70,298,330.61,52.41,2,20.00,9.97
70,298,330.61,52.41,3,36.41,21.47
70,298,330.61,52.41,4,3.48,37.53
70,299,30.83,123.08,0,0.49,8.20
70,299,30.83,123.08,1,37.88,1.41
70,299,30.83,123.08,2,20.00,9.97
70,299,30.83,123.08,3,36.41,21.47
70,299,30.83,123.08,4,3.48,37.53
70,300,212.81,337.70,0,0.49,8.20
70,300,212.81,337.70,1,37.88,1.41
70,300,212.81,337.70,2,20.00,9.97
70,300,212.81,337.70,3,36.41,21.47
70,300,212.81,337.70,4,3.48,37.53
80,1,228.17,102.97,0,1.18,8.99
80,1,228.17,102.97,1,37.88,1.41
80,1,228.17,102.97,2,20.00,9.97
80,1,228.17,102.97,3,36.02,20.93
80,1,228.17,102.97,4,3.48,37.53
80,2,30.90,66.05,0,1.18,8.99
80,2,30.90,66.05,1,37.88,1.41
80,2,30.90,66.05,2,20.00,9.97
80,2,30.90,66.05,3,36.02,20.93
80,2,30.90,66.05,4,3.48,37.53
80,3,184.48,279.13,0,1.18,8.99
80,3,184.48,279.13,1,37.88,1.41
80,3,184.48,279.13,2,20.00,9.97
80,3,184.48,279.13,3,36.02,20.93
80,3,184.48,279.13,4,3.48,37.53
80,4,243.77,88.80,0,1.18,8.99
80,4,243.77,88.80,1,37.88,1.41
80,4,243.77,88.80,2,20.00,9.97
80,4,243.77,88.80,3,36.02,20.93
80,4,243.77,88.80,4,3.48,37.53
80,5,15.56,312.08,0,1.18,8.99
80,5,15.56,312.08,1,37.88,1.41
80,5,15.56,312.08,2,20.00,9.97
80,5,15.56,312.08,3,36.02,20.93
80,5,15.56,312.08,4,3.48,37.53
80,6,88.50,275.29,0,1.18,8.99
80,6,88.50,275.29,1,37.88,1.41
80,6,88.50,275.29,2,20.00,9.97
80,6,88.50,275.29,3,36.02,20.93
80,6,88.50,275.29,4,3.48,37.53
80,7,82.22,98.47,0,1.18,8.99
80,7,82.22,98.47,1,37.88,1.41
80,7,82.22,98.47,2,20.00,9.97
80,7,82.22,98.47,3,36.02,20.93
80,7,82.22,98.47,4,3.48,37.53
80,8,163.44,380.06,0,1.18,8.99
80,8,163.44,380.06,1,37.88,1.41
80,8,163.44,380.06,2,20.00,9.97
80,8,163.44,380.06,3,36.02,20.93
80,8,163.44,380.06,4,3.48,37.53
80,9,246.07,207.54,0,1.18,8.99
80,9,246.07,207.54,1,37.88,1.41
80,9,246.07,207.54,2,20.00,9.97
80,9,246.07,207.54,3,36.02,20.93
80,9,246.07,207.54,4,3.48,37.53
80,10,380.41,169.60,0,1.18,8.99
80,10,380.41,169.60,1,37.88,1.41
80,10,380.41,169.60,2,20.00,9.97
80,10,380.41,169.60,3,36.02,20.93
80,10,380.41,169.60,4,3.48,37.53
80,11,148.92,121.43,0,1.18,8.99
80,11,148.92,121.43,1,37.88,1.41
80,11,148.92,121.43,2,20.00,9.97
80,11,148.92,121.43,3,36.02,20.93
80,11,148.92,121.43,4,3.48,37.53
80,12,227.43,78.03,0,1.18,8.99
80,12,227.43,78.03,1,37.88,1.41
80,12,227.43,78.03,2,20.00,9.97
80,12,227.43,78.03,3,36.02,20.93
80,12,227.43,78.03,4,3.48,37.53
80,13,133.46,76.52,0,1.18,8.99
80,13,133.46,76.52,1,37.88,1.41
80,13,133.46,76.52,2,20.00,9.97
80,13,133.46,76.52,3,36.02,20.93
80,13,133.46,76.52,4,3.48,37.53
80,14,9.58,376.88,0,1.18,8.99
80,14,9.58,376.88,1,37.88,1.41
80,14,9.58,376.88,2,20.00,9.97
80,14,9.58,376.88,3,36.02,20.93
80,14,9.58,376.88,4,3.48,37.53
80,15,7.20,319.38,0,1.18,8.99
80,15,7.20,319.38,1,37.88,1.41
80,15,7.20,319.38,2,20.00,9.97
80,15,7.20,319.38,3,36.02,20.93
80,15,7.20,319.38,4,3.48,37.53
80,16,326.55,303.14,0,1.18,8.99
80,16,326.55,303.14,1,37.88,1.41
80,16,326.55,303.14,2,20.00,9.97
80,16,326.55,303.14,3,36.02,20.93
80,16,326.55,303.14,4,3.48,37.53
80,17,379.32,187.48,0,1.18,8.99
80,17,379.32,187.48,1,37.88,1.41
80,17,379.32,187.48,2,20.00,9.97
80,17,379.32,187.48,3,36.02,20.93
80,17,379.32,187.48,4,3.48,37.53
80,18,195.80,364.09,0,1.18,8.99
80,18,195.80,364.09,1,37.88,1.41
80,18,195.80,364.09,2,20.00,9.97
80,18,195.80,364.09,3,36.02,20.93
80,18,195.80,364.09,4,3.48,37.53
80,19,75.89,322.15,0,1.18,8.99
80,19,75.89,322.15,1,37.88,1.41
80,19,75.89,322.15,2,20.00,9.97
80,19,75.89,322.15,3,36.02,20.93
80,19,75.89,322.15,4,3.48,37.53
80,20,208.87,375.27,0,1.18,8.99
80,20,208.87,375.27,1,37.88,1.41
80,20,208.87,375.27,2,20.00,9.97
80,20,208.87,375.27,3,36.02,20.93
80,20,208.87,375.27,4,3.48,37.53
80,21,385.48,118.55,0,1.18,8.99
80,21,385.48,118.55,1,37.88,1.41
80,21,385.48,118.55,2,20.00,9.97
80,21,385.48,118.55,3,36.02,20.93
80,21,385.48,118.55,4,3.48,37.53
80,22,265.30,371.46,0,1.18,8.99
80,22,265.30,371.46,1,37.88,1.41
80,22,265.30,371.46,2,20.00,9.97
80,22,265.30,371.46,3,36.02,20.93
80,22,265.30,371.46,4,3.48,37.53
80,23,345.32,276.88,0,1.18,8.99
80,23,345.32,276.88,1,37.88,1.41
80,23,345.32,276.88,2,20.00,9.97
80,23,345.32,276.88,3,36.02,20.93
80,23,345.32,276.88,4,3.48,37.53
80,24,128.12,48.86,0,1.18,8.99
80,24,128.12,48.86,1,37.88,1.41
80,24,128.12,48.86,2,20.00,9.97
80,24,128.12,48.86,3,36.02,20.93
80,24,128.12,48.86,4,3.48,37.53
80,25,79.65,356.23,0,1.18,8.99
80,25,79.65,356.23,1,37.88,1.41
80,25,79.65,356.23,2,20.00,9.97
80,25,79.65,356.23,3,36.02,20.93
80,25,79.65,356.23,4,3.48,37.53
80,26,295.73,13.92,0,1.18,8.99
80,26,295.73,13.92,1,37.88,1.41
80,26,295.73,13.92,2,20.00,9.97
80,26,295.73,13.92,3,36.02,20.93
80,26,295.73,13.92,4,3.48,37.53
80,27,232.83,82.05,0,1.18,8.99
80,27,232.83,82.05,1,37.88,1.41
80,27,232.83,82.05,2,20.00,9.97
80,27,232.83,82.05,3,36.02,20.93
80,27,232.83,82.05,4,3.48,37.53
80,28,383.18,363.74,0,1.18,8.99
80,28,383.18,363.74,1,37.88,1.41
80,28,383.18,363.74,2,20.00,9.97
80,28,383.18,363.74,3,36.02,20.93
80,28,383.18,363.74,4,3.48,37.53
80,29,147.17,250.20,0,1.18,8.99
80,29,147.17,250.20,1,37.88,1.41
80,29,147.17,250.20,2,20.00,9.97
80,29,147.17,250.20,3,36.02,20.93
80,29,147.17,250.20,4,3.48,37.53
80,30,371.78,193.33,0,1.18,8.99
80,30,371.78,193.33,1,37.88,1.41
80,30,371.78,193.33,2,20.00,9.97
80,30,371.78,193.33,3,36.02,20.93
80,30,371.78,193.33,4,3.48,37.53
80,31,191.40,23.99,0,1.18,8.99
80,31,191.40,23.99,1,37.88,1.41
80,31,191.40,23.99,2,20.00,9.97
80,31,191.40,23.99,3,36.02,20.93
80,31,191.40,23.99,4,3.48,37.53
80,32,230.23,67.31,0,1.18,8.99
80,32,230.23,67.31,1,37.88,1.41
80,32,230.23,67.31,2,20.00,9.97
80,32,230.23,67.31,3,36.02,20.93
80,32,230.23,67.31,4,3.48,37.53
80,33,40.52,260.88,0,1.18,8.99
80,33,40.52,260.88,1,37.88,1.41
80,33,40.52,260.88,2,20.00,9.97
80,33,40.52,260.88,3,36.02,20.93
80,33,40.52,260.88,4,3.48,37.53
80,34,168.55,102.50,0,1.18,8.99
80,34,168.55,102.50,1,37.88,1.41
80,34,168.55,102.50,2,20.00,9.97
80,34,168.55,102.50,3,36.02,20.93
80,34,168.55,102.50,4,3.48,37.53
80,35,311.45,212.03,0,1.18,8.99
80,35,311.45,212.03,1,37.88,1.41
80,35,311.45,212.03,2,20.00,9.97
80,35,311.45,212.03,3,36.02,20.93
80,35,311.45,212.03,4,3.48,37.53
80,36,107.92,317.66,0,1.18,8.99
80,36,107.92,317.66,1,37.88,1.41
80,36,107.92,317.66,2,20.00,9.97
80,36,107.92,317.66,3,36.02,20.93
80,36,107.92,317.66,4,3.48,37.53
80,37,301.16,291.35,0,1.18,8.99
80,37,301.16,291.35,1,37.88,1.41
80,37,301.16,291.35,2,20.00,9.97
80,37,301.16,291.35,3,36.02,20.93
80,37,301.16,291.35,4,3.48,37.53
80,38,126.75,237.78,0,1.18,8.99
80,38,126.75,237.78,1,37.88,1.41
80,38,126.75,237.78,2,20.00,9.97
80,38,126.75,237.78,3,36.02,20.93
80,38,126.75,237.78,4,3.48,37.53
80,39,114.53,200.69,0,1.18,8.99
80,39,114.53,200.69,1,37.88,1.41
80,39,114.53,200.69,2,20.00,9.97
80,39,114.53,200.69,3,36.02,20.93
80,39,114.53,200.69,4,3.48,37.53
80,40,282.13,100.33,0,1.18,8.99
80,40,282.13,100.33,1,37.88,1.41
80,40,282.13,100.33,2,20.00,9.97
80,40,282.13,100.33,3,36.02,20.93
80,40,282.13,100.33,4,3.48,37.53
80,41,249.53,310.01,0,1.18,8.99
80,41,249.53,310.01,1,37.88,1.41
80,41,249.53,310.01,2,20.00,9.97
80,41,249.53,310.01,3,36.02,20.93
80,41,249.53,310.01,4,3.48,37.53
80,42,354.89,246.40,0,1.18,8.99
80,42,354.89,246.40,1,37.88,1.41
80,42,354.89,246.40,2,20.00,9.97
80,42,354.89,246.40,3,36.02,20.93
80,42,354.89,246.40,4,3.48,37.53
80,43,215.15,63.55,0,1.18,8.99
80,43,215.15,63.55,1,37.88,1.41
80,43,215.15,63.55,2,20.00,9.97
80,43,215.15,63.55,3,36.02,20.93
80,43,215.15,63.55,4,3.48,37.53
80,44,349.51,211.39,0,1.18,8.99
80,44,349.51,211.39,1,37.88,1.41
80,44,349.51,211.39,2,20.00,9.97
80,44,349.51,211.39,3,36.02,20.93
80,44,349.51,211.39,4,3.48,37.53
80,45,229.41,92.22,0,1.18,8.99
80,45,229.41,92.22,1,37.88,1.41
80,45,229.41,92.22,2,20.00,9.97
80,45,229.41,92.22,3,36.02,20.93
80,45,229.41,92.22,4,3.48,37.53
80,46,83.44,376.58,0,1.18,8.99
80,46,83.44,376.58,1,37.88,1.41
80,46,83.44,376.58,2,20.00,9.97
80,46,83.44,376.58,3,36.02,20.93
80,46,83.44,376.58,4,3.48,37.53
80,47,59.18,294.32,0,1.18,8.99
80,47,59.18,294.32,1,37.88,1.41
80,47,59.18,294.32,2,20.00,9.97
80,47,59.18,294.32,3,36.02,20.93
80,47,59.18,294.32,4,3.48,37.53
80,48,336.66,201.55,0,1.18,8.99
80,48,336.66,201.55,1,37.88,1.41
80,48,336.66,201.55,2,20.00,9.97
80,48,336.66,201.55,3,36.02,20.93
80,48,336.66,201.55,4,3.48,37.53
80,49,192.39,141.26,0,1.18,8.99
80,49,192.39,141.26,1,37.88,1.41
80,49,192.39,141.26,2,20.00,9.97
80,49,192.39,141.26,3,36.02,20.93
80,49,192.39,141.26,4,3.48,37.53
80,50,298.79,325.88,0,1.18,8.99
80,50,298.79,325.88,1,37.88,1.41
80,50,298.79,325.88,2,20.00,9.97
80,50,298.79,325.88,3,36.02,20.93
80,50,298.79,325.88,4,3.48,37.53
80,51,28.62,358.31,0,1.18,8.99
80,51,28.62,358.31,1,37.88,1.41
80,51,28.62,358.31,2,20.00,9.97
80,51,28.62,358.31,3,36.02,20.93
80,51,28.62,358.31,4,3.48,37.53
80,52,204.92,106.89,0,1.18,8.99
80,52,204.92,106.89,1,37.88,1.41
80,52,204.92,106.89,2,20.00,9.97
80,52,204.92,106.89,3,36.02,20.93
80,52,204.92,106.89,4,3.48,37.53
80,53,261.88,247.97,0,1.18,8.99
80,53,261.88,247.97,1,37.88,1.41
80,53,261.88,247.97,2,20.00,9.97
80,53,261.88,247.97,3,36.02,20.93
80,53,261.88,247.97,4,3.48,37.53
80,54,334.32,31.15,0,1.18,8.99
80,54,334.32,31.15,1,37.88,1.41
80,54,334.32,31.15,2,20.00,9.97
80,54,334.32,31.15,3,36.02,20.93
80,54,334.32,31.15,4,3.48,37.53
80,55,260.25,257.44,0,1.18,8.99
80,55,260.25,257.44,1,37.88,1.41
80,55,260.25,257.44,2,20.00,9.97
80,55,260.25,257.44,3,36.02,20.93
80,55,260.25,257.44,4,3.48,37.53
80,56,302.30,163.62,0,1.18,8.99
80,56,302.30,163.62,1,37.88,1.41
80,56,302.30,163.62,2,20.00,9.97
80,56,302.30,163.62,3,36.02,20.93
80,56,302.30,163.62,4,3.48,37.53
80,57,97.48,186.47,0,1.18,8.99
80,57,97.48,186.47,1,37.88,1.41
80,57,97.48,186.47,2,20.00,9.97
80,57,97.48,186.47,3,36.02,20.93
80,57,97.48,186.47,4,3.48,37.53
80,58,342.34,196.52,0,1.18,8.99
80,58,342.34,196.52,1,37.88,1.41
80,58,342.34,196.52,2,20.00,9.97
80,58,342.34,196.52,3,36.02,20.93
80,58,342.34,196.52,4,3.48,37.53
80,59,60.55,142.59,0,1.18,8.99
80,59,60.55,142.59,1,37.88,1.41
80,59,60.55,142.59,2,20.00,9.97
80,59,60.55,142.59,3,36.02,20.93
80,59,60.55,142.59,4,3.48,37.53
80,60,171.15,267.62,0,1.18,8.99
80,60,171.15,267.62,1,37.88,1.41
80,60,171.15,267.62,2,20.00,9.97
80,60,171.15,267.62,3,36.02,20.93
80,60,171.15,267.62,4,3.48,37.53
80,61,28.42,140.46,0,1.18,8.99
80,61,28.42,140.46,1,37.88,1.41
80,61,28.42,140.46,2,20.00,9.97
80,61,28.42,140.46,3,36.02,20.93
80,61,28.42,140.46,4,3.48,37.53
80,62,42.37,372.77,0,1.18,8.99
80,62,42.37,372.77,1,37.88,1.41
80,62,42.37,372.77,2,20.00,9.97
80,62,42.37,372.77,3,36.02,20.93
80,62,42.37,372.77,4,3.48,37.53
80,63,118.77,176.76,0,1.18,8.99
80,63,118.77,176.76,1,37.88,1.41
80,63,118.77,176.76,2,20.00,9.97
80,63,118.77,176.76,3,36.02,20.93
80,63,118.77,176.76,4,3.48,37.53
80,64,334.54,39.95,0,1.18,8.99
80,64,334.54,39.95,1,37.88,1.41
80,64,334.54,39.95,2,20.00,9.97
80,64,334.54,39.95,3,36.02,20.93
80,64,334.54,39.95,4,3.48,37.53
80,65,331.55,277.41,0,1.18,8.99
80,65,331.55,277.41,1,37.88,1.41
80,65,331.55,277.41,2,20.00,9.97
80,65,331.55,277.41,3,36.02,20.93
80,65,331.55,277.41,4,3.48,37.53
80,66,111.30,384.46,0,1.18,8.99
80,66,111.30,384.46,1,37.88,1.41
80,66,111.30,384.46,2,20.00,9.97
80,66,111.30,384.46,3,36.02,20.93
80,66,111.30,384.46,4,3.48,37.53
80,67,41.55,224.00,0,1.18,8.99
80,67,41.55,224.00,1,37.88,1.41
80,67,41.55,224.00,2,20.00,9.97
80,67,41.55,224.00,3,36.02,20.93
80,67,41.55,224.00,4,3.48,37.53
80,68,238.60,314.88,0,1.18,8.99
80,68,238.60,314.88,1,37.88,1.41
80,68,238.60,314.88,2,20.00,9.97
80,68,238.60,314.88,3,36.02,20.93
80,68,238.60,314.88,4,3.48,37.53
80,69,368.54,365.41,0,1.18,8.99
80,69,368.54,365.41,1,37.88,1.41
80,69,368.54,365.41,2,20.00,9.97
80,69,368.54,365.41,3,36.02,20.93
80,69,368.54,365.41,4,3.48,37.53
80,70,216.10,76.69,0,1.18,8.99
80,70,216.10,76.69,1,37.88,1.41
80,70,216.10,76.69,2,20.00,9.97
80,70,216.10,76.69,3,36.02,20.93
80,70,216.10,76.69,4,3.48,37.53
80,71,43.49,362.09,0,1.18,8.99
80,71,43.49,362.09,1,37.88,1.41
80,71,43.49,362.09,2,20.00,9.97
80,71,43.49,362.09,3,36.02,20.93
80,71,43.49,362.09,4,3.48,37.53
80,72,20.34,388.51,0,1.18,8.99
80,72,20.34,388.51,1,37.88,1.41
80,72,20.34,388.51,2,20.00,9.97
80,72,20.34,388.51,3,36.02,20.93
80,72,20.34,388.51,4,3.48,37.53
80,73,362.72,142.09,0,1.18,8.99
80,73,362.72,142.09,1,37.88,1.41
80,73,362.72,142.09,2,20.00,9.97
80,73,362.72,142.09,3,36.02,20.93
80,73,362.72,142.09,4,3.48,37.53
80,74,224.22,64.90,0,1.18,8.99
80,74,224.22,64.90,1,37.88,1.41
80,74,224.22,64.90,2,20.00,9.97
80,74,224.22,64.90,3,36.02,20.93
80,74,224.22,64.90,4,3.48,37.53
80,75,193.94,85.31,0,1.18,8.99
80,75,193.94,85.31,1,37.88,1.41
80,75,193.94,85.31,2,20.00,9.97
80,75,193.94,85.31,3,36.02,20.93
80,75,193.94,85.31,4,3.48,37.53
80,76,352.77,92.45,0,1.18,8.99
80,76,352.77,92.45,1,37.88,1.41
80,76,352.77,92.45,2,20.00,9.97
80,76,352.77,92.45,3,36.02,20.93
80,76,352.77,92.45,4,3.48,37.53
80,77,97.89,171.30,0,1.18,8.99
80,77,97.89,171.30,1,37.88,1.41
80,77,97.89,171.30,2,20.00,9.97
80,77,97.89,171.30,3,36.02,20.93
80,77,97.89,171.30,4,3.48,37.53
80,78,194.86,395.45,0,1.18,8.99
80,78,194.86,395.45,1,37.88,1.41
80,78,194.86,395.45,2,20.00,9.97
80,78,194.86,395.45,3,36.02,20.93
80,78,194.86,395.45,4,3.48,37.53
80,79,357.27,215.32,0,1.18,8.99
80,79,357.27,215.32,1,37.88,1.41
80,79,357.27,215.32,2,20.00,9.97
80,79,357.27,215.32,3,36.02,20.93
80,79,357.27,215.32,4,3.48,37.53
80,80,366.80,189.71,0,1.18,8.99
80,80,366.80,189.71,1,37.88,1.41
80,80,366.80,189.71,2,20.00,9.97
80,80,366.80,189.71,3,36.02,20.93
80,80,366.80,189.71,4,3.48,37.53
80,81,262.67,349.57,0,1.18,8.99
80,81,262.67,349.57,1,37.88,1.41
80,81,262.67,349.57,2,20.00,9.97
80,81,262.67,349.57,3,36.02,20.93
80,81,262.67,349.57,4,3.48,37.53
80,82,322.90,100.38,0,1.18,8.99
80,82,322.90,100.38,1,37.88,1.41
80,82,322.90,100.38,2,20.00,9.97
80,82,322.90,100.38,3,36.02,20.93
80,82,322.90,100.38,4,3.48,37.53
80,83,155.22,22.43,0,1.18,8.99
80,83,155.22,22.43,1,37.88,1.41
80,83,155.22,22.43,2,20.00,9.97
80,83,155.22,22.43,3,36.02,20.93
80,83,155.22,22.43,4,3.48,37.53
80,84,225.26,289.73,0,1.18,8.99
80,84,225.26,289.73,1,37.88,1.41
80,84,225.26,289.73,2,20.00,9.97
80,84,225.26,289.73,3,36.02,20.93
80,84,225.26,289.73,4,3.48,37.53
80,85,362.50,107.70,0,1.18,8.99
80,85,362.50,107.70,1,37.88,1.41
80,85,362.50,107.70,2,20.00,9.97
80,85,362.50,107.70,3,36.02,20.93
80,85,362.50,107.70,4,3.48,37.53
80,86,6.78,139.41,0,1.18,8.99
80,86,6.78,139.41,1,37.88,1.41
80,86,6.78,139.41,2,20.00,9.97
80,86,6.78,139.41,3,36.02,20.93
80,86,6.78,139.41,4,3.48,37.53
80,87,383.27,46.14,0,1.18,8.99
80,87,383.27,46.14,1,37.88,1.41
80,87,383.27,46.14,2,20.00,9.97
80,87,383.27,46.14,3,36.02,20.93
80,87,383.27,46.14,4,3.48,37.53
80,88,188.92,298.82,0,1.18,8.99
80,88,188.92,298.82,1,37.88,1.41
80,88,188.92,298.82,2,20.00,9.97
80,88,188.92,298.82,3,36.02,20.93
80,88,188.92,298.82,4,3.48,37.53
80,89,319.64,58.23,0,1.18,8.99
80,89,319.64,58.23,1,37.88,1.41
80,89,319.64,58.23,2,20.00,9.97
80,89,319.64,58.23,3,36.02,20.93
80,89,319.64,58.23,4,3.48,37.53
80,90,189.60,35.48,0,1.18,8.99
80,90,189.60,35.48,1,37.88,1.41
80,90,189.60,35.48,2,20.00,9.97
80,90,189.60,35.48,3,36.02,20.93
80,90,189.60,35.48,4,3.48,37.53
80,92,262.88,79.90,0,1.18,8.99
80,92,262.88,79.90,1,37.88,1.41
80,92,262.88,79.90,2,20.00,9.97
80,92,262.88,79.90,3,36.02,20.93
80,92,262.88,79.90,4,3.48,37.53
80,93,239.00,72.65,0,1.18,8.99
80,93,239.00,72.65,1,37.88,1.41
80,93,239.00,72.65,2,20.00,9.97
80,93,239.00,72.65,3,36.02,20.93
80,93,239.00,72.65,4,3.48,37.53
80,94,37.96,356.38,0,1.18,8.99
80,94,37.96,356.38,1,37.88,1.41
80,94,37.96,356.38,2,20.00,9.97
80,94,37.96,356.38,3,36.02,20.93
80,94,37.96,356.38,4,3.48,37.53
80,95,321.96,146.60,0,1.18,8.99
80,95,321.96,146.60,1,37.88,1.41
80,95,321.96,146.60,2,20.00,9.97
80,95,321.96,146.60,3,36.02,20.93
80,95,321.96,146.60,4,3.48,37.53
80,96,80.13,195.06,0,1.18,8.99
80,96,80.13,195.06,1,37.88,1.41
80,96,80.13,195.06,2,20.00,9.97
80,96,80.13,195.06,3,36.02,20.93
80,96,80.13,195.06,4,3.48,37.53
80,97,250.31,177.25,0,1.18,8.99
80,97,250.31,177.25,1,37.88,1.41
80,97,250.31,177.25,2,20.00,9.97
80,97,250.31,177.25,3,36.02,20.93
80,97,250.31,177.25,4,3.48,37.53
80,98,307.45,17.77,0,1.18,8.99
80,98,307.45,17.77,1,37.88,1.41
80,98,307.45,17.77,2,20.00,9.97
80,98,307.45,17.77,3,36.02,20.93
80,98,307.45,17.77,4,3.48,37.53
80,99,374.05,158.90,0,1.18,8.99
80,99,374.05,158.90,1,37.88,1.41
80,99,374.05,158.90,2,20.00,9.97
80,99,374.05,158.90,3,36.02,20.93
80,99,374.05,158.90,4,3.48,37.53
80,100,376.72,180.06,0,1.18,8.99
80,100,376.72,180.06,1,37.88,1.41
80,100,376.72,180.06,2,20.00,9.97
80,100,376.72,180.06,3,36.02,20.93
80,100,376.72,180.06,4,3.48,37.53
80,101,364.57,15.12,0,1.18,8.99
80,101,364.57,15.12,1,37.88,1.41
80,101,364.57,15.12,2,20.00,9.97
80,101,364.57,15.12,3,36.02,20.93
80,101,364.57,15.12,4,3.48,37.53
80,102,68.96,192.39,0,1.18,8.99
80,102,68.96,192.39,1,37.88,1.41
80,102,68.96,192.39,2,20.00,9.97
80,102,68.96,192.39,3,36.02,20.93
80,102,68.96,192.39,4,3.48,37.53
80,103,133.89,394.01,0,1.18,8.99
80,103,133.89,394.01,1,37.88,1.41
80,103,133.89,394.01,2,20.00,9.97
80,103,133.89,394.01,3,36.02,20.93
80,103,133.89,394.01,4,3.48,37.53
80,104,320.64,15.51,0,1.18,8.99
80,104,320.64,15.51,1,37.88,1.41
80,104,320.64,15.51,2,20.00,9.97
80,104,320.64,15.51,3,36.02,20.93
80,104,320.64,15.51,4,3.48,37.53
80,105,53.10,352.95,0,1.18,8.99
80,105,53.10,352.95,1,37.88,1.41
80,105,53.10,352.95,2,20.00,9.97
80,105,53.10,352.95,3,36.02,20.93
80,105,53.10,352.95,4,3.48,37.53
80,106,67.49,236.24,0,1.18,8.99
80,106,67.49,236.24,1,37.88,1.41
80,106,67.49,236.24,2,20.00,9.97
80,106,67.49,236.24,3,36.02,20.93
80,106,67.49,236.24,4,3.48,37.53
80,107,229.38,123.63,0,1.18,8.99
80,107,229.38,123.63,1,37.88,1.41
80,107,229.38,123.63,2,20.00,9.97
80,107,229.38,123.63,3,36.02,20.93
80,107,229.38,123.63,4,3.48,37.53
80,108,5.17,29.93,0,1.18,8.99
80,108,5.17,29.93,1,37.88,1.41
80,108,5.17,29.93,2,20.00,9.97
80,108,5.17,29.93,3,36.02,20.93
80,108,5.17,29.93,4,3.48,37.53
80,109,79.24,294.15,0,1.18,8.99
80,109,79.24,294.15,1,37.88,1.41
80,109,79.24,294.15,2,20.00,9.97
80,109,79.24,294.15,3,36.02,20.93
80,109,79.24,294.15,4,3.48,37.53
80,110,140.70,325.82,0,1.18,8.99
80,110,140.70,325.82,1,37.88,1.41
80,110,140.70,325.82,2,20.00,9.97
80,110,140.70,325.82,3,36.02,20.93
80,110,140.70,325.82,4,3.48,37.53
80,111,356.75,45.81,0,1.18,8.99
80,111,356.75,45.81,1,37.88,1.41
80,111,356.75,45.81,2,20.00,9.97
80,111,356.75,45.81,3,36.02,20.93
80,111,356.75,45.81,4,3.48,37.53
80,112,159.02,98.20,0,1.18,8.99
80,112,159.02,98.20,1,37.88,1.41
80,112,159.02,98.20,2,20.00,9.97
80,112,159.02,98.20,3,36.02,20.93
80,112,159.02,98.20,4,3.48,37.53
80,113,113.78,133.91,0,1.18,8.99
80,113,113.78,133.91,1,37.88,1.41
80,113,113.78,133.91,2,20.00,9.97
80,113,113.78,133.91,3,36.02,20.93
80,113,113.78,133.91,4,3.48,37.53
80,114,145.91,8.33,0,1.18,8.99
80,114,145.91,8.33,1,37.88,1.41
80,114,145.91,8.33,2,20.00,9.97
80,114,145.91,8.33,3,36.02,20.93
80,114,145.91,8.33,4,3.48,37.53
80,115,383.15,244.34,0,1.18,8.99
80,115,383.15,244.34,1,37.88,1.41
80,115,383.15,244.34,2,20.00,9.97
80,115,383.15,244.34,3,36.02,20.93
80,115,383.15,244.34,4,3.48,37.53
80,116,204.42,158.95,0,1.18,8.99
80,116,204.42,158.95,1,37.88,1.41
80,116,204.42,158.95,2,20.00,9.97
80,116,204.42,158.95,3,36.02,20.93
80,116,204.42,158.95,4,3.48,37.53
80,117,345.65,98.61,0,1.18,8.99
80,117,345.65,98.61,1,37.88,1.41
80,117,345.65,98.61,2,20.00,9.97
80,117,345.65,98.61,3,36.02,20.93
80,117,345.65,98.61,4,3.48,37.53
80,118,105.40,214.78,0,1.18,8.99
80,118,105.40,214.78,1,37.88,1.41
80,118,105.40,214.78,2,20.00,9.97
80,118,105.40,214.78,3,36.02,20.93
80,118,105.40,214.78,4,3.48,37.53
80,119,310.38,91.18,0,1.18,8.99
80,119,310.38,91.18,1,37.88,1.41
80,119,310.38,91.18,2,20.00,9.97
80,119,310.38,91.18,3,36.02,20.93
80,119,310.38,91.18,4,3.48,37.53
80,120,183.00,247.82,0,1.18,8.99
80,120,183.00,247.82,1,37.88,1.41
80,120,183.00,247.82,2,20.00,9.97
80,120,183.00,247.82,3,36.02,20.93
80,120,183.00,247.82,4,3.48,37.53
80,121,88.36,106.13,0,1.18,8.99
80,121,88.36,106.13,1,37.88,1.41
80,121,88.36,106.13,2,20.00,9.97
80,121,88.36,106.13,3,36.02,20.93
80,121,88.36,106.13,4,3.48,37.53
80,122,157.06,230.11,0,1.18,8.99
80,122,157.06,230.11,1,37.88,1.41
80,122,157.06,230.11,2,20.00,9.97
80,122,157.06,230.11,3,36.02,20.93
80,122,157.06,230.11,4,3.48,37.53
80,123,177.93,316.99,0,1.18,8.99
80,123,177.93,316.99,1,37.88,1.41
80,123,177.93,316.99,2,20.00,9.97
80,123,177.93,316.99,3,36.02,20.93
80,123,177.93,316.99,4,3.48,37.53
80,124,112.66,20.17,0,1.18,8.99
80,124,112.66,20.17,1,37.88,1.41
80,124,112.66,20.17,2,20.00,9.97
80,124,112.66,20.17,3,36.02,20.93
80,124,112.66,20.17,4,3.48,37.53
80,125,366.80,79.92,0,1.18,8.99
80,125,366.80,79.92,1,37.88,1.41
80,125,366.80,79.92,2,20.00,9.97
80,125,366.80,79.92,3,36.02,20.93
80,125,366.80,79.92,4,3.48,37.53
80,126,29.03,74.80,0,1.18,8.99
80,126,29.03,74.80,1,37.88,1.41
80,126,29.03,74.80,2,20.00,9.97
80,126,29.03,74.80,3,36.02,20.93
80,126,29.03,74.80,4,3.48,37.53
80,127,31.99,387.55,0,1.18,8.99
80,127,31.99,387.55,1,37.88,1.41
80,127,31.99,387.55,2,20.00,9.97
80,127,31.99,387.55,3,36.02,20.93
80,127,31.99,387.55,4,3.48,37.53
80,128,254.99,366.68,0,1.18,8.99
80,128,254.99,366.68,1,37.88,1.41
80,128,254.99,366.68,2,20.00,9.97
80,128,254.99,366.68,3,36.02,20.93
80,128,254.99,366.68,4,3.48,37.53
80,129,271.03,170.67,0,1.18,8.99
80,129,271.03,170.67,1,37.88,1.41
80,129,271.03,170.67,2,20.00,9.97
80,129,271.03,170.67,3,36.02,20.93
80,129,271.03,170.67,4,3.48,37.53
80,130,372.26,203.28,0,1.18,8.99
80,130,372.26,203.28,1,37.88,1.41
80,130,372.26,203.28,2,20.00,9.97
80,130,372.26,203.28,3,36.02,20.93
80,130,372.26,203.28,4,3.48,37.53
80,131,267.63,57.31,0,1.18,8.99
80,131,267.63,57.31,1,37.88,1.41
80,131,267.63,57.31,2,20.00,9.97
80,131,267.63,57.31,3,36.02,20.93
80,131,267.63,57.31,4,3.48,37.53
80,132,363.11,316.66,0,1.18,8.99
80,132,363.11,316.66,1,37.88,1.41
80,132,363.11,316.66,2,20.00,9.97
80,132,363.11,316.66,3,36.02,20.93
80,132,363.11,316.66,4,3.48,37.53
80,133,3.79,116.91,0,1.18,8.99
80,133,3.79,116.91,1,37.88,1.41
80,133,3.79,116.91,2,20.00,9.97
80,133,3.79,116.91,3,36.02,20.93
80,133,3.79,116.91,4,3.48,37.53
80,134,370.80,37.16,0,1.18,8.99
80,134,370.80,37.16,1,37.88,1.41
80,134,370.80,37.16,2,20.00,9.97
80,134,370.80,37.16,3,36.02,20.93
80,134,370.80,37.16,4,3.48,37.53
80,135,93.61,240.60,0,1.18,8.99
80,135,93.61,240.60,1,37.88,1.41
80,135,93.61,240.60,2,20.00,9.97
80,135,93.61,240.60,3,36.02,20.93
80,135,93.61,240.60,4,3.48,37.53
80,136,343.72,49.15,0,1.18,8.99
80,136,343.72,49.15,1,37.88,1.41
80,136,343.72,49.15,2,20.00,9.97
80,136,343.72,49.15,3,36.02,20.93
80,136,343.72,49.15,4,3.48,37.53
80,137,261.27,51.02,0,1.18,8.99
80,137,261.27,51.02,1,37.88,1.41
80,137,261.27,51.02,2,20.00,9.97
80,137,261.27,51.02,3,36.02,20.93
80,137,261.27,51.02,4,3.48,37.53
80,138,247.63,82.44,0,1.18,8.99
80,138,247.63,82.44,1,37.88,1.41
80,138,247.63,82.44,2,20.00,9.97
80,138,247.63,82.44,3,36.02,20.93
80,138,247.63,82.44,4,3.48,37.53
80,139,357.41,82.55,0,1.18,8.99
80,139,357.41,82.55,1,37.88,1.41
80,139,357.41,82.55,2,20.00,9.97
80,139,357.41,82.55,3,36.02,20.93
80,139,357.41,82.55,4,3.48,37.53
80,140,373.59,10.99,0,1.18,8.99
80,140,373.59,10.99,1,37.88,1.41
80,140,373.59,10.99,2,20.00,9.97
80,140,373.59,10.99,3,36.02,20.93
80,140,373.59,10.99,4,3.48,37.53
80,141,357.85,375.47,0,1.18,8.99
80,141,357.85,375.47,1,37.88,1.41
80,141,357.85,375.47,2,20.00,9.97
80,141,357.85,375.47,3,36.02,20.93
80,141,357.85,375.47,4,3.48,37.53
80,142,243.13,148.40,0,1.18,8.99
80,142,243.13,148.40,1,37.88,1.41
80,142,243.13,148.40,2,20.00,9.97
80,142,243.13,148.40,3,36.02,20.93
80,142,243.13,148.40,4,3.48,37.53
80,143,348.17,361.63,0,1.18,8.99
80,143,348.17,361.63,1,37.88,1.41
80,143,348.17,361.63,2,20.00,9.97
80,143,348.17,361.63,3,36.02,20.93
80,143,348.17,361.63,4,3.48,37.53
80,144,381.91,193.99,0,1.18,8.99
80,144,381.91,193.99,1,37.88,1.41
80,144,381.91,193.99,2,20.00,9.97
80,144,381.91,193.99,3,36.02,20.93
80,144,381.91,193.99,4,3.48,37.53
80,145,239.54,361.03,0,1.18,8.99
80,145,239.54,361.03,1,37.88,1.41
80,145,239.54,361.03,2,20.00,9.97
80,145,239.54,361.03,3,36.02,20.93
80,145,239.54,361.03,4,3.48,37.53
80,146,126.51,208.45,0,1.18,8.99
80,146,126.51,208.45,1,37.88,1.41
80,146,126.51,208.45,2,20.00,9.97
80,146,126.51,208.45,3,36.02,20.93
80,146,126.51,208.45,4,3.48,37.53
80,147,12.50,241.41,0,1.18,8.99
80,147,12.50,241.41,1,37.88,1.41
80,147,12.50,241.41,2,20.00,9.97
80,147,12.50,241.41,3,36.02,20.93
80,147,12.50,241.41,4,3.48,37.53
80,148,284.24,214.74,0,1.18,8.99
80,148,284.24,214.74,1,37.88,1.41
80,148,284.24,214.74,2,20.00,9.97
80,148,284.24,214.74,3,36.02,20.93
80,148,284.24,214.74,4,3.48,37.53
80,149,342.74,287.92,0,1.18,8.99
80,149,342.74,287.92,1,37.88,1.41
80,149,342.74,287.92,2,20.00,9.97
80,149,342.74,287.92,3,36.02,20.93
80,149,342.74,287.92,4,3.48,37.53
80,150,278.95,137.57,0,1.18,8.99
80,150,278.95,137.57,1,37.88,1.41
80,150,278.95,137.57,2,20.00,9.97
80,150,278.95,137.57,3,36.02,20.93
80,150,278.95,137.57,4,3.48,37.53
80,151,194.94,72.86,0,1.18,8.99
80,151,194.94,72.86,1,37.88,1.41
80,151,194.94,72.86,2,20.00,9.97
80,151,194.94,72.86,3,36.02,20.93
80,151,194.94,72.86,4,3.48,37.53
80,152,28.28,60.95,0,1.18,8.99
80,152,28.28,60.95,1,37.88,1.41
80,152,28.28,60.95,2,20.00,9.97
80,152,28.28,60.95,3,36.02,20.93
80,152,28.28,60.95,4,3.48,37.53
80,153,37.99,123.28,0,1.18,8.99
80,153,37.99,123.28,1,37.88,1.41
80,153,37.99,123.28,2,20.00,9.97
80,153,37.99,123.28,3,36.02,20.93
80,153,37.99,123.28,4,3.48,37.53
80,154,368.47,213.17,0,1.18,8.99
80,154,368.47,213.17,1,37.88,1.41
80,154,368.47,213.17,2,20.00,9.97
80,154,368.47,213.17,3,36.02,20.93
80,154,368.47,213.17,4,3.48,37.53
80,155,196.19,165.01,0,1.18,8.99
80,155,196.19,165.01,1,37.88,1.41
80,155,196.19,165.01,2,20.00,9.97
80,155,196.19,165.01,3,36.02,20.93
80,155,196.19,165.01,4,3.48,37.53
80,156,349.10,338.45,0,1.18,8.99
80,156,349.10,338.45,1,37.88,1.41
80,156,349.10,338.45,2,20.00,9.97
80,156,349.10,338.45,3,36.02,20.93
80,156,349.10,338.45,4,3.48,37.53
80,157,183.03,73.92,0,1.18,8.99
80,157,183.03,73.92,1,37.88,1.41
80,157,183.03,73.92,2,20.00,9.97
80,157,183.03,73.92,3,36.02,20.93
80,157,183.03,73.92,4,3.48,37.53
80,158,205.93,76.72,0,1.18,8.99
80,158,205.93,76.72,1,37.88,1.41
80,158,205.93,76.72,2,20.00,9.97
80,158,205.93,76.72,3,36.02,20.93
80,158,205.93,76.72,4,3.48,37.53
80,159,371.52,329.56,0,1.18,8.99
80,159,371.52,329.56,1,37.88,1.41
80,159,371.52,329.56,2,20.00,9.97
80,159,371.52,329.56,3,36.02,20.93
80,159,371.52,329.56,4,3.48,37.53
80,160,314.91,389.41,0,1.18,8.99
80,160,314.91,389.41,1,37.88,1.41
80,160,314.91,389.41,2,20.00,9.97
80,160,314.91,389.41,3,36.02,20.93
80,160,314.91,389.41,4,3.48,37.53
80,161,169.85,177.33,0,1.18,8.99
80,161,169.85,177.33,1,37.88,1.41
80,161,169.85,177.33,2,20.00,9.97
80,161,169.85,177.33,3,36.02,20.93
80,161,169.85,177.33,4,3.48,37.53
80,162,311.70,353.08,0,1.18,8.99
80,162,311.70,353.08,1,37.88,1.41
80,162,311.70,353.08,2,20.00,9.97
80,162,311.70,353.08,3,36.02,20.93
80,162,311.70,353.08,4,3.48,37.53
80,163,155.32,176.65,0,1.18,8.99
80,163,155.32,176.65,1,37.88,1.41
80,163,155.32,176.65,2,20.00,9.97
80,163,155.32,176.65,3,36.02,20.93
80,163,155.32,176.65,4,3.48,37.53
80,164,49.04,5.53,0,1.18,8.99
80,164,49.04,5.53,1,37.88,1.41
80,164,49.04,5.53,2,20.00,9.97
80,164,49.04,5.53,3,36.02,20.93
80,164,49.04,5.53,4,3.48,37.53
80,165,106.27,46.65,0,1.18,8.99
80,165,106.27,46.65,1,37.88,1.41
80,165,106.27,46.65,2,20.00,9.97
80,165,106.27,46.65,3,36.02,20.93
80,165,106.27,46.65,4,3.48,37.53
80,166,265.55,395.25,0,1.18,8.99
80,166,265.55,395.25,1,37.88,1.41
80,166,265.55,395.25,2,20.00,9.97
80,166,265.55,395.25,3,36.02,20.93
80,166,265.55,395.25,4,3.48,37.53
80,167,393.81,343.37,0,1.18,8.99
80,167,393.81,343.37,1,37.88,1.41
80,167,393.81,343.37,2,20.00,9.97
80,167,393.81,343.37,3,36.02,20.93
80,167,393.81,343.37,4,3.48,37.53
80,168,215.13,264.14,0,1.18,8.99
80,168,215.13,264.14,1,37.88,1.41
80,168,215.13,264.14,2,20.00,9.97
80,168,215.13,264.14,3,36.02,20.93
80,168,215.13,264.14,4,3.48,37.53
80,169,197.29,35.04,0,1.18,8.99
80,169,197.29,35.04,1,37.88,1.41
80,169,197.29,35.04,2,20.00,9.97
80,169,197.29,35.04,3,36.02,20.93
80,169,197.29,35.04,4,3.48,37.53
80,170,281.51,273.03,0,1.18,8.99
80,170,281.51,273.03,1,37.88,1.41
80,170,281.51,273.03,2,20.00,9.97
80,170,281.51,273.03,3,36.02,20.93
80,170,281.51,273.03,4,3.48,37.53
80,171,52.94,123.36,0,1.18,8.99
80,171,52.94,123.36,1,37.88,1.41
80,171,52.94,123.36,2,20.00,9.97
80,171,52.94,123.36,3,36.02,20.93
80,171,52.94,123.36,4,3.48,37.53
80,172,338.75,209.03,0,1.18,8.99
80,172,338.75,209.03,1,37.88,1.41
80,172,338.75,209.03,2,20.00,9.97
80,172,338.75,209.03,3,36.02,20.93
80,172,338.75,209.03,4,3.48,37.53
80,173,385.34,136.10,0,1.18,8.99
80,173,385.34,136.10,1,37.88,1.41
80,173,385.34,136.10,2,20.00,9.97
80,173,385.34,136.10,3,36.02,20.93
80,173,385.34,136.10,4,3.48,37.53
80,174,176.92,226.09,0,1.18,8.99
80,174,176.92,226.09,1,37.88,1.41
80,174,176.92,226.09,2,20.00,9.97
80,174,176.92,226.09,3,36.02,20.93
80,174,176.92,226.09,4,3.48,37.53
80,175,363.74,203.47,0,1.18,8.99
80,175,363.74,203.47,1,37.88,1.41
80,175,363.74,203.47,2,20.00,9.97
80,175,363.74,203.47,3,36.02,20.93
80,175,363.74,203.47,4,3.48,37.53
80,176,44.42,213.03,0,1.18,8.99
80,176,44.42,213.03,1,37.88,1.41
80,176,44.42,213.03,2,20.00,9.97
80,176,44.42,213.03,3,36.02,20.93
80,176,44.42,213.03,4,3.48,37.53
80,177,213.58,275.61,0,1.18,8.99
80,177,213.58,275.61,1,37.88,1.41
80,177,213.58,275.61,2,20.00,9.97
80,177,213.58,275.61,3,36.02,20.93
80,177,213.58,275.61,4,3.48,37.53
80,178,197.24,87.26,0,1.18,8.99
80,178,197.24,87.26,1,37.88,1.41
80,178,197.24,87.26,2,20.00,9.97
80,178,197.24,87.26,3,36.02,20.93
80,178,197.24,87.26,4,3.48,37.53
80,179,51.61,305.01,0,1.18,8.99
80,179,51.61,305.01,1,37.88,1.41
80,179,51.61,305.01,2,20.00,9.97
80,179,51.61,305.01,3,36.02,20.93
80,179,51.61,305.01,4,3.48,37.53
80,180,178.50,185.92,0,1.18,8.99
80,180,178.50,185.92,1,37.88,1.41
80,180,178.50,185.92,2,20.00,9.97
80,180,178.50,185.92,3,36.02,20.93
80,180,178.50,185.92,4,3.48,37.53
80,181,4.28,148.61,0,1.18,8.99
80,181,4.28,148.61,1,37.88,1.41
80,181,4.28,148.61,2,20.00,9.97
80,181,4.28,148.61,3,36.02,20.93
80,181,4.28,148.61,4,3.48,37.53
80,182,33.66,370.52,0,1.18,8.99
80,182,33.66,370.52,1,37.88,1.41
80,182,33.66,370.52,2,20.00,9.97
80,182,33.66,370.52,3,36.02,20.93
80,182,33.66,370.52,4,3.48,37.53
80,183,83.22,132.58,0,1.18,8.99
80,183,83.22,132.58,1,37.88,1.41
80,183,83.22,132.58,2,20.00,9.97
80,183,83.22,132.58,3,36.02,20.93
80,183,83.22,132.58,4,3.48,37.53
80,184,30.47,84.47,0,1.18,8.99
80,184,30.47,84.47,1,37.88,1.41
80,184,30.47,84.47,2,20.00,9.97
80,184,30.47,84.47,3,36.02,20.93
80,184,30.47,84.47,4,3.48,37.53
80,185,99.21,283.84,0,1.18,8.99
80,185,99.21,283.84,1,37.88,1.41
80,185,99.21,283.84,2,20.00,9.97
80,185,99.21,283.84,3,36.02,20.93
80,185,99.21,283.84,4,3.48,37.53
80,186,191.64,100.88,0,1.18,8.99
80,186,191.64,100.88,1,37.88,1.41
80,186,191.64,100.88,2,20.00,9.97
80,186,191.64,100.88,3,36.02,20.93
80,186,191.64,100.88,4,3.48,37.53
80,187,159.46,308.13,0,1.18,8.99
80,187,159.46,308.13,1,37.88,1.41
80,187,159.46,308.13,2,20.00,9.97
80,187,159.46,308.13,3,36.02,20.93
80,187,159.46,308.13,4,3.48,37.53
80,188,259.08,150.40,0,1.18,8.99
80,188,259.08,150.40,1,37.88,1.41
80,188,259.08,150.40,2,20.00,9.97
80,188,259.08,150.40,3,36.02,20.93
80,188,259.08,150.40,4,3.48,37.53
80,189,43.85,250.93,0,1.18,8.99
80,189,43.85,250.93,1,37.88,1.41
80,189,43.85,250.93,2,20.00,9.97
80,189,43.85,250.93,3,36.02,20.93
80,189,43.85,250.93,4,3.48,37.53
80,190,48.50,24.31,0,1.18,8.99
80,190,48.50,24.31,1,37.88,1.41
80,190,48.50,24.31,2,20.00,9.97
80,190,48.50,24.31,3,36.02,20.93
80,190,48.50,24.31,4,3.48,37.53
80,191,79.59,336.64,0,1.18,8.99
80,191,79.59,336.64,1,37.88,1.41
80,191,79.59,336.64,2,20.00,9.97
80,191,79.59,336.64,3,36.02,20.93
80,191,79.59,336.64,4,3.48,37.53
80,192,238.85,67.02,0,1.18,8.99
80,192,238.85,67.02,1,37.88,1.41
80,192,238.85,67.02,2,20.00,9.97
80,192,238.85,67.02,3,36.02,20.93
80,192,238.85,67.02,4,3.48,37.53
80,193,333.78,68.10,0,1.18,8.99
80,193,333.78,68.10,1,37.88,1.41
80,193,333.78,68.10,2,20.00,9.97
80,193,333.78,68.10,3,36.02,20.93
80,193,333.78,68.10,4,3.48,37.53
80,194,6.68,159.52,0,1.18,8.99
80,194,6.68,159.52,1,37.88,1.41
80,194,6.68,159.52,2,20.00,9.97
80,194,6.68,159.52,3,36.02,20.93
80,194,6.68,159.52,4,3.48,37.53
80,195,141.00,339.31,0,1.18,8.99
80,195,141.00,339.31,1,37.88,1.41
80,195,141.00,339.31,2,20.00,9.97
80,195,141.00,339.31,3,36.02,20.93
80,195,141.00,339.31,4,3.48,37.53
80,196,44.43,98.47,0,1.18,8.99
80,196,44.43,98.47,1,37.88,1.41
80,196,44.43,98.47,2,20.00,9.97
80,196,44.43,98.47,3,36.02,20.93
80,196,44.43,98.47,4,3.48,37.53
80,197,373.43,228.82,0,1.18,8.99
80,197,373.43,228.82,1,37.88,1.41
80,197,373.43,228.82,2,20.00,9.97
80,197,373.43,228.82,3,36.02,20.93
80,197,373.43,228.82,4,3.48,37.53
80,198,318.89,151.50,0,1.18,8.99
80,198,318.89,151.50,1,37.88,1.41
80,198,318.89,151.50,2,20.00,9.97
80,198,318.89,151.50,3,36.02,20.93
80,198,318.89,151.50,4,3.48,37.53
80,199,14.74,195.55,0,1.18,8.99
80,199,14.74,195.55,1,37.88,1.41
80,199,14.74,195.55,2,20.00,9.97
80,199,14.74,195.55,3,36.02,20.93
80,199,14.74,195.55,4,3.48,37.53
80,200,3.13,46.50,0,1.18,8.99
80,200,3.13,46.50,1,37.88,1.41
80,200,3.13,46.50,2,20.00,9.97
80,200,3.13,46.50,3,36.02,20.93
80,200,3.13,46.50,4,3.48,37.53
80,201,371.50,118.98,0,1.18,8.99
80,201,371.50,118.98,1,37.88,1.41
80,201,371.50,118.98,2,20.00,9.97
80,201,371.50,118.98,3,36.02,20.93
80,201,371.50,118.98,4,3.48,37.53
80,202,358.71,200.36,0,1.18,8.99
80,202,358.71,200.36,1,37.88,1.41
80,202,358.71,200.36,2,20.00,9.97
80,202,358.71,200.36,3,36.02,20.93
80,202,358.71,200.36,4,3.48,37.53
80,203,336.64,245.77,0,1.18,8.99
80,203,336.64,245.77,1,37.88,1.41
80,203,336.64,245.77,2,20.00,9.97
80,203,336.64,245.77,3,36.02,20.93
80,203,336.64,245.77,4,3.48,37.53
80,204,49.19,307.66,0,1.18,8.99
80,204,49.19,307.66,1,37.88,1.41
80,204,49.19,307.66,2,20.00,9.97
80,204,49.19,307.66,3,36.02,20.93
80,204,49.19,307.66,4,3.48,37.53
80,205,70.82,121.02,0,1.18,8.99
80,205,70.82,121.02,1,37.88,1.41
80,205,70.82,121.02,2,20.00,9.97
80,205,70.82,121.02,3,36.02,20.93
80,205,70.82,121.02,4,3.48,37.53
80,206,219.01,131.12,0,1.18,8.99
80,206,219.01,131.12,1,37.88,1.41
80,206,219.01,131.12,2,20.00,9.97
80,206,219.01,131.12,3,36.02,20.93
80,206,219.01,131.12,4,3.48,37.53
80,207,16.58,258.10,0,1.18,8.99
80,207,16.58,258.10,1,37.88,1.41
80,207,16.58,258.10,2,20.00,9.97
80,207,16.58,258.10,3,36.02,20.93
80,207,16.58,258.10,4,3.48,37.53
80,208,75.56,366.53,0,1.18,8.99
80,208,75.56,366.53,1,37.88,1.41
80,208,75.56,366.53,2,20.00,9.97
80,208,75.56,366.53,3,36.02,20.93
80,208,75.56,366.53,4,3.48,37.53
80,209,358.83,167.17,0,1.18,8.99
80,209,358.83,167.17,1,37.88,1.41
80,209,358.83,167.17,2,20.00,9.97
80,209,358.83,167.17,3,36.02,20.93
80,209,358.83,167.17,4,3.48,37.53
80,210,266.88,103.56,0,1.18,8.99
80,210,266.88,103.56,1,37.88,1.41
80,210,266.88,103.56,2,20.00,9.97
80,210,266.88,103.56,3,36.02,20.93
80,210,266.88,103.56,4,3.48,37.53
80,211,172.15,383.08,0,1.18,8.99
80,211,172.15,383.08,1,37.88,1.41
80,211,172.15,383.08,2,20.00,9.97
80,211,172.15,383.08,3,36.02,20.93
80,211,172.15,383.08,4,3.48,37.53
80,212,380.25,299.24,0,1.18,8.99
80,212,380.25,299.24,1,37.88,1.41
80,212,380.25,299.24,2,20.00,9.97
80,212,380.25,299.24,3,36.02,20.93
80,212,380.25,299.24,4,3.48,37.53
80,213,384.82,316.90,0,1.18,8.99
80,213,384.82,316.90,1,37.88,1.41
80,213,384.82,316.90,2,20.00,9.97
80,213,384.82,316.90,3,36.02,20.93
80,213,384.82,316.90,4,3.48,37.53
80,214,247.33,74.48,0,1.18,8.99
80,214,247.33,74.48,1,37.88,1.41
80,214,247.33,74.48,2,20.00,9.97
80,214,247.33,74.48,3,36.02,20.93
80,214,247.33,74.48,4,3.48,37.53
80,215,281.18,377.63,0,1.18,8.99
80,215,281.18,377.63,1,37.88,1.41
80,215,281.18,377.63,2,20.00,9.97
80,215,281.18,377.63,3,36.02,20.93
80,215,281.18,377.63,4,3.48,37.53
80,216,261.77,387.56,0,1.18,8.99
80,216,261.77,387.56,1,37.88,1.41
80,216,261.77,387.56,2,20.00,9.97
80,216,261.77,387.56,3,36.02,20.93
80,216,261.77,387.56,4,3.48,37.53
80,217,355.35,27.85,0,1.18,8.99
80,217,355.35,27.85,1,37.88,1.41
80,217,355.35,27.85,2,20.00,9.97
80,217,355.35,27.85,3,36.02,20.93
80,217,355.35,27.85,4,3.48,37.53
80,218,289.76,389.46,0,1.18,8.99
80,218,289.76,389.46,1,37.88,1.41
80,218,289.76,389.46,2,20.00,9.97
80,218,289.76,389.46,3,36.02,20.93
80,218,289.76,389.46,4,3.48,37.53
80,219,5.16,74.67,0,1.18,8.99
80,219,5.16,74.67,1,37.88,1.41
80,219,5.16,74.67,2,20.00,9.97
80,219,5.16,74.67,3,36.02,20.93
80,219,5.16,74.67,4,3.48,37.53
80,220,343.97,31.72,0,1.18,8.99
80,220,343.97,31.72,1,37.88,1.41
80,220,343.97,31.72,2,20.00,9.97
80,220,343.97,31.72,3,36.02,20.93
80,220,343.97,31.72,4,3.48,37.53
80,221,314.51,253.32,0,1.18,8.99
80,221,314.51,253.32,1,37.88,1.41
80,221,314.51,253.32,2,20.00,9.97
80,221,314.51,253.32,3,36.02,20.93
80,221,314.51,253.32,4,3.48,37.53
80,222,34.25,348.95,0,1.18,8.99
80,222,34.25,348.95,1,37.88,1.41
80,222,34.25,348.95,2,20.00,9.97
80,222,34.25,348.95,3,36.02,20.93
80,222,34.25,348.95,4,3.48,37.53
80,223,312.90,183.23,0,1.18,8.99
80,223,312.90,183.23,1,37.88,1.41
80,223,312.90,183.23,2,20.00,9.97
80,223,312.90,183.23,3,36.02,20.93
80,223,312.90,183.23,4,3.48,37.53
80,224,368.49,42.22,0,1.18,8.99
80,224,368.49,42.22,1,37.88,1.41
80,224,368.49,42.22,2,20.00,9.97
80,224,368.49,42.22,3,36.02,20.93
80,224,368.49,42.22,4,3.48,37.53
80,225,368.08,232.51,0,1.18,8.99
80,225,368.08,232.51,1,37.88,1.41
80,225,368.08,232.51,2,20.00,9.97
80,225,368.08,232.51,3,36.02,20.93
80,225,368.08,232.51,4,3.48,37.53
80,226,268.95,177.60,0,1.18,8.99
80,226,268.95,177.60,1,37.88,1.41
80,226,268.95,177.60,2,20.00,9.97
80,226,268.95,177.60,3,36.02,20.93
80,226,268.95,177.60,4,3.48,37.53
80,227,126.78,323.19,0,1.18,8.99
80,227,126.78,323.19,1,37.88,1.41
80,227,126.78,323.19,2,20.00,9.97
80,227,126.78,323.19,3,36.02,20.93
80,227,126.78,323.19,4,3.48,37.53
80,228,248.19,37.36,0,1.18,8.99
80,228,248.19,37.36,1,37.88,1.41
80,228,248.19,37.36,2,20.00,9.97
80,228,248.19,37.36,3,36.02,20.93
80,228,248.19,37.36,4,3.48,37.53
80,229,132.91,129.21,0,1.18,8.99
80,229,132.91,129.21,1,37.88,1.41
80,229,132.91,129.21,2,20.00,9.97
80,229,132.91,129.21,3,36.02,20.93
80,229,132.91,129.21,4,3.48,37.53
80,230,153.56,10.59,0,1.18,8.99
80,230,153.56,10.59,1,37.88,1.41
80,230,153.56,10.59,2,20.00,9.97
80,230,153.56,10.59,3,36.02,20.93
80,230,153.56,10.59,4,3.48,37.53
80,231,277.03,336.17,0,1.18,8.99
80,231,277.03,336.17,1,37.88,1.41
80,231,277.03,336.17,2,20.00,9.97
80,231,277.03,336.17,3,36.02,20.93
80,231,277.03,336.17,4,3.48,37.53
80,232,315.85,50.20,0,1.18,8.99
80,232,315.85,50.20,1,37.88,1.41
80,232,315.85,50.20,2,20.00,9.97
80,232,315.85,50.20,3,36.02,20.93
80,232,315.85,50.20,4,3.48,37.53
80,233,368.53,281.44,0,1.18,8.99
80,233,368.53,281.44,1,37.88,1.41
80,233,368.53,281.44,2,20.00,9.97
80,233,368.53,281.44,3,36.02,20.93
80,233,368.53,281.44,4,3.48,37.53
80,234,200.10,96.23,0,1.18,8.99
80,234,200.10,96.23,1,37.88,1.41
80,234,200.10,96.23,2,20.00,9.97
80,234,200.10,96.23,3,36.02,20.93
80,234,200.10,96.23,4,3.48,37.53
80,235,206.29,92.68,0,1.18,8.99
80,235,206.29,92.68,1,37.88,1.41
80,235,206.29,92.68,2,20.00,9.97
80,235,206.29,92.68,3,36.02,20.93
80,235,206.29,92.68,4,3.48,37.53
80,236,233.08,95.52,0,1.18,8.99
80,236,233.08,95.52,1,37.88,1.41
80,236,233.08,95.52,2,20.00,9.97
80,236,233.08,95.52,3,36.02,20.93
80,236,233.08,95.52,4,3.48,37.53
80,237,166.06,188.58,0,1.18,8.99
80,237,166.06,188.58,1,37.88,1.41
80,237,166.06,188.58,2,20.00,9.97
80,237,166.06,188.58,3,36.02,20.93
80,237,166.06,188.58,4,3.48,37.53
80,238,33.88,267.19,0,1.18,8.99
80,238,33.88,267.19,1,37.88,1.41
80,238,33.88,267.19,2,20.00,9.97
80,238,33.88,267.19,3,36.02,20.93
80,238,33.88,267.19,4,3.48,37.53
80,239,172.00,135.38,0,1.18,8.99
80,239,172.00,135.38,1,37.88,1.41
80,239,172.00,135.38,2,20.00,9.97
80,239,172.00,135.38,3,36.02,20.93
80,239,172.00,135.38,4,3.48,37.53
80,240,164.09,227.97,0,1.18,8.99
80,240,164.09,227.97,1,37.88,1.41
80,240,164.09,227.97,2,20.00,9.97
80,240,164.09,227.97,3,36.02,20.93
80,240,164.09,227.97,4,3.48,37.53
80,241,382.49,212.64,0,1.18,8.99
80,241,382.49,212.64,1,37.88,1.41
80,241,382.49,212.64,2,20.00,9.97
80,241,382.49,212.64,3,36.02,20.93
80,241,382.49,212.64,4,3.48,37.53
80,242,195.20,225.00,0,1.18,8.99
80,242,195.20,225.00,1,37.88,1.41
80,242,195.20,225.00,2,20.00,9.97
80,242,195.20,225.00,3,36.02,20.93
80,242,195.20,225.00,4,3.48,37.53
80,243,36.20,245.80,0,1.18,8.99
80,243,36.20,245.80,1,37.88,1.41
80,243,36.20,245.80,2,20.00,9.97
80,243,36.20,245.80,3,36.02,20.93
80,243,36.20,245.80,4,3.48,37.53
80,244,198.40,339.85,0,1.18,8.99
80,244,198.40,339.85,1,37.88,1.41
80,244,198.40,339.85,2,20.00,9.97
80,244,198.40,339.85,3,36.02,20.93
80,244,198.40,339.85,4,3.48,37.53
80,245,188.13,181.37,0,1.18,8.99
80,245,188.13,181.37,1,37.88,1.41
80,245,188.13,181.37,2,20.00,9.97
80,245,188.13,181.37,3,36.02,20.93
80,245,188.13,181.37,4,3.48,37.53
80,246,323.30,257.87,0,1.18,8.99
80,246,323.30,257.87,1,37.88,1.41
80,246,323.30,257.87,2,20.00,9.97
80,246,323.30,257.87,3,36.02,20.93
80,246,323.30,257.87,4,3.48,37.53
80,247,80.41,92.11,0,1.18,8.99
80,247,80.41,92.11,1,37.88,1.41
80,247,80.41,92.11,2,20.00,9.97
80,247,80.41,92.11,3,36.02,20.93
80,247,80.41,92.11,4,3.48,37.53
80,248,394.68,344.42,0,1.18,8.99
80,248,394.68,344.42,1,37.88,1.41
80,248,394.68,344.42,2,20.00,9.97
80,248,394.68,344.42,3,36.02,20.93
80,248,394.68,344.42,4,3.48,37.53
80,249,349.19,380.57,0,1.18,8.99
80,249,349.19,380.57,1,37.88,1.41
80,249,349.19,380.57,2,20.00,9.97
80,249,349.19,380.57,3,36.02,20.93
80,249,349.19,380.57,4,3.48,37.53
80,250,214.83,290.38,0,1.18,8.99
80,250,214.83,290.38,1,37.88,1.41
80,250,214.83,290.38,2,20.00,9.97
80,250,214.83,290.38,3,36.02,20.93
80,250,214.83,290.38,4,3.48,37.53
80,251,113.96,284.35,0,1.18,8.99
80,251,113.96,284.35,1,37.88,1.41
80,251,113.96,284.35,2,20.00,9.97
80,251,113.96,284.35,3,36.02,20.93
80,251,113.96,284.35,4,3.48,37.53
80,252,5.68,54.12,0,1.18,8.99
80,252,5.68,54.12,1,37.88,1.41
80,252,5.68,54.12,2,20.00,9.97
80,252,5.68,54.12,3,36.02,20.93
80,252,5.68,54.12,4,3.48,37.53
80,253,305.07,183.96,0,1.18,8.99
80,253,305.07,183.96,1,37.88,1.41
80,253,305.07,183.96,2,20.00,9.97
80,253,305.07,183.96,3,36.02,20.93
80,253,305.07,183.96,4,3.48,37.53
80,254,348.82,113.75,0,1.18,8.99
80,254,348.82,113.75,1,37.88,1.41
80,254,348.82,113.75,2,20.00,9.97
80,254,348.82,113.75,3,36.02,20.93
80,254,348.82,113.75,4,3.48,37.53
80,255,31.58,283.99,0,1.18,8.99
80,255,31.58,283.99,1,37.88,1.41
80,255,31.58,283.99,2,20.00,9.97
80,255,31.58,283.99,3,36.02,20.93
80,255,31.58,283.99,4,3.48,37.53
80,256,61.82,75.05,0,1.18,8.99
80,256,61.82,75.05,1,37.88,1.41
80,256,61.82,75.05,2,20.00,9.97
80,256,61.82,75.05,3,36.02,20.93
80,256,61.82,75.05,4,3.48,37.53
80,257,341.98,162.49,0,1.18,8.99
80,257,341.98,162.49,1,37.88,1.41
80,257,341.98,162.49,2,20.00,9.97
80,257,341.98,162.49,3,36.02,20.93
80,257,341.98,162.49,4,3.48,37.53
80,258,351.43,72.25,0,1.18,8.99
80,258,351.43,72.25,1,37.88,1.41
80,258,351.43,72.25,2,20.00,9.97
80,258,351.43,72.25,3,36.02,20.93
80,258,351.43,72.25,4,3.48,37.53
80,259,76.60,79.26,0,1.18,8.99
80,259,76.60,79.26,1,37.88,1.41
80,259,76.60,79.26,2,20.00,9.97
80,259,76.60,79.26,3,36.02,20.93
80,259,76.60,79.26,4,3.48,37.53
80,260,290.61,384.56,0,1.18,8.99
80,260,290.61,384.56,1,37.88,1.41
80,260,290.61,384.56,2,20.00,9.97
80,260,290.61,384.56,3,36.02,20.93
80,260,290.61,384.56,4,3.48,37.53
80,261,88.33,383.31,0,1.18,8.99
80,261,88.33,383.31,1,37.88,1.41
80,261,88.33,383.31,2,20.00,9.97
80,261,88.33,383.31,3,36.02,20.93
80,261,88.33,383.31,4,3.48,37.53
80,262,139.08,80.81,0,1.18,8.99
80,262,139.08,80.81,1,37.88,1.41
80,262,139.08,80.81,2,20.00,9.97
80,262,139.08,80.81,3,36.02,20.93
80,262,139.08,80.81,4,3.48,37.53
80,263,141.28,60.24,0,1.18,8.99
80,263,141.28,60.24,1,37.88,1.41
80,263,141.28,60.24,2,20.00,9.97
80,263,141.28,60.24,3,36.02,20.93
80,263,141.28,60.24,4,3.48,37.53
80,264,14.51,149.55,0,1.18,8.99
80,264,14.51,149.55,1,37.88,1.41
80,264,14.51,149.55,2,20.00,9.97
80,264,14.51,149.55,3,36.02,20.93
80,264,14.51,149.55,4,3.48,37.53
80,265,240.93,295.43,0,1.18,8.99
80,265,240.93,295.43,1,37.88,1.41
80,265,240.93,295.43,2,20.00,9.97
80,265,240.93,295.43,3,36.02,20.93
80,265,240.93,295.43,4,3.48,37.53
80,266,141.19,283.98,0,1.18,8.99
80,266,141.19,283.98,1,37.88,1.41
80,266,141.19,283.98,2,20.00,9.97
80,266,141.19,283.98,3,36.02,20.93
80,266,141.19,283.98,4,3.48,37.53
80,267,153.32,36.08,0,1.18,8.99
80,267,153.32,36.08,1,37.88,1.41
80,267,153.32,36.08,2,20.00,9.97
80,267,153.32,36.08,3,36.02,20.93
80,267,153.32,36.08,4,3.48,37.53
80,268,161.95,108.51,0,1.18,8.99
80,268,161.95,108.51,1,37.88,1.41
80,268,161.95,108.51,2,20.00,9.97
80,268,161.95,108.51,3,36.02,20.93
80,268,161.95,108.51,4,3.48,37.53
80,269,2.27,170.24,0,1.18,8.99
80,269,2.27,170.24,1,37.88,1.41
80,269,2.27,170.24,2,20.00,9.97
80,269,2.27,170.24,3,36.02,20.93
80,269,2.27,170.24,4,3.48,37.53
80,270,70.93,274.66,0,1.18,8.99
80,270,70.93,274.66,1,37.88,1.41
80,270,70.93,274.66,2,20.00,9.97
80,270,70.93,274.66,3,36.02,20.93
80,270,70.93,274.66,4,3.48,37.53
80,271,5.93,108.78,0,1.18,8.99
80,271,5.93,108.78,1,37.88,1.41
80,271,5.93,108.78,2,20.00,9.97
80,271,5.93,108.78,3,36.02,20.93
80,271,5.93,108.78,4,3.48,37.53
80,272,57.00,288.49,0,1.18,8.99
80,272,57.00,288.49,1,37.88,1.41
80,272,57.00,288.49,2,20.00,9.97
80,272,57.00,288.49,3,36.02,20.93
80,272,57.00,288.49,4,3.48,37.53
80,273,27.82,239.81,0,1.18,8.99
80,273,27.82,239.81,1,37.88,1.41
80,273,27.82,239.81,2,20.00,9.97
80,273,27.82,239.81,3,36.02,20.93
80,273,27.82,239.81,4,3.48,37.53
80,274,99.25,2.52,0,1.18,8.99
80,274,99.25,2.52,1,37.88,1.41
80,274,99.25,2.52,2,20.00,9.97
80,274,99.25,2.52,3,36.02,20.93
80,274,99.25,2.52,4,3.48,37.53
80,275,291.20,223.01,0,1.18,8.99
80,275,291.20,223.01,1,37.88,1.41
80,275,291.20,223.01,2,20.00,9.97
80,275,291.20,223.01,3,36.02,20.93
80,275,291.20,223.01,4,3.48,37.53
80,276,279.59,247.05,0,1.18,8.99
80,276,279.59,247.05,1,37.88,1.41
80,276,279.59,247.05,2,20.00,9.97
80,276,279.59,247.05,3,36.02,20.93
80,276,279.59,247.05,4,3.48,37.53
80,277,251.76,194.60,0,1.18,8.99
80,277,251.76,194.60,1,37.88,1.41
80,277,251.76,194.60,2,20.00,9.97
80,277,251.76,194.60,3,36.02,20.93
80,277,251.76,194.60,4,3.48,37.53
80,278,92.07,393.80,0,1.18,8.99
80,278,92.07,393.80,1,37.88,1.41
80,278,92.07,393.80,2,20.00,9.97
80,278,92.07,393.80,3,36.02,20.93
80,278,92.07,393.80,4,3.48,37.53
80,279,242.29,377.97,0,1.18,8.99
80,279,242.29,377.97,1,37.88,1.41
80,279,242.29,377.97,2,20.00,9.97
80,279,242.29,377.97,3,36.02,20.93
80,279,242.29,377.97,4,3.48,37.53
80,280,353.93,205.02,0,1.18,8.99
80,280,353.93,205.02,1,37.88,1.41
80,280,353.93,205.02,2,20.00,9.97
80,280,353.93,205.02,3,36.02,20.93
80,280,353.93,205.02,4,3.48,37.53
80,281,203.65,35.97,0,1.18,8.99
80,281,203.65,35.97,1,37.88,1.41
80,281,203.65,35.97,2,20.00,9.97
80,281,203.65,35.97,3,36.02,20.93
80,281,203.65,35.97,4,3.48,37.53
80,282,314.77,169.65,0,1.18,8.99
80,282,314.77,169.65,1,37.88,1.41
80,282,314.77,169.65,2,20.00,9.97
80,282,314.77,169.65,3,36.02,20.93
80,282,314.77,169.65,4,3.48,37.53
80,283,306.66,155.81,0,1.18,8.99
80,283,306.66,155.81,1,37.88,1.41
80,283,306.66,155.81,2,20.00,9.97
80,283,306.66,155.81,3,36.02,20.93
80,283,306.66,155.81,4,3.48,37.53
80,284,190.08,94.85,0,1.18,8.99
80,284,190.08,94.85,1,37.88,1.41
80,284,190.08,94.85,2,20.00,9.97
80,284,190.08,94.85,3,36.02,20.93
80,284,190.08,94.85,4,3.48,37.53
80,285,227.90,350.27,0,1.18,8.99
80,285,227.90,350.27,1,37.88,1.41
80,285,227.90,350.27,2,20.00,9.97
80,285,227.90,350.27,3,36.02,20.93
80,285,227.90,350.27,4,3.48,37.53
80,286,266.63,323.19,0,1.18,8.99
80,286,266.63,323.19,1,37.88,1.41
80,286,266.63,323.19,2,20.00,9.97
80,286,266.63,323.19,3,36.02,20.93
80,286,266.63,323.19,4,3.48,37.53
80,287,367.11,170.46,0,1.18,8.99
80,287,367.11,170.46,1,37.88,1.41
80,287,367.11,170.46,2,20.00,9.97
80,287,367.11,170.46,3,36.02,20.93
80,287,367.11,170.46,4,3.48,37.53
80,288,115.71,7.19,0,1.18,8.99
80,288,115.71,7.19,1,37.88,1.41
80,288,115.71,7.19,2,20.00,9.97
80,288,115.71,7.19,3,36.02,20.93
80,288,115.71,7.19,4,3.48,37.53
80,289,73.84,312.56,0,1.18,8.99
80,289,73.84,312.56,1,37.88,1.41
80,289,73.84,312.56,2,20.00,9.97
80,289,73.84,312.56,3,36.02,20.93
80,289,73.84,312.56,4,3.48,37.53
80,290,282.76,282.34,0,1.18,8.99
80,290,282.76,282.34,1,37.88,1.41
80,290,282.76,282.34,2,20.00,9.97
80,290,282.76,282.34,3,36.02,20.93
80,290,282.76,282.34,4,3.48,37.53
80,291,74.96,10.19,0,1.18,8.99
80,291,74.96,10.19,1,37.88,1.41
80,291,74.96,10.19,2,20.00,9.97
80,291,74.96,10.19,3,36.02,20.93
80,291,74.96,10.19,4,3.48,37.53
80,292,267.94,296.75,0,1.18,8.99
80,292,267.94,296.75,1,37.88,1.41
80,292,267.94,296.75,2,20.00,9.97
80,292,267.94,296.75,3,36.02,20.93
80,292,267.94,296.75,4,3.48,37.53
80,293,194.87,133.79,0,1.18,8.99
80,293,194.87,133.79,1,37.88,1.41
80,293,194.87,133.79,2,20.00,9.97
80,293,194.87,133.79,3,36.02,20.93
80,293,194.87,133.79,4,3.48,37.53
80,294,117.37,345.97,0,1.18,8.99
80,294,117.37,345.97,1,37.88,1.41
80,294,117.37,345.97,2,20.00,9.97
80,294,117.37,345.97,3,36.02,20.93
80,294,117.37,345.97,4,3.48,37.53
80,295,350.14,196.49,0,1.18,8.99
80,295,350.14,196.49,1,37.88,1.41
80,295,350.14,196.49,2,20.00,9.97
80,295,350.14,196.49,3,36.02,20.93
80,295,350.14,196.49,4,3.48,37.53
80,296,320.77,41.17,0,1.18,8.99
80,296,320.77,41.17,1,37.88,1.41
80,296,320.77,41.17,2,20.00,9.97
80,296,320.77,41.17,3,36.02,20.93
80,296,320.77,41.17,4,3.48,37.53
80,297,369.88,104.13,0,1.18,8.99
80,297,369.88,104.13,1,37.88,1.41
80,297,369.88,104.13,2,20.00,9.97
80,297,369.88,104.13,3,36.02,20.93
80,297,369.88,104.13,4,3.48,37.53
80,298,331.34,50.00,0,1.18,8.99
80,298,331.34,50.00,1,37.88,1.41
80,298,331.34,50.00,2,20.00,9.97
80,298,331.34,50.00,3,36.02,20.93
80,298,331.34,50.00,4,3.48,37.53
80,299,29.71,121.80,0,1.18,8.99
80,299,29.71,121.80,1,37.88,1.41
80,299,29.71,121.80,2,20.00,9.97
80,299,29.71,121.80,3,36.02,20.93
80,299,29.71,121.80,4,3.48,37.53
80,300,212.88,339.26,0,1.18,8.99
80,300,212.88,339.26,1,37.88,1.41
80,300,212.88,339.26,2,20.00,9.97
80,300,212.88,339.26,3,36.02,20.93
80,300,212.88,339.26,4,3.48,37.53
90,1,226.25,103.36,0,1.87,9.77
90,1,226.25,103.36,1,37.88,1.41
90,1,226.25,103.36,2,20.00,9.97
90,1,226.25,103.36,3,36.02,20.93
90,1,226.25,103.36,4,3.48,37.53
90,2,30.43,69.13,0,1.87,9.77
90,2,30.43,69.13,1,37.88,1.41
90,2,30.43,69.13,2,20.00,9.97
90,2,30.43,69.13,3,36.02,20.93
90,2,30.43,69.13,4,3.48,37.53
90,3,184.30,275.09,0,1.87,9.77
90,3,184.30,275.09,1,37.88,1.41
90,3,184.30,275.09,2,20.00,9.97
90,3,184.30,275.09,3,36.02,20.93
90,3,184.30,275.09,4,3.48,37.53
90,4,240.85,89.64,0,1.87,9.77
90,4,240.85,89.64,1,37.88,1.41
90,4,240.85,89.64,2,20.00,9.97
90,4,240.85,89.64,3,36.02,20.93
90,4,240.85,89.64,4,3.48,37.53
90,5,15.96,315.84,0,1.87,9.77
90,5,15.96,315.84,1,37.88,1.41
90,5,15.96,315.84,2,20.00,9.97
90,5,15.96,315.84,3,36.02,20.93
90,5,15.96,315.84,4,3.48,37.53
90,6,87.70,277.97,0,1.87,9.77
90,6,87.70,277.97,1,37.88,1.41
90,6,87.70,277.97,2,20.00,9.97
90,6,87.70,277.97,3,36.02,20.93
90,6,87.70,277.97,4,3.48,37.53
90,7,79.95,96.96,0,1.87,9.77
90,7,79.95,96.96,1,37.88,1.41
90,7,79.95,96.96,2,20.00,9.97
90,7,79.95,96.96,3,36.02,20.93
90,7,79.95,96.96,4,3.48,37.53
90,8,160.61,379.92,0,1.87,9.77
90,8,160.61,379.92,1,37.88,1.41
90,8,160.61,379.92,2,20.00,9.97
90,8,160.61,379.92,3,36.02,20.93
90,8,160.61,379.92,4,3.48,37.53
90,9,249.33,208.01,0,1.87,9.77
90,9,249.33,208.01,1,37.88,1.41
90,9,249.33,208.01,2,20.00,9.97
90,9,249.33,208.01,3,36.02,20.93
90,9,249.33,208.01,4,3.48,37.53
90,10,379.73,173.85,0,1.87,9.77
90,10,379.73,173.85,1,37.88,1.41
90,10,379.73,173.85,2,20.00,9.97
90,10,379.73,173.85,3,36.02,20.93
90,10,379.73,173.85,4,3.48,37.53
90,11,152.11,121.05,0,1.87,9.77
90,11,152.11,121.05,1,37.88,1.41
90,11,152.11,121.05,2,20.00,9.97
90,11,152.11,121.05,3,36.02,20.93
90,11,152.11,121.05,4,3.48,37.53
90,12,225.89,78.14,0,1.87,9.77
90,12,225.89,78.14,1,37.88,1.41
90,12,225.89,78.14,2,20.00,9.97
90,12,225.89,78.14,3,36.02,20.93
90,12,225.89,78.14,4,3.48,37.53
90,13,136.93,78.42,0,1.87,9.77
90,13,136.93,78.42,1,37.88,1.41
90,13,136.93,78.42,2,20.00,9.97
90,13,136.93,78.42,3,36.02,20.93
90,13,136.93,78.42,4,3.48,37.53
90,14,12.04,376.50,0,1.87,9.77
90,14,12.04,376.50,1,37.88,1.41
90,14,12.04,376.50,2,20.00,9.97
90,14,12.04,376.50,3,36.02,20.93
90,14,12.04,376.50,4,3.48,37.53
90,15,7.82,321.72,0,1.87,9.77
90,15,7.82,321.72,1,37.88,1.41
90,15,7.82,321.72,2,20.00,9.97
90,15,7.82,321.72,3,36.02,20.93
90,15,7.82,321.72,4,3.48,37.53
90,16,327.65,299.83,0,1.87,9.77
90,16,327.65,299.83,1,37.88,1.41
90,16,327.65,299.83,2,20.00,9.97
90,16,327.65,299.83,3,36.02,20.93
90,16,327.65,299.83,4,3.48,37.53
90,17,378.89,188.81,0,1.87,9.77
90,17,378.89,188.81,1,37.88,1.41
90,17,378.89,188.81,2,20.00,9.97
90,17,378.89,188.81,3,36.02,20.93
90,17,378.89,188.81,4,3.48,37.53
90,18,196.05,364.42,0,1.87,9.77
90,18,196.05,364.42,1,37.88,1.41
90,18,196.05,364.42,2,20.00,9.97
90,18,196.05,364.42,3,36.02,20.93
90,18,196.05,364.42,4,3.48,37.53
90,19,75.14,324.23,0,1.87,9.77
90,19,75.14,324.23,1,37.88,1.41
90,19,75.14,324.23,2,20.00,9.97
90,19,75.14,324.23,3,36.02,20.93
90,19,75.14,324.23,4,3.48,37.53
90,20,209.94,376.33,0,1.87,9.77
90,20,209.94,376.33,1,37.88,1.41
90,20,209.94,376.33,2,20.00,9.97
90,20,209.94,376.33,3,36.02,20.93
90,20,209.94,376.33,4,3.48,37.53
90,21,383.47,122.78,0,1.87,9.77
90,21,383.47,122.78,1,37.88,1.41
90,21,383.47,122.78,2,20.00,9.97
90,21,383.47,122.78,3,36.02,20.93
90,21,383.47,122.78,4,3.48,37.53
90,22,268.74,367.52,0,1.87,9.77
90,22,268.74,367.52,1,37.88,1.41
90,22,268.74,367.52,2,20.00,9.97
90,22,268.74,367.52,3,36.02,20.93
90,22,268.74,367.52,4,3.48,37.53
90,23,344.45,273.14,0,1.87,9.77
90,23,344.45,273.14,1,37.88,1.41
90,23,344.45,273.14,2,20.00,9.97
90,23,344.45,273.14,3,36.02,20.93
90,23,344.45,273.14,4,3.48,37.53
90,24,130.90,51.46,0,1.87,9.77
90,24,130.90,51.46,1,37.88,1.41
90,24,130.90,51.46,2,20.00,9.97
90,24,130.90,51.46,3,36.02,20.93
90,24,130.90,51.46,4,3.48,37.53
90,25,76.46,358.69,0,1.87,9.77
90,25,76.46,358.69,1,37.88,1.41
90,25,76.46,358.69,2,20.00,9.97
90,25,76.46,358.69,3,36.02,20.93
90,25,76.46,358.69,4,3.48,37.53
90,26,297.03,15.05,0,1.87,9.77
90,26,297.03,15.05,1,37.88,1.41
90,26,297.03,15.05,2,20.00,9.97
90,26,297.03,15.05,3,36.02,20.93
90,26,297.03,15.05,4,3.48,37.53
90,27,228.92,83.58,0,1.87,9.77
90,27,228.92,83.58,1,37.88,1.41
90,27,228.92,83.58,2,20.00,9.97
90,27,228.92,83.58,3,36.02,20.93
90,27,228.92,83.58,4,3.48,37.53
90,28,383.03,361.67,0,1.87,9.77
90,28,383.03,361.67,1,37.88,1.41
90,28,383.03,361.67,2,20.00,9.97
90,28,383.03,361.67,3,36.02,20.93
90,28,383.03,361.67,4,3.48,37.53
90,29,147.45,250.40,0,1.87,9.77
90,29,147.45,250.40,1,37.88,1.41
90,29,147.45,250.40,2,20.00,9.97
90,29,147.45,250.40,3,36.02,20.93
90,29,147.45,250.40,4,3.48,37.53
90,30,368.58,196.14,0,1.87,9.77
90,30,368.58,196.14,1,37.88,1.41
90,30,368.58,196.14,2,20.00,9.97
90,30,368.58,196.14,3,36.02,20.93
90,30,368.58,196.14,4,3.48,37.53
90,31,191.71,27.08,0,1.87,9.77
90,31,191.71,27.08,1,37.88,1.41
90,31,191.71,27.08,2,20.00,9.97
90,31,191.71,27.08,3,36.02,20.93
90,31,191.71,27.08,4,3.48,37.53
90,32,229.72,66.21,0,1.87,9.77
90,32,229.72,66.21,1,37.88,1.41
90,32,229.72,66.21,2,20.00,9.97
90,32,229.72,66.21,3,36.02,20.93
90,32,229.72,66.21,4,3.48,37.53
90,33,40.70,263.41,0,1.87,9.77
90,33,40.70,263.41,1,37.88,1.41
90,33,40.70,263.41,2,20.00,9.97
90,33,40.70,263.41,3,36.02,20.93
90,33,40.70,263.41,4,3.48,37.53
90,34,171.48,101.17,0,1.87,9.77
90,34,171.48,101.17,1,37.88,1.41
90,34,171.48,101.17,2,20.00,9.97
90,34,171.48,101.17,3,36.02,20.93
90,34,171.48,101.17,4,3.48,37.53
90,35,313.34,212.18,0,1.87,9.77
90,35,313.34,212.18,1,37.88,1.41
90,35,313.34,212.18,2,20.00,9.97
90,35,313.34,212.18,3,36.02,20.93
90,35,313.34,212.18,4,3.48,37.53
90,36,105.79,319.52,0,1.87,9.77
90,36,105.79,319.52,1,37.88,1.41
90,36,105.79,319.52,2,20.00,9.97
90,36,105.79,319.52,3,36.02,20.93
90,36,105.79,319.52,4,3.48,37.53
90,37,303.53,288.49,0,1.87,9.77
90,37,303.53,288.49,1,37.88,1.41
90,37,303.53,288.49,2,20.00,9.97
90,37,303.53,288.49,3,36.02,20.93
90,37,303.53,288.49,4,3.48,37.53
90,38,125.41,240.57,0,1.87,9.77
90,38,125.41,240.57,1,37.88,1.41
90,38,125.41,240.57,2,20.00,9.97
90,38,125.41,240.57,3,36.02,20.93
90,38,125.41,240.57,4,3.48,37.53
90,39,113.07,202.58,0,1.87,9.77
90,39,113.07,202.58,1,37.88,1.41
90,39,113.07,202.58,2,20.00,9.97
90,39,113.07,202.58,3,36.02,20.93
90,39,113.07,202.58,4,3.48,37.53
90,40,279.12,100.31,0,1.87,9.77
90,40,279.12,100.31,1,37.88,1.41
90,40,279.12,100.31,2,20.00,9.97
90,40,279.12,100.31,3,36.02,20.93
90,40,279.12,100.31,4,3.48,37.53
90,41,251.77,308.23,0,1.87,9.77
90,41,251.77,308.23,1,37.88,1.41
90,41,251.77,308.23,2,20.00,9.97
90,41,251.77,308.23,3,36.02,20.93
90,41,251.77,308.23,4,3.48,37.53
90,42,354.79,243.83,0,1.87,9.77
90,42,354.79,243.83,1,37.88,1.41
90,42,354.79,243.83,2,20.00,9.97
90,42,354.79,243.83,3,36.02,20.93
90,42,354.79,243.83,4,3.48,37.53
90,43,214.65,66.44,0,1.87,9.77
90,43,214.65,66.44,1,37.88,1.41
90,43,214.65,66.44,2,20.00,9.97
90,43,214.65,66.44,3,36.02,20.93
90,43,214.65,66.44,4,3.48,37.53
90,44,349.70,210.94,0,1.87,9.77
90,44,349.70,210.94,1,37.88,1.41
90,44,349.70,210.94,2,20.00,9.97
90,44,349.70,210.94,3,36.02,20.93
90,44,349.70,210.94,4,3.48,37.53
90,45,224.00,93.52,0,1.87,9.77
90,45,224.00,93.52,1,37.88,1.41
90,45,224.00,93.52,2,20.00,9.97
90,45,224.00,93.52,3,36.02,20.93
90,45,224.00,93.52,4,3.48,37.53
90,46,81.67,375.98,0,1.87,9.77
90,46,81.67,375.98,1,37.88,1.41
90,46,81.67,375.98,2,20.00,9.97
90,46,81.67,375.98,3,36.02,20.93
90,46,81.67,375.98,4,3.48,37.53
90,47,59.80,294.98,0,1.87,9.77
90,47,59.80,294.98,1,37.88,1.41
90,47,59.80,294.98,2,20.00,9.97
90,47,59.80,294.98,3,36.02,20.93
90,47,59.80,294.98,4,3.48,37.53
90,48,338.58,202.36,0,1.87,9.77
90,48,338.58,202.36,1,37.88,1.41
90,48,338.58,202.36,2,20.00,9.97
90,48,338.58,202.36,3,36.02,20.93
90,48,338.58,202.36,4,3.48,37.53
90,49,192.60,138.41,0,1.87,9.77
90,49,192.60,138.41,1,37.88,1.41
90,49,192.60,138.41,2,20.00,9.97
90,49,192.60,138.41,3,36.02,20.93
90,49,192.60,138.41,4,3.48,37.53
90,50,300.57,322.54,0,1.87,9.77
90,50,300.57,322.54,1,37.88,1.41
90,50,300.57,322.54,2,20.00,9.97
90,50,300.57,322.54,3,36.02,20.93
90,50,300.57,322.54,4,3.48,37.53
90,51,29.73,362.09,0,1.87,9.77
90,51,29.73,362.09,1,37.88,1.41
90,51,29.73,362.09,2,20.00,9.97
90,51,29.73,362.09,3,36.02,20.93
90,51,29.73,362.09,4,3.48,37.53
90,52,204.07,105.63,0,1.87,9.77
90,52,204.07,105.63,1,37.88,1.41
90,52,204.07,105.63,2,20.00,9.97
90,52,204.07,105.63,3,36.02,20.93
90,52,204.07,105.63,4,3.48,37.53
90,53,264.25,246.64,0,1.87,9.77
90,53,264.25,246.64,1,37.88,1.41
90,53,264.25,246.64,2,20.00,9.97
90,53,264.25,246.64,3,36.02,20.93
90,53,264.25,246.64,4,3.48,37.53
90,54,338.05,29.68,0,1.87,9.77
90,54,338.05,29.68,1,37.88,1.41
90,54,338.05,29.68,2,20.00,9.97
90,54,338.05,29.68,3,36.02,20.93
90,54,338.05,29.68,4,3.48,37.53
90,55,262.81,255.43,0,1.87,9.77
90,55,262.81,255.43,1,37.88,1.41
90,55,262.81,255.43,2,20.00,9.97
90,55,262.81,255.43,3,36.02,20.93
90,55,262.81,255.43,4,3.48,37.53
90,56,305.17,166.13,0,1.87,9.77
90,56,305.17,166.13,1,37.88,1.41
90,56,305.17,166.13,2,20.00,9.97
90,56,305.17,166.13,3,36.02,20.93
90,56,305.17,166.13,4,3.48,37.53
90,57,96.97,187.34,0,1.87,9.77
90,57,96.97,187.34,1,37.88,1.41
90,57,96.97,187.34,2,20.00,9.97
90,57,96.97,187.34,3,36.02,20.93
90,57,96.97,187.34,4,3.48,37.53
90,58,344.46,198.04,0,1.87,9.77
90,58,344.46,198.04,1,37.88,1.41
90,58,344.46,198.04,2,20.00,9.97
90,58,344.46,198.04,3,36.02,20.93
90,58,344.46,198.04,4,3.48,37.53
90,59,59.23,141.20,0,1.87,9.77
90,59,59.23,141.20,1,37.88,1.41
90,59,59.23,141.20,2,20.00,9.97
90,59,59.23,141.20,3,36.02,20.93
90,59,59.23,141.20,4,3.48,37.53
90,60,170.04,267.97,0,1.87,9.77
90,60,170.04,267.97,1,37.88,1.41
90,60,170.04,267.97,2,20.00,9.97
90,60,170.04,267.97,3,36.02,20.93
90,60,170.04,267.97,4,3.48,37.53
90,61,28.04,138.21,0,1.87,9.77
90,61,28.04,138.21,1,37.88,1.41
90,61,28.04,138.21,2,20.00,9.97
90,61,28.04,138.21,3,36.02,20.93
90,61,28.04,138.21,4,3.48,37.53
90,62,40.82,374.21,0,1.87,9.77
90,62,40.82,374.21,1,37.88,1.41
90,62,40.82,374.21,2,20.00,9.97
90,62,40.82,374.21,3,36.02,20.93
90,62,40.82,374.21,4,3.48,37.53
90,63,117.44,177.07,0,1.87,9.77
90,63,117.44,177.07,1,37.88,1.41
90,63,117.44,177.07,2,20.00,9.97
90,63,117.44,177.07,3,36.02,20.93
90,63,117.44,177.07,4,3.48,37.53
90,64,335.73,38.63,0,1.87,9.77
90,64,335.73,38.63,1,37.88,1.41
90,64,335.73,38.63,2,20.00,9.97
90,64,335.73,38.63,3,36.02,20.93
90,64,335.73,38.63,4,3.48,37.53
90,65,333.59,276.18,0,1.87,9.77
90,65,333.59,276.18,1,37.88,1.41
90,65,333.59,276.18,2,20.00,9.97
90,65,333.59,276.18,3,36.02,20.93
90,65,333.59,276.18,4,3.48,37.53
90,66,108.22,383.35,0,1.87,9.77
90,66,108.22,383.35,1,37.88,1.41
90,66,108.22,383.35,2,20.00,9.97
90,66,108.22,383.35,3,36.02,20.93
90,66,108.22,383.35,4,3.48,37.53
90,67,41.15,225.55,0,1.87,9.77
90,67,41.15,225.55,1,37.88,1.41
90,67,41.15,225.55,2,20.00,9.97
90,67,41.15,225.55,3,36.02,20.93
90,67,41.15,225.55,4,3.48,37.53
90,68,237.46,316.07,0,1.87,9.77
90,68,237.46,316.07,1,37.88,1.41
90,68,237.46,316.07,2,20.00,9.97
90,68,237.46,316.07,3,36.02,20.93
90,68,237.46,316.07,4,3.48,37.53
90,69,369.08,364.09,0,1.87,9.77
90,69,369.08,364.09,1,37.88,1.41
90,69,369.08,364.09,2,20.00,9.97
90,69,369.08,364.09,3,36.02,20.93
90,69,369.08,364.09,4,3.48,37.53
90,70,214.29,79.89,0,1.87,9.77
90,70,214.29,79.89,1,37.88,1.41
90,70,214.29,79.89,2,20.00,9.97
90,70,214.29,79.89,3,36.02,20.93
90,70,214.29,79.89,4,3.48,37.53
90,71,41.80,365.29,0,1.87,9.77
90,71,41.80,365.29,1,37.88,1.41
90,71,41.80,365.29,2,20.00,9.97
90,71,41.80,365.29,3,36.02,20.93
90,71,41.80,365.29,4,3.48,37.53
90,72,21.87,388.00,0,1.87,9.77
90,72,21.87,388.00,1,37.88,1.41
90,72,21.87,388.00,2,20.00,9.97
90,72,21.87,388.00,3,36.02,20.93
90,72,21.87,388.00,4,3.48,37.53
90,73,363.19,144.39,0,1.87,9.77
90,73,363.19,144.39,1,37.88,1.41
90,73,363.19,144.39,2,20.00,9.97
90,73,363.19,144.39,3,36.02,20.93
90,73,363.19,144.39,4,3.48,37.53
90,74,223.17,66.45,0,1.87,9.77
90,74,223.17,66.45,1,37.88,1.41
90,74,223.17,66.45,2,20.00,9.97
90,74,223.17,66.45,3,36.02,20.93
90,74,223.17,66.45,4,3.48,37.53
90,75,193.29,86.68,0,1.87,9.77
90,75,193.29,86.68,1,37.88,1.41
90,75,193.29,86.68,2,20.00,9.97
90,75,193.29,86.68,3,36.02,20.93
90,75,193.29,86.68,4,3.48,37.53
90,76,352.50,95.39,0,1.87,9.77
90,76,352.50,95.39,1,37.88,1.41
90,76,352.50,95.39,2,20.00,9.97
90,76,352.50,95.39,3,36.02,20.93
90,76,352.50,95.39,4,3.48,37.53
90,77,96.17,171.80,0,1.87,9.77
90,77,96.17,171.80,1,37.88,1.41
90,77,96.17,171.80,2,20.00,9.97
90,77,96.17,171.80,3,36.02,20.93
90,77,96.17,171.80,4,3.48,37.53
90,78,193.22,396.36,0,1.87,9.77
90,78,193.22,396.36,1,37.88,1.41
90,78,193.22,396.36,2,20.00,9.97
90,78,193.22,396.36,3,36.02,20.93
90,78,193.22,396.36,4,3.48,37.53
90,79,357.23,214.43,0,1.87,9.77
90,79,357.23,214.43,1,37.88,1.41
90,79,357.23,214.43,2,20.00,9.97
90,79,357.23,214.43,3,36.02,20.93
90,79,357.23,214.43,4,3.48,37.53
90,80,364.27,192.11,0,1.87,9.77
90,80,364.27,192.11,1,37.88,1.41
90,80,364.27,192.11,2,20.00,9.97
90,80,364.27,192.11,3,36.02,20.93
90,80,364.27,192.11,4,3.48,37.53
90,81,260.82,349.74,0,1.87,9.77
90,81,260.82,349.74,1,37.88,1.41
90,81,260.82,349.74,2,20.00,9.97
90,81,260.82,349.74,3,36.02,20.93
90,81,260.82,349.74,4,3.48,37.53
90,82,324.02,103.17,0,1.87,9.77
90,82,324.02,103.17,1,37.88,1.41
90,82,324.02,103.17,2,20.00,9.97
90,82,324.02,103.17,3,36.02,20.93
90,82,324.02,103.17,4,3.48,37.53
90,83,156.49,23.56,0,1.87,9.77
90,83,156.49,23.56,1,37.88,1.41
90,83,156.49,23.56,2,20.00,9.97
90,83,156.49,23.56,3,36.02,20.93
90,83,156.49,23.56,4,3.48,37.53
90,84,223.97,292.69,0,1.87,9.77
90,84,223.97,292.69,1,37.88,1.41
90,84,223.97,292.69,2,20.00,9.97
90,84,223.97,292.69,3,36.02,20.93
90,84,223.97,292.69,4,3.48,37.53
90,85,361.76,111.40,0,1.87,9.77
90,85,361.76,111.40,1,37.88,1.41
90,85,361.76,111.40,2,20.00,9.97
90,85,361.76,111.40,3,36.02,20.93
90,85,361.76,111.40,4,3.48,37.53
90,86,8.43,136.80,0,1.87,9.77
90,86,8.43,136.80,1,37.88,1.41
90,86,8.43,136.80,2,20.00,9.97
90,86,8.43,136.80,3,36.02,20.93
90,86,8.43,136.80,4,3.48,37.53
90,87,383.78,43.59,0,1.87,9.77
90,87,383.78,43.59,1,37.88,1.41
90,87,383.78,43.59,2,20.00,9.97
90,87,383.78,43.59,3,36.02,20.93
90,87,383.78,43.59,4,3.48,37.53
90,88,188.27,297.67,0,1.87,9.77
90,88,188.27,297.67,1,37.88,1.41
90,88,188.27,297.67,2,20.00,9.97
90,88,188.27,297.67,3,36.02,20.93
90,88,188.27,297.67,4,3.48,37.53
90,89,321.06,58.48,0,1.87,9.77
90,89,321.06,58.48,1,37.88,1.41
90,89,321.06,58.48,2,20.00,9.97
90,89,321.06,58.48,3,36.02,20.93
90,89,321.06,58.48,4,3.48,37.53
90,90,189.32,38.49,0,1.87,9.77
90,90,189.32,38.49,1,37.88,1.41
90,90,189.32,38.49,2,20.00,9.97
90,90,189.32,38.49,3,36.02,20.93
90,90,189.32,38.49,4,3.48,37.53
90,92,258.81,81.32,0,1.87,9.77
90,92,258.81,81.32,1,37.88,1.41
90,92,258.81,81.32,2,20.00,9.97
90,92,258.81,81.32,3,36.02,20.93
90,92,258.81,81.32,4,3.48,37.53
90,93,236.53,74.42,0,1.87,9.77
90,93,236.53,74.42,1,37.88,1.41
90,93,236.53,74.42,2,20.00,9.97
90,93,236.53,74.42,3,36.02,20.93
90,93,236.53,74.42,4,3.48,37.53
90,94,39.33,359.72,0,1.87,9.77
90,94,39.33,359.72,1,37.88,1.41
90,94,39.33,359.72,2,20.00,9.97
90,94,39.33,359.72,3,36.02,20.93
90,94,39.33,359.72,4,3.48,37.53
90,95,323.70,147.67,0,1.87,9.77
90,95,323.70,147.67,1,37.88,1.41
90,95,323.70,147.67,2,20.00,9.97
90,95,323.70,147.67,3,36.02,20.93
90,95,323.70,147.67,4,3.48,37.53
90,96,81.03,193.93,0,1.87,9.77
90,96,81.03,193.93,1,37.88,1.41
90,96,81.03,193.93,2,20.00,9.97
90,96,81.03,193.93,3,36.02,20.93
90,96,81.03,193.93,4,3.48,37.53
90,97,251.38,177.05,0,1.87,9.77
90,97,251.38,177.05,1,37.88,1.41
90,97,251.38,177.05,2,20.00,9.97
90,97,251.38,177.05,3,36.02,20.93
90,97,251.38,177.05,4,3.48,37.53
90,98,308.83,18.91,0,1.87,9.77
90,98,308.83,18.91,1,37.88,1.41
90,98,308.83,18.91,2,20.00,9.97
90,98,308.83,18.91,3,36.02,20.93
90,98,308.83,18.91,4,3.48,37.53
90,99,374.04,160.90,0,1.87,9.77
90,99,374.04,160.90,1,37.88,1.41
90,99,374.04,160.90,2,20.00,9.97
90,99,374.04,160.90,3,36.02,20.93
90,99,374.04,160.90,4,3.48,37.53
90,100,373.28,183.24,0,1.87,9.77
90,100,373.28,183.24,1,37.88,1.41
90,100,373.28,183.24,2,20.00,9.97
90,100,373.28,183.24,3,36.02,20.93
90,100,373.28,183.24,4,3.48,37.53
90,101,368.33,15.40,0,1.87,9.77
90,101,368.33,15.40,1,37.88,1.41
90,101,368.33,15.40,2,20.00,9.97
90,101,368.33,15.40,3,36.02,20.93
90,101,368.33,15.40,4,3.48,37.53
90,102,67.75,194.25,0,1.87,9.77
90,102,67.75,194.25,1,37.88,1.41
90,102,67.75,194.25,2,20.00,9.97
90,102,67.75,194.25,3,36.02,20.93
90,102,67.75,194.25,4,3.48,37.53
90,103,131.89,392.78,0,1.87,9.77
90,103,131.89,392.78,1,37.88,1.41
90,103,131.89,392.78,2,20.00,9.97
90,103,131.89,392.78,3,36.02,20.93
90,103,131.89,392.78,4,3.48,37.53
90,104,324.84,14.85,0,1.87,9.77
90,104,324.84,14.85,1,37.88,1.41
90,104,324.84,14.85,2,20.00,9.97
90,104,324.84,14.85,3,36.02,20.93
90,104,324.84,14.85,4,3.48,37.53
90,105,50.91,355.39,0,1.87,9.77
90,105,50.91,355.39,1,37.88,1.41
90,105,50.91,355.39,2,20.00,9.97
90,105,50.91,355.39,3,36.02,20.93
90,105,50.91,355.39,4,3.48,37.53
90,106,66.81,238.02,0,1.87,9.77
90,106,66.81,238.02,1,37.88,1.41
90,106,66.81,238.02,2,20.00,9.97
90,106,66.81,238.02,3,36.02,20.93
90,106,66.81,238.02,4,3.48,37.53
90,107,227.65,121.76,0,1.87,9.77
90,107,227.65,121.76,1,37.88,1.41
90,107,227.65,121.76,2,20.00,9.97
90,107,227.65,121.76,3,36.02,20.93
90,107,227.65,121.76,4,3.48,37.53
90,108,4.85,33.17,0,1.87,9.77
90,108,4.85,33.17,1,37.88,1.41
90,108,4.85,33.17,2,20.00,9.97
90,108,4.85,33.17,3,36.02,20.93
90,108,4.85,33.17,4,3.48,37.53
90,109,78.93,296.34,0,1.87,9.77
90,109,78.93,296.34,1,37.88,1.41
90,109,78.93,296.34,2,20.00,9.97
90,109,78.93,296.34,3,36.02,20.93
90,109,78.93,296.34,4,3.48,37.53
90,110,138.71,326.86,0,1.87,9.77
90,110,138.71,326.86,1,37.88,1.41
90,110,138.71,326.86,2,20.00,9.97
90,110,138.71,326.86,3,36.02,20.93
90,110,138.71,326.86,4,3.48,37.53
90,111,358.13,43.41,0,1.87,9.77
90,111,358.13,43.41,1,37.88,1.41
90,111,358.13,43.41,2,20.00,9.97
90,111,358.13,43.41,3,36.02,20.93
90,111,358.13,43.41,4,3.48,37.53
90,112,159.71,98.74,0,1.87,9.77
90,112,159.71,98.74,1,37.88,1.41
90,112,159.71,98.74,2,20.00,9.97
90,112,159.71,98.74,3,36.02,20.93
90,112,159.71,98.74,4,3.48,37.53
90,113,119.24,132.17,0,1.87,9.77
90,113,119.24,132.17,1,37.88,1.41
90,113,119.24,132.17,2,20.00,9.97
90,113,119.24,132.17,3,36.02,20.93
90,113,119.24,132.17,4,3.48,37.53
90,114,145.69,10.99,0,1.87,9.77
90,114,145.69,10.99,1,37.88,1.41
90,114,145.69,10.99,2,20.00,9.97
90,114,145.69,10.99,3,36.02,20.93
90,114,145.69,10.99,4,3.48,37.53
90,115,382.21,242.15,0,1.87,9.77
90,115,382.21,242.15,1,37.88,1.41
90,115,382.21,242.15,2,20.00,9.97
90,115,382.21,242.15,3,36.02,20.93
90,115,382.21,242.15,4,3.48,37.53
90,116,205.03,155.60,0,1.87,9.77
90,116,205.03,155.60,1,37.88,1.41
90,116,205.03,155.60,2,20.00,9.97
90,116,205.03,155.60,3,36.02,20.93
90,116,205.03,155.60,4,3.48,37.53
90,117,346.21,102.20,0,1.87,9.77
90,117,346.21,102.20,1,37.88,1.41
90,117,346.21,102.20,2,20.00,9.97
90,117,346.21,102.20,3,36.02,20.93
90,117,346.21,102.20,4,3.48,37.53
90,118,105.63,216.29,0,1.87,9.77
90,118,105.63,216.29,1,37.88,1.41
90,118,105.63,216.29,2,20.00,9.97
90,118,105.63,216.29,3,36.02,20.93
90,118,105.63,216.29,4,3.48,37.53
90,119,311.50,92.64,0,1.87,9.77
90,119,311.50,92.64,1,37.88,1.41
90,119,311.50,92.64,2,20.00,9.97
90,119,311.50,92.64,3,36.02,20.93
90,119,311.50,92.64,4,3.48,37.53
90,120,182.26,247.17,0,1.87,9.77
90,120,182.26,247.17,1,37.88,1.41
90,120,182.26,247.17,2,20.00,9.97
90,120,182.26,247.17,3,36.02,20.93
90,120,182.26,247.17,4,3.48,37.53
90,121,86.89,104.31,0,1.87,9.77
90,121,86.89,104.31,1,37.88,1.41
90,121,86.89,104.31,2,20.00,9.97
90,121,86.89,104.31,3,36.02,20.93
90,121,86.89,104.31,4,3.48,37.53
90,122,156.93,231.77,0,1.87,9.77
90,122,156.93,231.77,1,37.88,1.41
90,122,156.93,231.77,2,20.00,9.97
90,122,156.93,231.77,3,36.02,20.93
90,122,156.93,231.77,4,3.48,37.53
90,123,179.25,320.50,0,1.87,9.77
90,123,179.25,320.50,1,37.88,1.41
90,123,179.25,320.50,2,20.00,9.97
90,123,179.25,320.50,3,36.02,20.93
90,123,179.25,320.50,4,3.48,37.53
90,124,111.63,21.24,0,1.87,9.77
90,124,111.63,21.24,1,37.88,1.41
90,124,111.63,21.24,2,20.00,9.97
90,124,111.63,21.24,3,36.02,20.93
90,124,111.63,21.24,4,3.48,37.53
90,125,365.33,81.82,0,1.87,9.77
90,125,365.33,81.82,1,37.88,1.41
90,125,365.33,81.82,2,20.00,9.97
90,125,365.33,81.82,3,36.02,20.93
90,125,365.33,81.82,4,3.48,37.53
90,126,27.98,77.53,0,1.87,9.77
90,126,27.98,77.53,1,37.88,1.41
90,126,27.98,77.53,2,20.00,9.97
90,126,27.98,77.53,3,36.02,20.93
90,126,27.98,77.53,4,3.48,37.53
90,127,32.50,386.59,0,1.87,9.77
90,127,32.50,386.59,1,37.88,1.41
90,127,32.50,386.59,2,20.00,9.97
90,127,32.50,386.59,3,36.02,20.93
90,127,32.50,386.59,4,3.48,37.53
90,128,256.72,366.52,0,1.87,9.77
90,128,256.72,366.52,1,37.88,1.41
90,128,256.72,366.52,2,20.00,9.97
90,128,256.72,366.52,3,36.02,20.93
90,128,256.72,366.52,4,3.48,37.53
90,129,273.21,170.55,0,1.87,9.77
90,129,273.21,170.55,1,37.88,1.41
90,129,273.21,170.55,2,20.00,9.97
90,129,273.21,170.55,3,36.02,20.93
90,129,273.21,170.55,4,3.48,37.53
90,130,370.69,204.65,0,1.87,9.77
90,130,370.69,204.65,1,37.88,1.41
90,130,370.69,204.65,2,20.00,9.97
90,130,370.69,204.65,3,36.02,20.93
90,130,370.69,204.65,4,3.48,37.53
90,131,266.31,59.06,0,1.87,9.77
90,131,266.31,59.06,1,37.88,1.41
90,131,266.31,59.06,2,20.00,9.97
90,131,266.31,59.06,3,36.02,20.93
90,131,266.31,59.06,4,3.48,37.53
90,132,362.86,313.02,0,1.87,9.77
90,132,362.86,313.02,1,37.88,1.41
90,132,362.86,313.02,2,20.00,9.97
90,132,362.86,313.02,3,36.02,20.93
90,132,362.86,313.02,4,3.48,37.53
90,133,3.72,113.56,0,1.87,9.77
90,133,3.72,113.56,1,37.88,1.41
90,133,3.72,113.56,2,20.00,9.97
90,133,3.72,113.56,3,36.02,20.93
90,133,3.72,113.56,4,3.48,37.53
90,134,374.94,35.45,0,1.87,9.77
90,134,374.94,35.45,1,37.88,1.41
90,134,374.94,35.45,2,20.00,9.97
90,134,374.94,35.45,3,36.02,20.93
90,134,374.94,35.45,4,3.48,37.53
90,135,94.55,242.29,0,1.87,9.77
90,135,94.55,242.29,1,37.88,1.41
90,135,94.55,242.29,2,20.00,9.97
90,135,94.55,242.29,3,36.02,20.93
90,135,94.55,242.29,4,3.48,37.53
90,136,345.09,48.09,0,1.87,9.77
90,136,345.09,48.09,1,37.88,1.41
90,136,345.09,48.09,2,20.00,9.97
90,136,345.09,48.09,3,36.02,20.93
90,136,345.09,48.09,4,3.48,37.53
90,137,258.90,52.56,0,1.87,9.77
90,137,258.90,52.56,1,37.88,1.41
90,137,258.90,52.56,2,20.00,9.97
90,137,258.90,52.56,3,36.02,20.93
90,137,258.90,52.56,4,3.48,37.53
90,138,244.28,83.25,0,1.87,9.77
90,138,244.28,83.25,1,37.88,1.41
90,138,244.28,83.25,2,20.00,9.97
90,138,244.28,83.25,3,36.02,20.93
90,138,244.28,83.25,4,3.48,37.53
90,139,357.50,86.51,0,1.87,9.77
90,139,357.50,86.51,1,37.88,1.41
90,139,357.50,86.51,2,20.00,9.97
90,139,357.50,86.51,3,36.02,20.93
90,139,357.50,86.51,4,3.48,37.53
90,140,374.58,10.65,0,1.87,9.77
90,140,374.58,10.65,1,37.88,1.41
90,140,374.58,10.65,2,20.00,9.97
90,140,374.58,10.65,3,36.02,20.93
90,140,374.58,10.65,4,3.48,37.53
90,141,355.81,377.80,0,1.87,9.77
90,141,355.81,377.80,1,37.88,1.41
90,141,355.81,377.80,2,20.00,9.97
90,141,355.81,377.80,3,36.02,20.93
90,141,355.81,377.80,4,3.48,37.53
90,142,241.94,147.18,0,1.87,9.77
90,142,241.94,147.18,1,37.88,1.41
90,142,241.94,147.18,2,20.00,9.97
90,142,241.94,147.18,3,36.02,20.93
90,142,241.94,147.18,4,3.48,37.53
90,143,346.24,359.27,0,1.87,9.77
90,143,346.24,359.27,1,37.88,1.41
90,143,346.24,359.27,2,20.00,9.97
90,143,346.24,359.27,3,36.02,20.93
90,143,346.24,359.27,4,3.48,37.53
90,144,379.56,195.16,0,1.87,9.77
90,144,379.56,195.16,1,37.88,1.41
90,144,379.56,195.16,2,20.00,9.97
90,144,379.56,195.16,3,36.02,20.93
90,144,379.56,195.16,4,3.48,37.53
90,145,241.72,357.86,0,1.87,9.77
90,145,241.72,357.86,1,37.88,1.41
90,145,241.72,357.86,2,20.00,9.97
90,145,241.72,357.86,3,36.02,20.93
90,145,241.72,357.86,4,3.48,37.53
90,146,126.05,209.56,0,1.87,9.77
90,146,126.05,209.56,1,37.88,1.41
90,146,126.05,209.56,2,20.00,9.97
90,146,126.05,209.56,3,36.02,20.93
90,146,126.05,209.56,4,3.48,37.53
90,147,13.90,244.79,0,1.87,9.77
90,147,13.90,244.79,1,37.88,1.41
90,147,13.90,244.79,2,20.00,9.97
90,147,13.90,244.79,3,36.02,20.93
90,147,13.90,244.79,4,3.48,37.53
90,148,286.44,214.84,0,1.87,9.77
90,148,286.44,214.84,1,37.88,1.41
90,148,286.44,214.84,2,20.00,9.97
90,148,286.44,214.84,3,36.02,20.93
90,148,286.44,214.84,4,3.48,37.53
90,149,343.31,284.92,0,1.87,9.77
90,149,343.31,284.92,1,37.88,1.41
90,149,343.31,284.92,2,20.00,9.97
90,149,343.31,284.92,3,36.02,20.93
90,149,343.31,284.92,4,3.48,37.53
90,150,278.22,137.64,0,1.87,9.77
90,150,278.22,137.64,1,37.88,1.41
90,150,278.22,137.64,2,20.00,9.97
90,150,278.22,137.64,3,36.02,20.93
90,150,278.22,137.64,4,3.48,37.53
90,151,194.82,75.74,0,1.87,9.77
90,151,194.82,75.74,1,37.88,1.41
90,151,194.82,75.74,2,20.00,9.97
90,151,194.82,75.74,3,36.02,20.93
90,151,194.82,75.74,4,3.48,37.53
90,152,28.45,63.89,0,1.87,9.77
90,152,28.45,63.89,1,37.88,1.41
90,152,28.45,63.89,2,20.00,9.97
90,152,28.45,63.89,3,36.02,20.93
90,152,28.45,63.89,4,3.48,37.53
90,153,37.75,122.07,0,1.87,9.77
90,153,37.75,122.07,1,37.88,1.41
90,153,37.75,122.07,2,20.00,9.97
90,153,37.75,122.07,3,36.02,20.93
90,153,37.75,122.07,4,3.48,37.53
90,154,367.79,213.18,0,1.87,9.77
90,154,367.79,213.18,1,37.88,1.41
90,154,367.79,213.18,2,20.00,9.97
90,154,367.79,213.18,3,36.02,20.93
90,154,367.79,213.18,4,3.48,37.53
90,155,196.94,162.68,0,1.87,9.77
90,155,196.94,162.68,1,37.88,1.41
90,155,196.94,162.68,2,20.00,9.97
90,155,196.94,162.68,3,36.02,20.93
90,155,196.94,162.68,4,3.48,37.53
90,156,349.55,335.21,0,1.87,9.77
90,156,349.55,335.21,1,37.88,1.41
90,156,349.55,335.21,2,20.00,9.97
90,156,349.55,335.21,3,36.02,20.93
90,156,349.55,335.21,4,3.48,37.53
90,157,184.39,75.39,0,1.87,9.77
90,157,184.39,75.39,1,37.88,1.41
90,157,184.39,75.39,2,20.00,9.97
90,157,184.39,75.39,3,36.02,20.93
90,157,184.39,75.39,4,3.48,37.53
90,158,205.37,78.39,0,1.87,9.77
90,158,205.37,78.39,1,37.88,1.41
90,158,205.37,78.39,2,20.00,9.97
90,158,205.37,78.39,3,36.02,20.93
90,158,205.37,78.39,4,3.48,37.53
90,159,371.22,325.73,0,1.87,9.77
90,159,371.22,325.73,1,37.88,1.41
90,159,371.22,325.73,2,20.00,9.97
90,159,371.22,325.73,3,36.02,20.93
90,159,371.22,325.73,4,3.48,37.53
90,160,314.38,391.44,0,1.87,9.77
90,160,314.38,391.44,1,37.88,1.41
90,160,314.38,391.44,2,20.00,9.97
90,160,314.38,391.44,3,36.02,20.93
90,160,314.38,391.44,4,3.48,37.53
90,161,170.16,174.40,0,1.87,9.77
90,161,170.16,174.40,1,37.88,1.41
90,161,170.16,174.40,2,20.00,9.97
90,161,170.16,174.40,3,36.02,20.93
90,161,170.16,174.40,4,3.48,37.53
90,162,309.68,353.85,0,1.87,9.77
90,162,309.68,353.85,1,37.88,1.41
90,162,309.68,353.85,2,20.00,9.97
90,162,309.68,353.85,3,36.02,20.93
90,162,309.68,353.85,4,3.48,37.53
90,163,158.43,172.18,0,1.87,9.77
90,163,158.43,172.18,1,37.88,1.41
90,163,158.43,172.18,2,20.00,9.97
90,163,158.43,172.18,3,36.02,20.93
90,163,158.43,172.18,4,3.48,37.53
90,164,48.79,5.87,0,1.87,9.77
90,164,48.79,5.87,1,37.88,1.41
90,164,48.79,5.87,2,20.00,9.97
90,164,48.79,5.87,3,36.02,20.93
90,164,48.79,5.87,4,3.48,37.53
90,165,104.86,47.44,0,1.87,9.77
90,165,104.86,47.44,1,37.88,1.41
90,165,104.86,47.44,2,20.00,9.97
90,165,104.86,47.44,3,36.02,20.93
90,165,104.86,47.44,4,3.48,37.53
90,166,264.10,395.11,0,1.87,9.77
90,166,264.10,395.11,1,37.88,1.41
90,166,264.10,395.11,2,20.00,9.97
90,166,264.10,395.11,3,36.02,20.93
90,166,264.10,395.11,4,3.48,37.53
90,167,394.66,341.69,0,1.87,9.77
90,167,394.66,341.69,1,37.88,1.41
90,167,394.66,341.69,2,20.00,9.97
90,167,394.66,341.69,3,36.02,20.93
90,167,394.66,341.69,4,3.48,37.53
90,168,213.39,264.97,0,1.87,9.77
90,168,213.39,264.97,1,37.88,1.41
90,168,213.39,264.97,2,20.00,9.97
90,168,213.39,264.97,3,36.02,20.93
90,168,213.39,264.97,4,3.48,37.53
90,169,197.69,37.64,0,1.87,9.77
90,169,197.69,37.64,1,37.88,1.41
90,169,197.69,37.64,2,20.00,9.97
90,169,197.69,37.64,3,36.02,20.93
90,169,197.69,37.64,4,3.48,37.53
90,170,283.08,271.44,0,1.87,9.77
90,170,283.08,271.44,1,37.88,1.41
90,170,283.08,271.44,2,20.00,9.97
90,170,283.08,271.44,3,36.02,20.93
90,170,283.08,271.44,4,3.48,37.53
90,171,51.26,121.74,0,1.87,9.77
90,171,51.26,121.74,1,37.88,1.41
90,171,51.26,121.74,2,20.00,9.97
90,171,51.26,121.74,3,36.02,20.93
90,171,51.26,121.74,4,3.48,37.53
90,172,342.50,208.06,0,1.87,9.77
90,172,342.50,208.06,1,37.88,1.41
90,172,342.50,208.06,2,20.00,9.97
90,172,342.50,208.06,3,36.02,20.93
90,172,342.50,208.06,4,3.48,37.53
90,173,384.94,139.26,0,1.87,9.77
90,173,384.94,139.26,1,37.88,1.41
90,173,384.94,139.26,2,20.00,9.97
90,173,384.94,139.26,3,36.02,20.93
90,173,384.94,139.26,4,3.48,37.53
90,174,174.73,226.63,0,1.87,9.77
90,174,174.73,226.63,1,37.88,1.41
90,174,174.73,226.63,2,20.00,9.97
90,174,174.73,226.63,3,36.02,20.93
90,174,174.73,226.63,4,3.48,37.53
90,175,362.82,204.47,0,1.87,9.77
90,175,362.82,204.47,1,37.88,1.41
90,175,362.82,204.47,2,20.00,9.97
90,175,362.82,204.47,3,36.02,20.93
90,175,362.82,204.47,4,3.48,37.53
90,176,42.73,215.36,0,1.87,9.77
90,176,42.73,215.36,1,37.88,1.41
90,176,42.73,215.36,2,20.00,9.97
90,176,42.73,215.36,3,36.02,20.93
90,176,42.73,215.36,4,3.48,37.53
90,177,213.44,276.91,0,1.87,9.77
90,177,213.44,276.91,1,37.88,1.41
90,177,213.44,276.91,2,20.00,9.97
90,177,213.44,276.91,3,36.02,20.93
90,177,213.44,276.91,4,3.48,37.53
90,178,197.08,89.08,0,1.87,9.77
90,178,197.08,89.08,1,37.88,1.41
90,178,197.08,89.08,2,20.00,9.97
90,178,197.08,89.08,3,36.02,20.93
90,178,197.08,89.08,4,3.48,37.53
90,179,51.33,307.08,0,1.87,9.77
90,179,51.33,307.08,1,37.88,1.41
90,179,51.33,307.08,2,20.00,9.97
90,179,51.33,307.08,3,36.02,20.93
90,179,51.33,307.08,4,3.48,37.53
90,180,179.61,183.06,0,1.87,9.77
90,180,179.61,183.06,1,37.88,1.41
90,180,179.61,183.06,2,20.00,9.97
90,180,179.61,183.06,3,36.02,20.93
90,180,179.61,183.06,4,3.48,37.53
90,181,4.37,144.49,0,1.87,9.77
90,181,4.37,144.49,1,37.88,1.41
90,181,4.37,144.49,2,20.00,9.97
90,181,4.37,144.49,3,36.02,20.93
90,181,4.37,144.49,4,3.48,37.53
90,182,32.54,374.05,0,1.87,9.77
90,182,32.54,374.05,1,37.88,1.41
90,182,32.54,374.05,2,20.00,9.97
90,182,32.54,374.05,3,36.02,20.93
90,182,32.54,374.05,4,3.48,37.53
90,183,81.55,130.85,0,1.87,9.77
90,183,81.55,130.85,1,37.88,1.41
90,183,81.55,130.85,2,20.00,9.97
90,183,81.55,130.85,3,36.02,20.93
90,183,81.55,130.85,4,3.48,37.53
90,184,29.27,86.91,0,1.87,9.77
90,184,29.27,86.91,1,37.88,1.41
90,184,29.27,86.91,2,20.00,9.97
90,184,29.27,86.91,3,36.02,20.93
90,184,29.27,86.91,4,3.48,37.53
90,185,96.79,285.05,0,1.87,9.77
90,185,96.79,285.05,1,37.88,1.41
90,185,96.79,285.05,2,20.00,9.97
90,185,96.79,285.05,3,36.02,20.93
90,185,96.79,285.05,4,3.48,37.53
90,186,192.24,101.67,0,1.87,9.77
90,186,192.24,101.67,1,37.88,1.41
90,186,192.24,101.67,2,20.00,9.97
90,186,192.24,101.67,3,36.02,20.93
90,186,192.24,101.67,4,3.48,37.53
90,187,157.30,310.34,0,1.87,9.77
90,187,157.30,310.34,1,37.88,1.41
90,187,157.30,310.34,2,20.00,9.97
90,187,157.30,310.34,3,36.02,20.93
90,187,157.30,310.34,4,3.48,37.53
90,188,258.90,148.88,0,1.87,9.77
90,188,258.90,148.88,1,37.88,1.41
90,188,258.90,148.88,2,20.00,9.97
90,188,258.90,148.88,3,36.02,20.93
90,188,258.90,148.88,4,3.48,37.53
90,189,44.25,253.45,0,1.87,9.77
90,189,44.25,253.45,1,37.88,1.41
90,189,44.25,253.45,2,20.00,9.97
90,189,44.25,253.45,3,36.02,20.93
90,189,44.25,253.45,4,3.48,37.53
90,190,47.55,28.51,0,1.87,9.77
90,190,47.55,28.51,1,37.88,1.41
90,190,47.55,28.51,2,20.00,9.97
90,190,47.55,28.51,3,36.02,20.93
90,190,47.55,28.51,4,3.48,37.53
90,191,77.52,338.35,0,1.87,9.77
90,191,77.52,338.35,1,37.88,1.41
90,191,77.52,338.35,2,20.00,9.97
90,191,77.52,338.35,3,36.02,20.93
90,191,77.52,338.35,4,3.48,37.53
90,192,237.57,68.12,0,1.87,9.77
90,192,237.57,68.12,1,37.88,1.41
90,192,237.57,68.12,2,20.00,9.97
90,192,237.57,68.12,3,36.02,20.93
90,192,237.57,68.12,4,3.48,37.53
90,193,334.97,68.13,0,1.87,9.77
90,193,334.97,68.13,1,37.88,1.41
90,193,334.97,68.13,2,20.00,9.97
90,193,334.97,68.13,3,36.02,20.93
90,193,334.97,68.13,4,3.48,37.53
90,194,7.62,154.19,0,1.87,9.77
90,194,7.62,154.19,1,37.88,1.41
90,194,7.62,154.19,2,20.00,9.97
90,194,7.62,154.19,3,36.02,20.93
90,194,7.62,154.19,4,3.48,37.53
90,195,138.14,340.51,0,1.87,9.77
90,195,138.14,340.51,1,37.88,1.41
90,195,138.14,340.51,2,20.00,9.97
90,195,138.14,340.51,3,36.02,20.93
90,195,138.14,340.51,4,3.48,37.53
90,196,41.66,97.14,0,1.87,9.77
90,196,41.66,97.14,1,37.88,1.41
90,196,41.66,97.14,2,20.00,9.97
90,196,41.66,97.14,3,36.02,20.93
90,196,41.66,97.14,4,3.48,37.53
90,197,373.82,227.96,0,1.87,9.77
90,197,373.82,227.96,1,37.88,1.41
90,197,373.82,227.96,2,20.00,9.97
90,197,373.82,227.96,3,36.02,20.93
90,197,373.82,227.96,4,3.48,37.53
90,198,318.53,152.64,0,1.87,9.77
90,198,318.53,152.64,1,37.88,1.41
90,198,318.53,152.64,2,20.00,9.97
90,198,318.53,152.64,3,36.02,20.93
90,198,318.53,152.64,4,3.48,37.53
90,199,13.51,191.04,0,1.87,9.77
90,199,13.51,191.04,1,37.88,1.41
90,199,13.51,191.04,2,20.00,9.97
90,199,13.51,191.04,3,36.02,20.93
90,199,13.51,191.04,4,3.48,37.53
90,200,3.96,47.62,0,1.87,9.77
90,200,3.96,47.62,1,37.88,1.41
90,200,3.96,47.62,2,20.00,9.97
90,200,3.96,47.62,3,36.02,20.93
90,200,3.96,47.62,4,3.48,37.53
90,201,371.02,121.72,0,1.87,9.77
90,201,371.02,121.72,1,37.88,1.41
90,201,371.02,121.72,2,20.00,9.97
90,201,371.02,121.72,3,36.02,20.93
90,201,371.02,121.72,4,3.48,37.53
90,202,358.08,199.62,0,1.87,9.77
90,202,358.08,199.62,1,37.88,1.41
90,202,358.08,199.62,2,20.00,9.97
90,202,358.08,199.62,3,36.02,20.93
90,202,358.08,199.62,4,3.48,37.53
90,203,337.12,242.88,0,1.87,9.77
90,203,337.12,242.88,1,37.88,1.41
90,203,337.12,242.88,2,20.00,9.97
90,203,337.12,242.88,3,36.02,20.93
90,203,337.12,242.88,4,3.48,37.53
90,204,48.88,309.46,0,1.87,9.77
90,204,48.88,309.46,1,37.88,1.41
90,204,48.88,309.46,2,20.00,9.97
90,204,48.88,309.46,3,36.02,20.93
90,204,48.88,309.46,4,3.48,37.53
90,205,68.54,121.20,0,1.87,9.77
90,205,68.54,121.20,1,37.88,1.41
90,205,68.54,121.20,2,20.00,9.97
90,205,68.54,121.20,3,36.02,20.93
90,205,68.54,121.20,4,3.48,37.53
90,206,217.90,129.60,0,1.87,9.77
90,206,217.90,129.60,1,37.88,1.41
90,206,217.90,129.60,2,20.00,9.97
90,206,217.90,129.60,3,36.02,20.93
90,206,217.90,129.60,4,3.48,37.53
90,207,17.90,261.35,0,1.87,9.77
90,207,17.90,261.35,1,37.88,1.41
90,207,17.90,261.35,2,20.00,9.97
90,207,17.90,261.35,3,36.02,20.93
90,207,17.90,261.35,4,3.48,37.53
90,208,72.07,366.96,0,1.87,9.77
90,208,72.07,366.96,1,37.88,1.41
90,208,72.07,366.96,2,20.00,9.97
90,208,72.07,366.96,3,36.02,20.93
90,208,72.07,366.96,4,3.48,37.53
90,209,357.70,168.71,0,1.87,9.77
90,209,357.70,168.71,1,37.88,1.41
90,209,357.70,168.71,2,20.00,9.97
90,209,357.70,168.71,3,36.02,20.93
90,209,357.70,168.71,4,3.48,37.53
90,210,263.96,103.01,0,1.87,9.77
90,210,263.96,103.01,1,37.88,1.41
90,210,263.96,103.01,2,20.00,9.97
90,210,263.96,103.01,3,36.02,20.93
90,210,263.96,103.01,4,3.48,37.53
90,211,167.30,384.42,0,1.87,9.77
90,211,167.30,384.42,1,37.88,1.41
90,211,167.30,384.42,2,20.00,9.97
90,211,167.30,384.42,3,36.02,20.93
90,211,167.30,384.42,4,3.48,37.53
90,212,378.37,296.70,0,1.87,9.77
90,212,378.37,296.70,1,37.88,1.41
90,212,378.37,296.70,2,20.00,9.97
90,212,378.37,296.70,3,36.02,20.93
90,212,378.37,296.70,4,3.48,37.53
90,213,382.95,313.04,0,1.87,9.77
90,213,382.95,313.04,1,37.88,1.41
90,213,382.95,313.04,2,20.00,9.97
90,213,382.95,313.04,3,36.02,20.93
90,213,382.95,313.04,4,3.48,37.53
90,214,244.35,76.59,0,1.87,9.77
90,214,244.35,76.59,1,37.88,1.41
90,214,244.35,76.59,2,20.00,9.97
90,214,244.35,76.59,3,36.02,20.93
90,214,244.35,76.59,4,3.48,37.53
90,215,279.70,377.21,0,1.87,9.77
90,215,279.70,377.21,1,37.88,1.41
90,215,279.70,377.21,2,20.00,9.97
90,215,279.70,377.21,3,36.02,20.93
90,215,279.70,377.21,4,3.48,37.53
90,216,263.00,386.20,0,1.87,9.77
90,216,263.00,386.20,1,37.88,1.41
90,216,263.00,386.20,2,20.00,9.97
90,216,263.00,386.20,3,36.02,20.93
90,216,263.00,386.20,4,3.48,37.53
90,217,357.76,27.88,0,1.87,9.77
90,217,357.76,27.88,1,37.88,1.41
90,217,357.76,27.88,2,20.00,9.97
90,217,357.76,27.88,3,36.02,20.93
90,217,357.76,27.88,4,3.48,37.53
90,218,288.42,388.98,0,1.87,9.77
90,218,288.42,388.98,1,37.88,1.41
90,218,288.42,388.98,2,20.00,9.97
90,218,288.42,388.98,3,36.02,20.93
90,218,288.42,388.98,4,3.48,37.53
90,219,5.81,76.55,0,1.87,9.77
90,219,5.81,76.55,1,37.88,1.41
90,219,5.81,76.55,2,20.00,9.97
90,219,5.81,76.55,3,36.02,20.93
90,219,5.81,76.55,4,3.48,37.53
90,220,348.12,28.51,0,1.87,9.77
90,220,348.12,28.51,1,37.88,1.41
90,220,348.12,28.51,2,20.00,9.97
90,220,348.12,28.51,3,36.02,20.93
90,220,348.12,28.51,4,3.48,37.53
90,221,315.41,251.65,0,1.87,9.77
90,221,315.41,251.65,1,37.88,1.41
90,221,315.41,251.65,2,20.00,9.97
90,221,315.41,251.65,3,36.02,20.93
90,221,315.41,251.65,4,3.48,37.53
90,222,35.44,351.89,0,1.87,9.77
90,222,35.44,351.89,1,37.88,1.41
90,222,35.44,351.89,2,20.00,9.97
90,222,35.44,351.89,3,36.02,20.93
90,222,35.44,351.89,4,3.48,37.53
90,223,314.76,181.94,0,1.87,9.77
90,223,314.76,181.94,1,37.88,1.41
90,223,314.76,181.94,2,20.00,9.97
90,223,314.76,181.94,3,36.02,20.93
90,223,314.76,181.94,4,3.48,37.53
90,224,370.16,39.82,0,1.87,9.77
90,224,370.16,39.82,1,37.88,1.41
90,224,370.16,39.82,2,20.00,9.97
90,224,370.16,39.82,3,36.02,20.93
90,224,370.16,39.82,4,3.48,37.53
90,225,367.01,229.76,0,1.87,9.77
90,225,367.01,229.76,1,37.88,1.41
90,225,367.01,229.76,2,20.00,9.97
90,225,367.01,229.76,3,36.02,20.93
90,225,367.01,229.76,4,3.48,37.53
90,226,270.87,178.00,0,1.87,9.77
90,226,270.87,178.00,1,37.88,1.41
90,226,270.87,178.00,2,20.00,9.97
90,226,270.87,178.00,3,36.02,20.93
90,226,270.87,178.00,4,3.48,37.53
90,227,124.38,324.03,0,1.87,9.77
90,227,124.38,324.03,1,37.88,1.41
90,227,124.38,324.03,2,20.00,9.97
90,227,124.38,324.03,3,36.02,20.93
90,227,124.38,324.03,4,3.48,37.53
90,228,246.81,39.98,0,1.87,9.77
90,228,246.81,39.98,1,37.88,1.41
90,228,246.81,39.98,2,20.00,9.97
90,228,246.81,39.98,3,36.02,20.93
90,228,246.81,39.98,4,3.48,37.53
90,229,135.76,128.28,0,1.87,9.77
90,229,135.76,128.28,1,37.88,1.41
90,229,135.76,128.28,2,20.00,9.97
90,229,135.76,128.28,3,36.02,20.93
90,229,135.76,128.28,4,3.48,37.53
90,230,156.01,11.90,0,1.87,9.77
90,230,156.01,11.90,1,37.88,1.41
90,230,156.01,11.90,2,20.00,9.97
90,230,156.01,11.90,3,36.02,20.93
90,230,156.01,11.90,4,3.48,37.53
90,231,278.14,339.02,0,1.87,9.77
90,231,278.14,339.02,1,37.88,1.41
90,231,278.14,339.02,2,20.00,9.97
90,231,278.14,339.02,3,36.02,20.93
90,231,278.14,339.02,4,3.48,37.53
90,232,314.42,48.90,0,1.87,9.77
90,232,314.42,48.90,1,37.88,1.41
90,232,314.42,48.90,2,20.00,9.97
90,232,314.42,48.90,3,36.02,20.93
90,232,314.42,48.90,4,3.48,37.53
90,233,367.47,279.74,0,1.87,9.77
90,233,367.47,279.74,1,37.88,1.41
90,233,367.47,279.74,2,20.00,9.97
90,233,367.47,279.74,3,36.02,20.93
90,233,367.47,279.74,4,3.48,37.53
90,234,201.05,96.10,0,1.87,9.77
90,234,201.05,96.10,1,37.88,1.41
90,234,201.05,96.10,2,20.00,9.97
90,234,201.05,96.10,3,36.02,20.93
90,234,201.05,96.10,4,3.48,37.53
90,235,207.10,94.03,0,1.87,9.77
90,235,207.10,94.03,1,37.88,1.41
90,235,207.10,94.03,2,20.00,9.97
90,235,207.10,94.03,3,36.02,20.93
90,235,207.10,94.03,4,3.48,37.53
90,236,230.78,96.13,0,1.87,9.77
90,236,230.78,96.13,1,37.88,1.41
90,236,230.78,96.13,2,20.00,9.97
90,236,230.78,96.13,3,36.02,20.93
90,236,230.78,96.13,4,3.48,37.53
90,237,167.05,185.15,0,1.87,9.77
90,237,167.05,185.15,1,37.88,1.41
90,237,167.05,185.15,2,20.00,9.97
90,237,167.05,185.15,3,36.02,20.93
90,237,167.05,185.15,4,3.48,37.53
90,238,33.64,270.41,0,1.87,9.77
90,238,33.64,270.41,1,37.88,1.41
90,238,33.64,270.41,2,20.00,9.97
90,238,33.64,270.41,3,36.02,20.93
90,238,33.64,270.41,4,3.48,37.53
90,239,172.94,134.95,0,1.87,9.77
90,239,172.94,134.95,1,37.88,1.41
90,239,172.94,134.95,2,20.00,9.97
90,239,172.94,134.95,3,36.02,20.93
90,239,172.94,134.95,4,3.48,37.53
90,240,161.34,225.52,0,1.87,9.77
90,240,161.34,225.52,1,37.88,1.41
90,240,161.34,225.52,2,20.00,9.97
90,240,161.34,225.52,3,36.02,20.93
90,240,161.34,225.52,4,3.48,37.53
90,241,379.69,211.83,0,1.87,9.77
90,241,379.69,211.83,1,37.88,1.41
90,241,379.69,211.83,2,20.00,9.97
90,241,379.69,211.83,3,36.02,20.93
90,241,379.69,211.83,4,3.48,37.53
90,242,196.26,224.81,0,1.87,9.77
90,242,196.26,224.81,1,37.88,1.41
90,242,196.26,224.81,2,20.00,9.97
90,242,196.26,224.81,3,36.02,20.93
90,242,196.26,224.81,4,3.48,37.53
90,243,36.38,248.00,0,1.87,9.77
90,243,36.38,248.00,1,37.88,1.41
90,243,36.38,248.00,2,20.00,9.97
90,243,36.38,248.00,3,36.02,20.93
90,243,36.38,248.00,4,3.48,37.53
90,244,198.30,337.22,0,1.87,9.77
90,244,198.30,337.22,1,37.88,1.41
90,244,198.30,337.22,2,20.00,9.97
90,244,198.30,337.22,3,36.02,20.93
90,244,198.30,337.22,4,3.48,37.53
90,245,188.69,177.65,0,1.87,9.77
90,245,188.69,177.65,1,37.88,1.41
90,245,188.69,177.65,2,20.00,9.97
90,245,188.69,177.65,3,36.02,20.93
90,245,188.69,177.65,4,3.48,37.53
90,246,323.18,256.20,0,1.87,9.77
90,246,323.18,256.20,1,37.88,1.41
90,246,323.18,256.20,2,20.00,9.97
90,246,323.18,256.20,3,36.02,20.93
90,246,323.18,256.20,4,3.48,37.53
90,247,79.20,91.37,0,1.87,9.77
90,247,79.20,91.37,1,37.88,1.41
90,247,79.20,91.37,2,20.00,9.97
90,247,79.20,91.37,3,36.02,20.93
90,247,79.20,91.37,4,3.48,37.53
90,248,394.53,340.95,0,1.87,9.77
90,248,394.53,340.95,1,37.88,1.41
90,248,394.53,340.95,2,20.00,9.97
90,248,394.53,340.95,3,36.02,20.93
90,248,394.53,340.95,4,3.48,37.53
90,249,349.62,381.69,0,1.87,9.77
90,249,349.62,381.69,1,37.88,1.41
90,249,349.62,381.69,2,20.00,9.97
90,249,349.62,381.69,3,36.02,20.93
90,249,349.62,381.69,4,3.48,37.53
90,250,214.41,291.42,0,1.87,9.77
90,250,214.41,291.42,1,37.88,1.41
90,250,214.41,291.42,2,20.00,9.97
90,250,214.41,291.42,3,36.02,20.93
90,250,214.41,291.42,4,3.48,37.53
90,251,111.06,285.87,0,1.87,9.77
90,251,111.06,285.87,1,37.88,1.41
90,251,111.06,285.87,2,20.00,9.97
90,251,111.06,285.87,3,36.02,20.93
90,251,111.06,285.87,4,3.48,37.53
90,252,5.95,56.14,0,1.87,9.77
90,252,5.95,56.14,1,37.88,1.41
90,252,5.95,56.14,2,20.00,9.97
90,252,5.95,56.14,3,36.02,20.93
90,252,5.95,56.14,4,3.48,37.53
90,253,309.14,185.50,0,1.87,9.77
90,253,309.14,185.50,1,37.88,1.41
90,253,309.14,185.50,2,20.00,9.97
90,253,309.14,185.50,3,36.02,20.93
90,253,309.14,185.50,4,3.48,37.53
90,254,349.43,117.31,0,1.87,9.77
90,254,349.43,117.31,1,37.88,1.41
90,254,349.43,117.31,2,20.00,9.97
90,254,349.43,117.31,3,36.02,20.93
90,254,349.43,117.31,4,3.48,37.53
90,255,31.46,287.02,0,1.87,9.77
90,255,31.46,287.02,1,37.88,1.41
90,255,31.46,287.02,2,20.00,9.97
90,255,31.46,287.02,3,36.02,20.93
90,255,31.46,287.02,4,3.48,37.53
90,256,59.74,75.61,0,1.87,9.77
90,256,59.74,75.61,1,37.88,1.41
90,256,59.74,75.61,2,20.00,9.97
90,256,59.74,75.61,3,36.02,20.93
90,256,59.74,75.61,4,3.48,37.53
90,257,342.66,164.79,0,1.87,9.77
90,257,342.66,164.79,1,37.88,1.41
90,257,342.66,164.79,2,20.00,9.97
90,257,342.66,164.79,3,36.02,20.93
90,257,342.66,164.79,4,3.48,37.53
90,258,353.07,69.54,0,1.87,9.77
90,258,353.07,69.54,1,37.88,1.41
90,258,353.07,69.54,2,20.00,9.97
90,258,353.07,69.54,3,36.02,20.93
90,258,353.07,69.54,4,3.48,37.53
90,259,74.19,81.62,0,1.87,9.77
90,259,74.19,81.62,1,37.88,1.41
90,259,74.19,81.62,2,20.00,9.97
90,259,74.19,81.62,3,36.02,20.93
90,259,74.19,81.62,4,3.48,37.53
90,260,292.47,382.77,0,1.87,9.77
90,260,292.47,382.77,1,37.88,1.41
90,260,292.47,382.77,2,20.00,9.97
90,260,292.47,382.77,3,36.02,20.93
90,260,292.47,382.77,4,3.48,37.53
90,261,87.88,383.74,0,1.87,9.77
90,261,87.88,383.74,1,37.88,1.41
90,261,87.88,383.74,2,20.00,9.97
90,261,87.88,383.74,3,36.02,20.93
90,261,87.88,383.74,4,3.48,37.53
90,262,141.74,79.89,0,1.87,9.77
90,262,141.74,79.89,1,37.88,1.41
90,262,141.74,79.89,2,20.00,9.97
90,262,141.74,79.89,3,36.02,20.93
90,262,141.74,79.89,4,3.48,37.53
90,263,143.73,60.75,0,1.87,9.77
90,263,143.73,60.75,1,37.88,1.41
90,263,143.73,60.75,2,20.00,9.97
90,263,143.73,60.75,3,36.02,20.93
90,263,143.73,60.75,4,3.48,37.53
90,264,15.06,146.07,0,1.87,9.77
90,264,15.06,146.07,1,37.88,1.41
90,264,15.06,146.07,2,20.00,9.97
90,264,15.06,146.07,3,36.02,20.93
90,264,15.06,146.07,4,3.48,37.53
90,265,237.73,297.92,0,1.87,9.77
90,265,237.73,297.92,1,37.88,1.41
90,265,237.73,297.92,2,20.00,9.97
90,265,237.73,297.92,3,36.02,20.93
90,265,237.73,297.92,4,3.48,37.53
90,266,138.96,284.78,0,1.87,9.77
90,266,138.96,284.78,1,37.88,1.41
90,266,138.96,284.78,2,20.00,9.97
90,266,138.96,284.78,3,36.02,20.93
90,266,138.96,284.78,4,3.48,37.53
90,267,154.36,37.50,0,1.87,9.77
90,267,154.36,37.50,1,37.88,1.41
90,267,154.36,37.50,2,20.00,9.97
90,267,154.36,37.50,3,36.02,20.93
90,267,154.36,37.50,4,3.48,37.53
90,268,165.79,106.79,0,1.87,9.77
90,268,165.79,106.79,1,37.88,1.41
90,268,165.79,106.79,2,20.00,9.97
90,268,165.79,106.79,3,36.02,20.93
90,268,165.79,106.79,4,3.48,37.53
90,269,2.98,162.72,0,1.87,9.77
90,269,2.98,162.72,1,37.88,1.41
90,269,2.98,162.72,2,20.00,9.97
90,269,2.98,162.72,3,36.02,20.93
90,269,2.98,162.72,4,3.48,37.53
90,270,70.61,276.92,0,1.87,9.77
90,270,70.61,276.92,1,37.88,1.41
90,270,70.61,276.92,2,20.00,9.97
90,270,70.61,276.92,3,36.02,20.93
90,270,70.61,276.92,4,3.48,37.53
90,271,7.64,106.76,0,1.87,9.77
90,271,7.64,106.76,1,37.88,1.41
90,271,7.64,106.76,2,20.00,9.97
90,271,7.64,106.76,3,36.02,20.93
90,271,7.64,106.76,4,3.48,37.53
90,272,56.36,291.37,0,1.87,9.77
90,272,56.36,291.37,1,37.88,1.41
90,272,56.36,291.37,2,20.00,9.97
90,272,56.36,291.37,3,36.02,20.93
90,272,56.36,291.37,4,3.48,37.53
90,273,28.17,242.65,0,1.87,9.77
90,273,28.17,242.65,1,37.88,1.41
90,273,28.17,242.65,2,20.00,9.97
90,273,28.17,242.65,3,36.02,20.93
90,273,28.17,242.65,4,3.48,37.53
90,274,99.86,3.27,0,1.87,9.77
90,274,99.86,3.27,1,37.88,1.41
90,274,99.86,3.27,2,20.00,9.97
90,274,99.86,3.27,3,36.02,20.93
90,274,99.86,3.27,4,3.48,37.53
90,275,293.04,223.10,0,1.87,9.77
90,275,293.04,223.10,1,37.88,1.41
90,275,293.04,223.10,2,20.00,9.97
90,275,293.04,223.10,3,36.02,20.93
90,275,293.04,223.10,4,3.48,37.53
90,276,281.31,246.03,0,1.87,9.77
90,276,281.31,246.03,1,37.88,1.41
90,276,281.31,246.03,2,20.00,9.97
90,276,281.31,246.03,3,36.02,20.93
90,276,281.31,246.03,4,3.48,37.53
90,277,256.13,194.74,0,1.87,9.77
90,277,256.13,194.74,1,37.88,1.41
90,277,256.13,194.74,2,20.00,9.97
90,277,256.13,194.74,3,36.02,20.93
90,277,256.13,194.74,4,3.48,37.53
90,278,90.26,392.50,0,1.87,9.77
90,278,90.26,392.50,1,37.88,1.41
90,278,90.26,392.50,2,20.00,9.97
90,278,90.26,392.50,3,36.02,20.93
90,278,90.26,392.50,4,3.48,37.53
90,279,241.95,377.89,0,1.87,9.77
90,279,241.95,377.89,1,37.88,1.41
90,279,241.95,377.89,2,20.00,9.97
90,279,241.95,377.89,3,36.02,20.93
90,279,241.95,377.89,4,3.48,37.53
90,280,355.94,206.06,0,1.87,9.77
90,280,355.94,206.06,1,37.88,1.41
90,280,355.94,206.06,2,20.00,9.97
90,280,355.94,206.06,3,36.02,20.93
90,280,355.94,206.06,4,3.48,37.53
90,281,203.66,38.86,0,1.87,9.77
90,281,203.66,38.86,1,37.88,1.41
90,281,203.66,38.86,2,20.00,9.97
90,281,203.66,38.86,3,36.02,20.93
90,281,203.66,38.86,4,3.48,37.53
90,282,318.63,172.12,0,1.87,9.77
90,282,318.63,172.12,1,37.88,1.41
90,282,318.63,172.12,2,20.00,9.97
90,282,318.63,172.12,3,36.02,20.93
90,282,318.63,172.12,4,3.48,37.53
90,283,306.73,156.40,0,1.87,9.77
90,283,306.73,156.40,1,37.88,1.41
90,283,306.73,156.40,2,20.00,9.97
90,283,306.73,156.40,3,36.02,20.93
90,283,306.73,156.40,4,3.48,37.53
90,284,190.98,95.64,0,1.87,9.77
90,284,190.98,95.64,1,37.88,1.41
90,284,190.98,95.64,2,20.00,9.97
90,284,190.98,95.64,3,36.02,20.93
90,284,190.98,95.64,4,3.48,37.53
90,285,225.41,350.85,0,1.87,9.77
90,285,225.41,350.85,1,37.88,1.41
90,285,225.41,350.85,2,20.00,9.97
90,285,225.41,350.85,3,36.02,20.93
90,285,225.41,350.85,4,3.48,37.53
90,286,264.50,323.19,0,1.87,9.77
90,286,264.50,323.19,1,37.88,1.41
90,286,264.50,323.19,2,20.00,9.97
90,286,264.50,323.19,3,36.02,20.93
90,286,264.50,323.19,4,3.48,37.53
90,287,365.86,172.30,0,1.87,9.77
90,287,365.86,172.30,1,37.88,1.41
90,287,365.86,172.30,2,20.00,9.97
90,287,365.86,172.30,3,36.02,20.93
90,287,365.86,172.30,4,3.48,37.53
90,288,115.18,6.55,0,1.87,9.77
90,288,115.18,6.55,1,37.88,1.41
90,288,115.18,6.55,2,20.00,9.97
90,288,115.18,6.55,3,36.02,20.93
90,288,115.18,6.55,4,3.48,37.53
90,289,74.30,316.19,0,1.87,9.77
90,289,74.30,316.19,1,37.88,1.41
90,289,74.30,316.19,2,20.00,9.97
90,289,74.30,316.19,3,36.02,20.93
90,289,74.30,316.19,4,3.48,37.53
90,290,285.29,279.42,0,1.87,9.77
90,290,285.29,279.42,1,37.88,1.41
90,290,285.29,279.42,2,20.00,9.97
90,290,285.29,279.42,3,36.02,20.93
90,290,285.29,279.42,4,3.48,37.53
90,291,73.19,12.32,0,1.87,9.77
90,291,73.19,12.32,1,37.88,1.41
90,291,73.19,12.32,2,20.00,9.97
90,291,73.19,12.32,3,36.02,20.93
90,291,73.19,12.32,4,3.48,37.53
90,292,269.78,294.14,0,1.87,9.77
90,292,269.78,294.14,1,37.88,1.41
90,292,269.78,294.14,2,20.00,9.97
90,292,269.78,294.14,3,36.02,20.93
90,292,269.78,294.14,4,3.48,37.53
90,293,195.34,132.12,0,1.87,9.77
90,293,195.34,132.12,1,37.88,1.41
90,293,195.34,132.12,2,20.00,9.97
90,293,195.34,132.12,3,36.02,20.93
90,293,195.34,132.12,4,3.48,37.53
90,294,115.86,347.11,0,1.87,9.77
90,294,115.86,347.11,1,37.88,1.41
90,294,115.86,347.11,2,20.00,9.97
90,294,115.86,347.11,3,36.02,20.93
90,294,115.86,347.11,4,3.48,37.53
90,295,350.38,196.99,0,1.87,9.77
90,295,350.38,196.99,1,37.88,1.41
90,295,350.38,196.99,2,20.00,9.97
90,295,350.38,196.99,3,36.02,20.93
90,295,350.38,196.99,4,3.48,37.53
90,296,323.24,41.36,0,1.87,9.77
90,296,323.24,41.36,1,37.88,1.41
90,296,323.24,41.36,2,20.00,9.97
90,296,323.24,41.36,3,36.02,20.93
90,296,323.24,41.36,4,3.48,37.53
90,297,369.79,108.63,0,1.87,9.77
90,297,369.79,108.63,1,37.88,1.41
90,297,369.79,108.63,2,20.00,9.97
90,297,369.79,108.63,3,36.02,20.93
90,297,369.79,108.63,4,3.48,37.53
90,298,332.04,48.11,0,1.87,9.77
90,298,332.04,48.11,1,37.88,1.41
90,298,332.04,48.11,2,20.00,9.97
90,298,332.04,48.11,3,36.02,20.93
90,298,332.04,48.11,4,3.48,37.53
90,299,29.23,120.73,0,1.87,9.77
90,299,29.23,120.73,1,37.88,1.41
90,299,29.23,120.73,2,20.00,9.97
90,299,29.23,120.73,3,36.02,20.93
90,299,29.23,120.73,4,3.48,37.53
90,300,213.32,341.30,0,1.87,9.77
90,300,213.32,341.30,1,37.88,1.41
90,300,213.32,341.30,2,20.00,9.97
90,300,213.32,341.30,3,36.02,20.93
90,300,213.32,341.30,4,3.48,37.53
100,1,223.38,103.42,0,2.56,10.55
100,1,223.38,103.42,1,37.88,1.41
100,1,223.38,103.42,2,20.00,9.97
100,1,223.38,103.42,3,36.31,20.28
100,1,223.38,103.42,4,3.48,37.53
100,2,28.80,73.33,0,2.56,10.55
100,2,28.80,73.33,1,37.88,1.41
100,2,28.80,73.33,2,20.00,9.97
100,2,28.80,73.33,3,36.31,20.28
100,2,28.80,73.33,4,3.48,37.53
100,3,184.44,272.06,0,2.56,10.55
100,3,184.44,272.06,1,37.88,1.41
100,3,184.44,272.06,2,20.00,9.97
100,3,184.44,272.06,3,36.31,20.28
100,3,184.44,272.06,4,3.48,37.53
100,4,236.07,92.99,0,2.56,10.55
100,4,236.07,92.99,1,37.88,1.41
100,4,236.07,92.99,2,20.00,9.97
100,4,236.07,92.99,3,36.31,20.28
100,4,236.07,92.99,4,3.48,37.53
100,5,16.28,318.59,0,2.56,10.55
100,5,16.28,318.59,1,37.88,1.41
100,5,16.28,318.59,2,20.00,9.97
100,5,16.28,318.59,3,36.31,20.28
100,5,16.28,318.59,4,3.48,37.53
100,6,85.78,280.66,0,2.56,10.55
100,6,85.78,280.66,1,37.88,1.41
100,6,85.78,280.66,2,20.00,9.97
100,6,85.78,280.66,3,36.31,20.28
100,6,85.78,280.66,4,3.48,37.53
100,7,78.00,96.93,0,2.56,10.55
100,7,78.00,96.93,1,37.88,1.41
100,7,78.00,96.93,2,20.00,9.97
100,7,78.00,96.93,3,36.31,20.28
100,7,78.00,96.93,4,3.48,37.53
100,8,157.97,379.95,0,2.56,10.55
100,8,157.97,379.95,1,37.88,1.41
100,8,157.97,379.95,2,20.00,9.97
100,8,157.97,379.95,3,36.31,20.28
100,8,157.97,379.95,4,3.48,37.53
100,9,252.36,208.49,0,2.56,10.55
100,9,252.36,208.49,1,37.88,1.41
100,9,252.36,208.49,2,20.00,9.97
100,9,252.36,208.49,3,36.31,20.28
100,9,252.36,208.49,4,3.48,37.53
100,10,380.37,175.83,0,2.56,10.55
100,10,380.37,175.83,1,37.88,1.41
100,10,380.37,175.83,2,20.00,9.97
100,10,380.37,175.83,3,36.31,20.28
100,10,380.37,175.83,4,3.48,37.53
100,11,154.98,121.33,0,2.56,10.55
100,11,154.98,121.33,1,37.88,1.41
100,11,154.98,121.33,2,20.00,9.97
100,11,154.98,121.33,3,36.31,20.28
100,11,154.98,121.33,4,3.48,37.53
100,12,220.62,83.93,0,2.56,10.55
100,12,220.62,83.93,1,37.88,1.41
100,12,220.62,83.93,2,20.00,9.97
100,12,220.62,83.93,3,36.31,20.28
100,12,220.62,83.93,4,3.48,37.53
100,13,140.30,79.77,0,2.56,10.55
100,13,140.30,79.77,1,37.88,1.41
100,13,140.30,79.77,2,20.00,9.97
100,13,140.30,79.77,3,36.31,20.28
100,13,140.30,79.77,4,3.48,37.53
100,14,15.60,377.08,0,2.56,10.55
100,14,15.60,377.08,1,37.88,1.41
100,14,15.60,377.08,2,20.00,9.97
100,14,15.60,377.08,3,36.31,20.28
100,14,15.60,377.08,4,3.48,37.53
100,15,6.50,323.53,0,2.56,10.55
100,15,6.50,323.53,1,37.88,1.41
100,15,6.50,323.53,2,20.00,9.97
100,15,6.50,323.53,3,36.31,20.28
100,15,6.50,323.53,4,3.48,37.53
100,16,327.94,297.55,0,2.56,10.55
100,16,327.94,297.55,1,37.88,1.41
100,16,327.94,297.55,2,20.00,9.97
100,16,327.94,297.55,3,36.31,20.28
100,16,327.94,297.55,4,3.48,37.53
100,17,379.43,189.07,0,2.56,10.55
100,17,379.43,189.07,1,37.88,1.41
100,17,379.43,189.07,2,20.00,9.97
100,17,379.43,189.07,3,36.31,20.28
100,17,379.43,189.07,4,3.48,37.53
100,18,194.73,361.90,0,2.56,10.55
100,18,194.73,361.90,1,37.88,1.41
100,18,194.73,361.90,2,20.00,9.97
100,18,194.73,361.90,3,36.31,20.28
100,18,194.73,361.90,4,3.48,37.53
100,19,74.06,326.97,0,2.56,10.55
100,19,74.06,326.97,1,37.88,1.41
100,19,74.06,326.97,2,20.00,9.97
100,19,74.06,326.97,3,36.31,20.28
100,19,74.06,326.97,4,3.48,37.53
100,20,212.86,376.66,0,2.56,10.55
100,20,212.86,376.66,1,37.88,1.41
100,20,212.86,376.66,2,20.00,9.97
100,20,212.86,376.66,3,36.31,20.28
100,20,212.86,376.66,4,3.48,37.53
100,21,382.86,124.92,0,2.56,10.55
100,21,382.86,124.92,1,37.88,1.41
100,21,382.86,124.92,2,20.00,9.97
100,21,382.86,124.92,3,36.31,20.28
100,21,382.86,124.92,4,3.48,37.53
100,22,272.30,365.08,0,2.56,10.55
100,22,272.30,365.08,1,37.88,1.41
100,22,272.30,365.08,2,20.00,9.97
100,22,272.30,365.08,3,36.31,20.28
100,22,272.30,365.08,4,3.48,37.53
100,23,346.25,269.84,0,2.56,10.55
100,23,346.25,269.84,1,37.88,1.41
100,23,346.25,269.84,2,20.00,9.97
100,23,346.25,269.84,3,36.31,20.28
100,23,346.25,269.84,4,3.48,37.53
100,24,134.39,54.42,0,2.56,10.55
100,24,134.39,54.42,1,37.88,1.41
100,24,134.39,54.42,2,20.00,9.97
100,24,134.39,54.42,3,36.31,20.28
100,24,134.39,54.42,4,3.48,37.53
100,25,74.05,358.94,0,2.56,10.55
100,25,74.05,358.94,1,37.88,1.41
100,25,74.05,358.94,2,20.00,9.97
100,25,74.05,358.94,3,36.31,20.28
100,25,74.05,358.94,4,3.48,37.53
100,26,297.91,16.59,0,2.56,10.55
100,26,297.91,16.59,1,37.88,1.41
100,26,297.91,16.59,2,20.00,9.97
100,26,297.91,16.59,3,36.31,20.28
100,26,297.91,16.59,4,3.48,37.53
100,27,225.22,85.78,0,2.56,10.55
100,27,225.22,85.78,1,37.88,1.41
100,27,225.22,85.78,2,20.00,9.97
100,27,225.22,85.78,3,36.31,20.28
100,27,225.22,85.78,4,3.48,37.53
100,28,382.80,360.39,0,2.56,10.55
100,28,382.80,360.39,1,37.88,1.41
100,28,382.80,360.39,2,20.00,9.97
100,28,382.80,360.39,3,36.31,20.28
100,28,382.80,360.39,4,3.48,37.53
100,29,147.48,251.91,0,2.56,10.55
100,29,147.48,251.91,1,37.88,1.41
100,29,147.48,251.91,2,20.00,9.97
100,29,147.48,251.91,3,36.31,20.28
100,29,147.48,251.91,4,3.48,37.53
100,30,365.31,199.84,0,2.56,10.55
100,30,365.31,199.84,1,37.88,1.41
100,30,365.31,199.84,2,20.00,9.97
100,30,365.31,199.84,3,36.31,20.28
100,30,365.31,199.84,4,3.48,37.53
100,31,191.92,30.45,0,2.56,10.55
100,31,191.92,30.45,1,37.88,1.41
100,31,191.92,30.45,2,20.00,9.97
100,31,191.92,30.45,3,36.31,20.28
100,31,191.92,30.45,4,3.48,37.53
100,32,229.71,65.45,0,2.56,10.55
100,32,229.71,65.45,1,37.88,1.41
100,32,229.71,65.45,2,20.00,9.97
100,32,229.71,65.45,3,36.31,20.28
100,32,229.71,65.45,4,3.48,37.53
100,33,41.43,266.97,0,2.56,10.55
100,33,41.43,266.97,1,37.88,1.41
100,33,41.43,266.97,2,20.00,9.97
100,33,41.43,266.97,3,36.31,20.28
100,33,41.43,266.97,4,3.48,37.53
100,34,175.42,100.52,0,2.56,10.55
100,34,175.42,100.52,1,37.88,1.41
100,34,175.42,100.52,2,20.00,9.97
100,34,175.42,100.52,3,36.31,20.28
100,34,175.42,100.52,4,3.48,37.53
100,35,316.93,211.90,0,2.56,10.55
100,35,316.93,211.90,1,37.88,1.41
100,35,316.93,211.90,2,20.00,9.97
100,35,316.93,211.90,3,36.31,20.28
100,35,316.93,211.90,4,3.48,37.53
100,36,102.88,319.93,0,2.56,10.55
100,36,102.88,319.93,1,37.88,1.41
100,36,102.88,319.93,2,20.00,9.97
100,36,102.88,319.93,3,36.31,20.28
100,36,102.88,319.93,4,3.48,37.53
100,37,304.42,286.45,0,2.56,10.55
100,37,304.42,286.45,1,37.88,1.41
100,37,304.42,286.45,2,20.00,9.97
100,37,304.42,286.45,3,36.31,20.28
100,37,304.42,286.45,4,3.48,37.53
100,38,127.05,241.18,0,2.56,10.55
100,38,127.05,241.18,1,37.88,1.41
100,38,127.05,241.18,2,20.00,9.97
100,38,127.05,241.18,3,36.31,20.28
100,38,127.05,241.18,4,3.48,37.53
100,39,110.45,204.23,0,2.56,10.55
100,39,110.45,204.23,1,37.88,1.41
100,39,110.45,204.23,2,20.00,9.97
100,39,110.45,204.23,3,36.31,20.28
100,39,110.45,204.23,4,3.48,37.53
100,40,276.97,100.70,0,2.56,10.55
100,40,276.97,100.70,1,37.88,1.41
100,40,276.97,100.70,2,20.00,9.97
100,40,276.97,100.70,3,36.31,20.28
100,40,276.97,100.70,4,3.48,37.53
100,41,252.69,306.79,0,2.56,10.55
100,41,252.69,306.79,1,37.88,1.41
100,41,252.69,306.79,2,20.00,9.97
100,41,252.69,306.79,3,36.31,20.28
100,41,252.69,306.79,4,3.48,37.53
100,42,354.63,241.69,0,2.56,10.55
100,42,354.63,241.69,1,37.88,1.41
100,42,354.63,241.69,2,20.00,9.97
100,42,354.63,241.69,3,36.31,20.28
100,42,354.63,241.69,4,3.48,37.53
100,43,214.08,69.07,0,2.56,10.55
100,43,214.08,69.07,1,37.88,1.41
100,43,214.08,69.07,2,20.00,9.97
100,43,214.08,69.07,3,36.31,20.28
100,43,214.08,69.07,4,3.48,37.53
100,44,351.13,212.12,0,2.56,10.55
100,44,351.13,212.12,1,37.88,1.41
100,44,351.13,212.12,2,20.00,9.97
100,44,351.13,212.12,3,36.31,20.28
100,44,351.13,212.12,4,3.48,37.53
100,45,221.15,93.93,0,2.56,10.55
100,45,221.15,93.93,1,37.88,1.41
100,45,221.15,93.93,2,20.00,9.97
100,45,221.15,93.93,3,36.31,20.28
100,45,221.15,93.93,4,3.48,37.53
100,46,78.24,376.27,0,2.56,10.55
100,46,78.24,376.27,1,37.88,1.41
100,46,78.24,376.27,2,20.00,9.97
100,46,78.24,376.27,3,36.31,20.28
100,46,78.24,376.27,4,3.48,37.53
100,47,58.65,297.52,0,2.56,10.55
100,47,58.65,297.52,1,37.88,1.41
100,47,58.65,297.52,2,20.00,9.97
100,47,58.65,297.52,3,36.31,20.28
100,47,58.65,297.52,4,3.48,37.53
100,48,341.65,202.44,0,2.56,10.55
100,48,341.65,202.44,1,37.88,1.41
100,48,341.65,202.44,2,20.00,9.97
100,48,341.65,202.44,3,36.31,20.28
100,48,341.65,202.44,4,3.48,37.53
100,49,193.91,135.96,0,2.56,10.55
100,49,193.91,135.96,1,37.88,1.41
100,49,193.91,135.96,2,20.00,9.97
100,49,193.91,135.96,3,36.31,20.28
100,49,193.91,135.96,4,3.48,37.53
100,50,301.86,321.18,0,2.56,10.55
100,50,301.86,321.18,1,37.88,1.41
100,50,301.86,321.18,2,20.00,9.97
100,50,301.86,321.18,3,36.31,20.28
100,50,301.86,321.18,4,3.48,37.53
100,51,29.16,363.56,0,2.56,10.55
100,51,29.16,363.56,1,37.88,1.41
100,51,29.16,363.56,2,20.00,9.97
100,51,29.16,363.56,3,36.31,20.28
100,51,29.16,363.56,4,3.48,37.53
100,52,203.11,104.46,0,2.56,10.55
100,52,203.11,104.46,1,37.88,1.41
100,52,203.11,104.46,2,20.00,9.97
100,52,203.11,104.46,3,36.31,20.28
100,52,203.11,104.46,4,3.48,37.53
100,53,264.88,244.79,0,2.56,10.55
100,53,264.88,244.79,1,37.88,1.41
100,53,264.88,244.79,2,20.00,9.97
100,53,264.88,244.79,3,36.31,20.28
100,53,264.88,244.79,4,3.48,37.53
100,54,340.40,28.23,0,2.56,10.55
100,54,340.40,28.23,1,37.88,1.41
100,54,340.40,28.23,2,20.00,9.97
100,54,340.40,28.23,3,36.31,20.28
100,54,340.40,28.23,4,3.48,37.53
100,55,264.83,253.58,0,2.56,10.55
100,55,264.83,253.58,1,37.88,1.41
100,55,264.83,253.58,2,20.00,9.97
100,55,264.83,253.58,3,36.31,20.28
100,55,264.83,253.58,4,3.48,37.53
100,56,308.08,167.73,0,2.56,10.55
100,56,308.08,167.73,1,37.88,1.41
100,56,308.08,167.73,2,20.00,9.97
100,56,308.08,167.73,3,36.31,20.28
100,56,308.08,167.73,4,3.48,37.53
100,57,97.11,186.41,0,2.56,10.55
100,57,97.11,186.41,1,37.88,1.41
100,57,97.11,186.41,2,20.00,9.97
100,57,97.11,186.41,3,36.31,20.28
100,57,97.11,186.41,4,3.48,37.53
100,58,346.11,198.02,0,2.56,10.55
100,58,346.11,198.02,1,37.88,1.41
100,58,346.11,198.02,2,20.00,9.97
100,58,346.11,198.02,3,36.31,20.28
100,58,346.11,198.02,4,3.48,37.53
100,59,57.63,139.11,0,2.56,10.55
100,59,57.63,139.11,1,37.88,1.41
100,59,57.63,139.11,2,20.00,9.97
100,59,57.63,139.11,3,36.31,20.28
100,59,57.63,139.11,4,3.48,37.53
100,60,170.48,268.35,0,2.56,10.55
100,60,170.48,268.35,1,37.88,1.41
100,60,170.48,268.35,2,20.00,9.97
100,60,170.48,268.35,3,36.31,20.28
100,60,170.48,268.35,4,3.48,37.53
100,61,26.88,135.88,0,2.56,10.55
100,61,26.88,135.88,1,37.88,1.41
100,61,26.88,135.88,2,20.00,9.97
100,61,26.88,135.88,3,36.31,20.28
100,61,26.88,135.88,4,3.48,37.53
100,62,41.17,375.05,0,2.56,10.55
100,62,41.17,375.05,1,37.88,1.41
100,62,41.17,375.05,2,20.00,9.97
100,62,41.17,375.05,3,36.31,20.28
100,62,41.17,375.05,4,3.48,37.53
100,63,115.80,177.65,0,2.56,10.55
100,63,115.80,177.65,1,37.88,1.41
100,63,115.80,177.65,2,20.00,9.97
100,63,115.80,177.65,3,36.31,20.28
100,63,115.80,177.65,4,3.48,37.53
100,64,338.32,37.26,0,2.56,10.55
100,64,338.32,37.26,1,37.88,1.41
100,64,338.32,37.26,2,20.00,9.97
100,64,338.32,37.26,3,36.31,20.28
100,64,338.32,37.26,4,3.48,37.53
100,65,335.63,274.14,0,2.56,10.55
100,65,335.63,274.14,1,37.88,1.41
100,65,335.63,274.14,2,20.00,9.97
100,65,335.63,274.14,3,36.31,20.28
100,65,335.63,274.14,4,3.48,37.53
100,66,105.24,382.62,0,2.56,10.55
100,66,105.24,382.62,1,37.88,1.41
100,66,105.24,382.62,2,20.00,9.97
100,66,105.24,382.62,3,36.31,20.28
100,66,105.24,382.62,4,3.48,37.53
100,67,40.84,226.88,0,2.56,10.55
100,67,40.84,226.88,1,37.88,1.41
100,67,40.84,226.88,2,20.00,9.97
100,67,40.84,226.88,3,36.31,20.28
100,67,40.84,226.88,4,3.48,37.53
100,68,237.01,316.74,0,2.56,10.55
100,68,237.01,316.74,1,37.88,1.41
100,68,237.01,316.74,2,20.00,9.97
100,68,237.01,316.74,3,36.31,20.28
100,68,237.01,316.74,4,3.48,37.53
100,69,369.24,363.83,0,2.56,10.55
100,69,369.24,363.83,1,37.88,1.41
100,69,369.24,363.83,2,20.00,9.97
100,69,369.24,363.83,3,36.31,20.28
100,69,369.24,363.83,4,3.48,37.53
100,70,213.00,82.67,0,2.56,10.55
100,70,213.00,82.67,1,37.88,1.41
100,70,213.00,82.67,2,20.00,9.97
100,70,213.00,82.67,3,36.31,20.28
100,70,213.00,82.67,4,3.48,37.53
100,71,39.54,368.91,0,2.56,10.55
100,71,39.54,368.91,1,37.88,1.41
100,71,39.54,368.91,2,20.00,9.97
100,71,39.54,368.91,3,36.31,20.28
100,71,39.54,368.91,4,3.48,37.53
100,72,23.38,386.08,0,2.56,10.55
100,72,23.38,386.08,1,37.88,1.41
100,72,23.38,386.08,2,20.00,9.97
100,72,23.38,386.08,3,36.31,20.28
100,72,23.38,386.08,4,3.48,37.53
100,73,362.90,146.03,0,2.56,10.55
100,73,362.90,146.03,1,37.88,1.41
100,73,362.90,146.03,2,20.00,9.97
100,73,362.90,146.03,3,36.31,20.28
100,73,362.90,146.03,4,3.48,37.53
100,74,222.66,68.01,0,2.56,10.55
100,74,222.66,68.01,1,37.88,1.41
100,74,222.66,68.01,2,20.00,9.97
100,74,222.66,68.01,3,36.31,20.28
100,74,222.66,68.01,4,3.48,37.53
100,75,192.38,87.20,0,2.56,10.55
100,75,192.38,87.20,1,37.88,1.41
100,75,192.38,87.20,2,20.00,9.97
100,75,192.38,87.20,3,36.31,20.28
100,75,192.38,87.20,4,3.48,37.53
100,76,352.30,98.92,0,2.56,10.55
100,76,352.30,98.92,1,37.88,1.41
100,76,352.30,98.92,2,20.00,9.97
100,76,352.30,98.92,3,36.31,20.28
100,76,352.30,98.92,4,3.48,37.53
100,77,94.85,171.17,0,2.56,10.55
100,77,94.85,171.17,1,37.88,1.41
100,77,94.85,171.17,2,20.00,9.97
100,77,94.85,171.17,3,36.31,20.28
100,77,94.85,171.17,4,3.48,37.53
100,78,192.83,395.46,0,2.56,10.55
100,78,192.83,395.46,1,37.88,1.41
100,78,192.83,395.46,2,20.00,9.97
100,78,192.83,395.46,3,36.31,20.28
100,78,192.83,395.46,4,3.48,37.53
100,79,357.76,214.54,0,2.56,10.55
100,79,357.76,214.54,1,37.88,1.41
100,79,357.76,214.54,2,20.00,9.97
100,79,357.76,214.54,3,36.31,20.28
100,79,357.76,214.54,4,3.48,37.53
100,80,363.40,192.22,0,2.56,10.55
100,80,363.40,192.22,1,37.88,1.41
100,80,363.40,192.22,2,20.00,9.97
100,80,363.40,192.22,3,36.31,20.28
100,80,363.40,192.22,4,3.48,37.53
100,81,258.80,349.23,0,2.56,10.55
100,81,258.80,349.23,1,37.88,1.41
100,81,258.80,349.23,2,20.00,9.97
100,81,258.80,349.23,3,36.31,20.28
100,81,258.80,349.23,4,3.48,37.53
100,82,324.31,104.90,0,2.56,10.55
100,82,324.31,104.90,1,37.88,1.41
100,82,324.31,104.90,2,20.00,9.97
100,82,324.31,104.90,3,36.31,20.28
100,82,324.31,104.90,4,3.48,37.53
100,83,158.25,26.24,0,2.56,10.55
100,83,158.25,26.24,1,37.88,1.41
100,83,158.25,26.24,2,20.00,9.97
100,83,158.25,26.24,3,36.31,20.28
100,83,158.25,26.24,4,3.48,37.53
100,84,223.43,292.80,0,2.56,10.55
100,84,223.43,292.80,1,37.88,1.41
100,84,223.43,292.80,2,20.00,9.97
100,84,223.43,292.80,3,36.31,20.28
100,84,223.43,292.80,4,3.48,37.53
100,85,362.23,114.14,0,2.56,10.55
100,85,362.23,114.14,1,37.88,1.41
100,85,362.23,114.14,2,20.00,9.97
100,85,362.23,114.14,3,36.31,20.28
100,85,362.23,114.14,4,3.48,37.53
100,86,10.92,132.63,0,2.56,10.55
100,86,10.92,132.63,1,37.88,1.41
100,86,10.92,132.63,2,20.00,9.97
100,86,10.92,132.63,3,36.31,20.28
100,86,10.92,132.63,4,3.48,37.53
100,87,384.07,40.13,0,2.56,10.55
100,87,384.07,40.13,1,37.88,1.41
100,87,384.07,40.13,2,20.00,9.97
100,87,384.07,40.13,3,36.31,20.28
100,87,384.07,40.13,4,3.48,37.53
100,88,190.07,297.23,0,2.56,10.55
100,88,190.07,297.23,1,37.88,1.41
100,88,190.07,297.23,2,20.00,9.97
100,88,190.07,297.23,3,36.31,20.28
100,88,190.07,297.23,4,3.48,37.53
100,89,320.52,57.16,0,2.56,10.55
100,89,320.52,57.16,1,37.88,1.41
100,89,320.52,57.16,2,20.00,9.97
100,89,320.52,57.16,3,36.31,20.28
100,89,320.52,57.16,4,3.48,37.53
100,90,189.60,41.78,0,2.56,10.55
100,90,189.60,41.78,1,37.88,1.41
100,90,189.60,41.78,2,20.00,9.97
100,90,189.60,41.78,3,36.31,20.28
100,90,189.60,41.78,4,3.48,37.53
100,92,252.08,84.50,0,2.56,10.55
100,92,252.08,84.50,1,37.88,1.41
100,92,252.08,84.50,2,20.00,9.97
100,92,252.08,84.50,3,36.31,20.28
100,92,252.08,84.50,4,3.48,37.53
100,93,232.04,77.54,0,2.56,10.55
100,93,232.04,77.54,1,37.88,1.41
100,93,232.04,77.54,2,20.00,9.97
100,93,232.04,77.54,3,36.31,20.28
100,93,232.04,77.54,4,3.48,37.53
100,94,38.17,361.79,0,2.56,10.55
100,94,38.17,361.79,1,37.88,1.41
100,94,38.17,361.79,2,20.00,9.97
100,94,38.17,361.79,3,36.31,20.28
100,94,38.17,361.79,4,3.48,37.53
100,95,323.63,150.24,0,2.56,10.55
100,95,323.63,150.24,1,37.88,1.41
100,95,323.63,150.24,2,20.00,9.97
100,95,323.63,150.24,3,36.31,20.28
100,95,323.63,150.24,4,3.48,37.53
100,96,81.30,192.30,0,2.56,10.55
100,96,81.30,192.30,1,37.88,1.41
100,96,81.30,192.30,2,20.00,9.97
100,96,81.30,192.30,3,36.31,20.28
100,96,81.30,192.30,4,3.48,37.53
100,97,254.64,178.27,0,2.56,10.55
100,97,254.64,178.27,1,37.88,1.41
100,97,254.64,178.27,2,20.00,9.97
100,97,254.64,178.27,3,36.31,20.28
100,97,254.64,178.27,4,3.48,37.53
100,98,311.12,18.26,0,2.56,10.55
100,98,311.12,18.26,1,37.88,1.41
100,98,311.12,18.26,2,20.00,9.97
100,98,311.12,18.26,3,36.31,20.28
100,98,311.12,18.26,4,3.48,37.53
100,99,372.59,162.84,0,2.56,10.55
100,99,372.59,162.84,1,37.88,1.41
100,99,372.59,162.84,2,20.00,9.97
100,99,372.59,162.84,3,36.31,20.28
100,99,372.59,162.84,4,3.48,37.53
100,100,372.06,186.34,0,2.56,10.55
100,100,372.06,186.34,1,37.88,1.41
100,100,372.06,186.34,2,20.00,9.97
100,100,372.06,186.34,3,36.31,20.28
100,100,372.06,186.34,4,3.48,37.53
100,101,371.43,15.12,0,2.56,10.55
100,101,371.43,15.12,1,37.88,1.41
100,101,371.43,15.12,2,20.00,9.97
100,101,371.43,15.12,3,36.31,20.28
100,101,371.43,15.12,4,3.48,37.53
100,102,64.29,193.24,0,2.56,10.55
100,102,64.29,193.24,1,37.88,1.41
100,102,64.29,193.24,2,20.00,9.97
100,102,64.29,193.24,3,36.31,20.28
100,102,64.29,193.24,4,3.48,37.53
100,103,131.19,391.32,0,2.56,10.55
100,103,131.19,391.32,1,37.88,1.41
100,103,131.19,391.32,2,20.00,9.97
100,103,131.19,391.32,3,36.31,20.28
100,103,131.19,391.32,4,3.48,37.53
100,104,328.52,14.15,0,2.56,10.55
100,104,328.52,14.15,1,37.88,1.41
100,104,328.52,14.15,2,20.00,9.97
100,104,328.52,14.15,3,36.31,20.28
100,104,328.52,14.15,4,3.48,37.53
100,105,48.34,357.23,0,2.56,10.55
100,105,48.34,357.23,1,37.88,1.41
100,105,48.34,357.23,2,20.00,9.97
100,105,48.34,357.23,3,36.31,20.28
100,105,48.34,357.23,4,3.48,37.53
100,106,65.44,240.01,0,2.56,10.55
100,106,65.44,240.01,1,37.88,1.41
100,106,65.44,240.01,2,20.00,9.97
100,106,65.44,240.01,3,36.31,20.28
100,106,65.44,240.01,4,3.48,37.53
100,107,225.71,118.89,0,2.56,10.55
100,107,225.71,118.89,1,37.88,1.41
100,107,225.71,118.89,2,20.00,9.97
100,107,225.71,118.89,3,36.31,20.28
100,107,225.71,118.89,4,3.48,37.53
100,108,3.97,39.85,0,2.56,10.55
100,108,3.97,39.85,1,37.88,1.41
100,108,3.97,39.85,2,20.00,9.97
100,108,3.97,39.85,3,36.31,20.28
100,108,3.97,39.85,4,3.48,37.53
100,109,77.63,298.98,0,2.56,10.55
100,109,77.63,298.98,1,37.88,1.41
100,109,77.63,298.98,2,20.00,9.97
100,109,77.63,298.98,3,36.31,20.28
100,109,77.63,298.98,4,3.48,37.53
100,110,136.25,327.75,0,2.56,10.55
100,110,136.25,327.75,1,37.88,1.41
100,110,136.25,327.75,2,20.00,9.97
100,110,136.25,327.75,3,36.31,20.28
100,110,136.25,327.75,4,3.48,37.53
100,111,359.86,41.06,0,2.56,10.55
100,111,359.86,41.06,1,37.88,1.41
100,111,359.86,41.06,2,20.00,9.97
100,111,359.86,41.06,3,36.31,20.28
100,111,359.86,41.06,4,3.48,37.53
100,112,161.69,99.10,0,2.56,10.55
100,112,161.69,99.10,1,37.88,1.41
100,112,161.69,99.10,2,20.00,9.97
100,112,161.69,99.10,3,36.31,20.28
100,112,161.69,99.10,4,3.48,37.53
100,113,122.34,131.38,0,2.56,10.55
100,113,122.34,131.38,1,37.88,1.41
100,113,122.34,131.38,2,20.00,9.97
100,113,122.34,131.38,3,36.31,20.28
100,113,122.34,131.38,4,3.48,37.53
100,114,145.87,14.14,0,2.56,10.55
100,114,145.87,14.14,1,37.88,1.41
100,114,145.87,14.14,2,20.00,9.97
100,114,145.87,14.14,3,36.31,20.28
100,114,145.87,14.14,4,3.48,37.53
100,115,380.08,239.08,0,2.56,10.55
100,115,380.08,239.08,1,37.88,1.41
100,115,380.08,239.08,2,20.00,9.97
100,115,380.08,239.08,3,36.31,20.28
100,115,380.08,239.08,4,3.48,37.53
100,116,204.96,153.83,0,2.56,10.55
100,116,204.96,153.83,1,37.88,1.41
100,116,204.96,153.83,2,20.00,9.97
100,116,204.96,153.83,3,36.31,20.28
100,116,204.96,153.83,4,3.48,37.53
100,117,346.13,103.15,0,2.56,10.55
100,117,346.13,103.15,1,37.88,1.41
100,117,346.13,103.15,2,20.00,9.97
100,117,346.13,103.15,3,36.31,20.28
100,117,346.13,103.15,4,3.48,37.53
100,118,105.91,217.27,0,2.56,10.55
100,118,105.91,217.27,1,37.88,1.41
100,118,105.91,217.27,2,20.00,9.97
100,118,105.91,217.27,3,36.31,20.28
100,118,105.91,217.27,4,3.48,37.53
100,119,312.13,94.27,0,2.56,10.55
100,119,312.13,94.27,1,37.88,1.41
100,119,312.13,94.27,2,20.00,9.97
100,119,312.13,94.27,3,36.31,20.28
100,119,312.13,94.27,4,3.48,37.53
100,120,180.65,245.86,0,2.56,10.55
100,120,180.65,245.86,1,37.88,1.41
100,120,180.65,245.86,2,20.00,9.97
100,120,180.65,245.86,3,36.31,20.28
100,120,180.65,245.86,4,3.48,37.53
100,121,84.57,103.62,0,2.56,10.55
100,121,84.57,103.62,1,37.88,1.41
100,121,84.57,103.62,2,20.00,9.97
100,121,84.57,103.62,3,36.31,20.28
100,121,84.57,103.62,4,3.48,37.53
100,122,155.47,231.55,0,2.56,10.55
100,122,155.47,231.55,1,37.88,1.41
100,122,155.47,231.55,2,20.00,9.97
100,122,155.47,231.55,3,36.31,20.28
100,122,155.47,231.55,4,3.48,37.53
100,123,180.53,322.86,0,2.56,10.55
100,123,180.53,322.86,1,37.88,1.41
100,123,180.53,322.86,2,20.00,9.97
100,123,180.53,322.86,3,36.31,20.28
100,123,180.53,322.86,4,3.48,37.53
100,124,113.19,22.94,0,2.56,10.55
100,124,113.19,22.94,1,37.88,1.41
100,124,113.19,22.94,2,20.00,9.97
100,124,113.19,22.94,3,36.31,20.28
100,124,113.19,22.94,4,3.48,37.53
100,125,365.13,84.15,0,2.56,10.55
100,125,365.13,84.15,1,37.88,1.41
100,125,365.13,84.15,2,20.00,9.97
100,125,365.13,84.15,3,36.31,20.28
100,125,365.13,84.15,4,3.48,37.53
100,126,28.85,80.92,0,2.56,10.55
100,126,28.85,80.92,1,37.88,1.41
100,126,28.85,80.92,2,20.00,9.97
100,126,28.85,80.92,3,36.31,20.28
100,126,28.85,80.92,4,3.48,37.53
100,127,32.58,386.35,0,2.56,10.55
100,127,32.58,386.35,1,37.88,1.41
100,127,32.58,386.35,2,20.00,9.97
100,127,32.58,386.35,3,36.31,20.28
100,127,32.58,386.35,4,3.48,37.53
100,128,255.66,368.05,0,2.56,10.55
100,128,255.66,368.05,1,37.88,1.41
100,128,255.66,368.05,2,20.00,9.97
100,128,255.66,368.05,3,36.31,20.28
100,128,255.66,368.05,4,3.48,37.53
100,129,275.07,170.40,0,2.56,10.55
100,129,275.07,170.40,1,37.88,1.41
100,129,275.07,170.40,2,20.00,9.97
100,129,275.07,170.40,3,36.31,20.28
100,129,275.07,170.40,4,3.48,37.53
100,130,370.96,204.71,0,2.56,10.55
100,130,370.96,204.71,1,37.88,1.41
100,130,370.96,204.71,2,20.00,9.97
100,130,370.96,204.71,3,36.31,20.28
100,130,370.96,204.71,4,3.48,37.53
100,131,264.61,60.01,0,2.56,10.55
100,131,264.61,60.01,1,37.88,1.41
100,131,264.61,60.01,2,20.00,9.97
100,131,264.61,60.01,3,36.31,20.28
100,131,264.61,60.01,4,3.48,37.53
100,132,362.89,310.73,0,2.56,10.55
100,132,362.89,310.73,1,37.88,1.41
100,132,362.89,310.73,2,20.00,9.97
100,132,362.89,310.73,3,36.31,20.28
100,132,362.89,310.73,4,3.48,37.53
100,133,4.46,111.70,0,2.56,10.55
100,133,4.46,111.70,1,37.88,1.41
100,133,4.46,111.70,2,20.00,9.97
100,133,4.46,111.70,3,36.31,20.28
100,133,4.46,111.70,4,3.48,37.53
100,134,375.51,35.14,0,2.56,10.55
100,134,375.51,35.14,1,37.88,1.41
100,134,375.51,35.14,2,20.00,9.97
100,134,375.51,35.14,3,36.31,20.28
100,134,375.51,35.14,4,3.48,37.53
100,135,95.53,245.04,0,2.56,10.55
100,135,95.53,245.04,1,37.88,1.41
100,135,95.53,245.04,2,20.00,9.97
100,135,95.53,245.04,3,36.31,20.28
100,135,95.53,245.04,4,3.48,37.53
100,136,347.50,45.62,0,2.56,10.55
100,136,347.50,45.62,1,37.88,1.41
100,136,347.50,45.62,2,20.00,9.97
100,136,347.50,45.62,3,36.31,20.28
100,136,347.50,45.62,4,3.48,37.53
100,137,257.42,52.85,0,2.56,10.55
100,137,257.42,52.85,1,37.88,1.41
100,137,257.42,52.85,2,20.00,9.97
100,137,257.42,52.85,3,36.31,20.28
100,137,257.42,52.85,4,3.48,37.53
100,138,241.30,83.13,0,2.56,10.55
100,138,241.30,83.13,1,37.88,1.41
100,138,241.30,83.13,2,20.00,9.97
100,138,241.30,83.13,3,36.31,20.28
100,138,241.30,83.13,4,3.48,37.53
100,139,357.77,89.40,0,2.56,10.55
100,139,357.77,89.40,1,37.88,1.41
100,139,357.77,89.40,2,20.00,9.97
100,139,357.77,89.40,3,36.31,20.28
100,139,357.77,89.40,4,3.48,37.53
100,140,374.52,10.00,0,2.56,10.55
100,140,374.52,10.00,1,37.88,1.41
100,140,374.52,10.00,2,20.00,9.97
100,140,374.52,10.00,3,36.31,20.28
100,140,374.52,10.00,4,3.48,37.53
100,141,353.79,378.09,0,2.56,10.55
100,141,353.79,378.09,1,37.88,1.41
100,141,353.79,378.09,2,20.00,9.97
100,141,353.79,378.09,3,36.31,20.28
100,141,353.79,378.09,4,3.48,37.53
100,142,239.79,145.82,0,2.56,10.55
100,142,239.79,145.82,1,37.88,1.41
100,142,239.79,145.82,2,20.00,9.97
100,142,239.79,145.82,3,36.31,20.28
100,142,239.79,145.82,4,3.48,37.53
100,143,345.08,355.84,0,2.56,10.55
100,143,345.08,355.84,1,37.88,1.41
100,143,345.08,355.84,2,20.00,9.97
100,143,345.08,355.84,3,36.31,20.28
100,143,345.08,355.84,4,3.48,37.53
100,144,377.42,196.36,0,2.56,10.55
100,144,377.42,196.36,1,37.88,1.41
100,144,377.42,196.36,2,20.00,9.97
100,144,377.42,196.36,3,36.31,20.28
100,144,377.42,196.36,4,3.48,37.53
100,145,243.30,355.92,0,2.56,10.55
100,145,243.30,355.92,1,37.88,1.41
100,145,243.30,355.92,2,20.00,9.97
100,145,243.30,355.92,3,36.31,20.28
100,145,243.30,355.92,4,3.48,37.53
100,146,125.53,209.58,0,2.56,10.55
100,146,125.53,209.58,1,37.88,1.41
100,146,125.53,209.58,2,20.00,9.97
100,146,125.53,209.58,3,36.31,20.28
100,146,125.53,209.58,4,3.48,37.53
100,147,14.00,248.38,0,2.56,10.55
100,147,14.00,248.38,1,37.88,1.41
100,147,14.00,248.38,2,20.00,9.97
100,147,14.00,248.38,3,36.31,20.28
100,147,14.00,248.38,4,3.48,37.53
100,148,288.31,214.64,0,2.56,10.55
100,148,288.31,214.64,1,37.88,1.41
100,148,288.31,214.64,2,20.00,9.97
100,148,288.31,214.64,3,36.31,20.28
100,148,288.31,214.64,4,3.48,37.53
100,149,344.32,281.58,0,2.56,10.55
100,149,344.32,281.58,1,37.88,1.41
100,149,344.32,281.58,2,20.00,9.97
100,149,344.32,281.58,3,36.31,20.28
100,149,344.32,281.58,4,3.48,37.53
100,150,276.73,136.40,0,2.56,10.55
100,150,276.73,136.40,1,37.88,1.41
100,150,276.73,136.40,2,20.00,9.97
100,150,276.73,136.40,3,36.31,20.28
100,150,276.73,136.40,4,3.48,37.53
100,151,195.16,79.66,0,2.56,10.55
100,151,195.16,79.66,1,37.88,1.41
100,151,195.16,79.66,2,20.00,9.97
100,151,195.16,79.66,3,36.31,20.28
100,151,195.16,79.66,4,3.48,37.53
100,152,29.38,66.03,0,2.56,10.55
100,152,29.38,66.03,1,37.88,1.41
100,152,29.38,66.03,2,20.00,9.97
100,152,29.38,66.03,3,36.31,20.28
100,152,29.38,66.03,4,3.48,37.53
100,153,36.09,119.51,0,2.56,10.55
100,153,36.09,119.51,1,37.88,1.41
100,153,36.09,119.51,2,20.00,9.97
100,153,36.09,119.51,3,36.31,20.28
100,153,36.09,119.51,4,3.48,37.53
100,154,368.02,213.64,0,2.56,10.55
100,154,368.02,213.64,1,37.88,1.41
100,154,368.02,213.64,2,20.00,9.97
100,154,368.02,213.64,3,36.31,20.28
100,154,368.02,213.64,4,3.48,37.53
100,155,197.44,159.20,0,2.56,10.55
100,155,197.44,159.20,1,37.88,1.41
100,155,197.44,159.20,2,20.00,9.97
100,155,197.44,159.20,3,36.31,20.28
100,155,197.44,159.20,4,3.48,37.53
100,156,349.41,330.77,0,2.56,10.55
100,156,349.41,330.77,1,37.88,1.41
100,156,349.41,330.77,2,20.00,9.97
100,156,349.41,330.77,3,36.31,20.28
100,156,349.41,330.77,4,3.48,37.53
100,157,185.59,77.82,0,2.56,10.55
100,157,185.59,77.82,1,37.88,1.41
100,157,185.59,77.82,2,20.00,9.97
100,157,185.59,77.82,3,36.31,20.28
100,157,185.59,77.82,4,3.48,37.53
100,158,203.93,81.37,0,2.56,10.55
100,158,203.93,81.37,1,37.88,1.41
100,158,203.93,81.37,2,20.00,9.97
100,158,203.93,81.37,3,36.31,20.28
100,158,203.93,81.37,4,3.48,37.53
100,159,371.12,323.39,0,2.56,10.55
100,159,371.12,323.39,1,37.88,1.41
100,159,371.12,323.39,2,20.00,9.97
100,159,371.12,323.39,3,36.31,20.28
100,159,371.12,323.39,4,3.48,37.53
100,160,314.77,393.55,0,2.56,10.55
100,160,314.77,393.55,1,37.88,1.41
100,160,314.77,393.55,2,20.00,9.97
100,160,314.77,393.55,3,36.31,20.28
100,160,314.77,393.55,4,3.48,37.53
100,161,170.63,172.29,0,2.56,10.55
100,161,170.63,172.29,1,37.88,1.41
100,161,170.63,172.29,2,20.00,9.97
100,161,170.63,172.29,3,36.31,20.28
100,161,170.63,172.29,4,3.48,37.53
100,162,306.48,353.89,0,2.56,10.55
100,162,306.48,353.89,1,37.88,1.41
100,162,306.48,353.89,2,20.00,9.97
100,162,306.48,353.89,3,36.31,20.28
100,162,306.48,353.89,4,3.48,37.53
100,163,160.02,169.85,0,2.56,10.55
100,163,160.02,169.85,1,37.88,1.41
100,163,160.02,169.85,2,20.00,9.97
100,163,160.02,169.85,3,36.31,20.28
100,163,160.02,169.85,4,3.48,37.53
100,164,47.69,7.78,0,2.56,10.55
100,164,47.69,7.78,1,37.88,1.41
100,164,47.69,7.78,2,20.00,9.97
100,164,47.69,7.78,3,36.31,20.28
100,164,47.69,7.78,4,3.48,37.53
100,165,102.19,49.01,0,2.56,10.55
100,165,102.19,49.01,1,37.88,1.41
100,165,102.19,49.01,2,20.00,9.97
100,165,102.19,49.01,3,36.31,20.28
100,165,102.19,49.01,4,3.48,37.53
100,166,263.29,394.36,0,2.56,10.55
100,166,263.29,394.36,1,37.88,1.41
100,166,263.29,394.36,2,20.00,9.97
100,166,263.29,394.36,3,36.31,20.28
100,166,263.29,394.36,4,3.48,37.53
100,167,394.81,340.73,0,2.56,10.55
100,167,394.81,340.73,1,37.88,1.41
100,167,394.81,340.73,2,20.00,9.97
100,167,394.81,340.73,3,36.31,20.28
100,167,394.81,340.73,4,3.48,37.53
100,168,210.21,266.14,0,2.56,10.55
100,168,210.21,266.14,1,37.88,1.41
100,168,210.21,266.14,2,20.00,9.97
100,168,210.21,266.14,3,36.31,20.28
100,168,210.21,266.14,4,3.48,37.53
100,169,197.51,41.05,0,2.56,10.55
100,169,197.51,41.05,1,37.88,1.41
100,169,197.51,41.05,2,20.00,9.97
100,169,197.51,41.05,3,36.31,20.28
100,169,197.51,41.05,4,3.48,37.53
100,170,285.44,269.92,0,2.56,10.55
100,170,285.44,269.92,1,37.88,1.41
100,170,285.44,269.92,2,20.00,9.97
100,170,285.44,269.92,3,36.31,20.28
100,170,285.44,269.92,4,3.48,37.53
100,171,49.20,120.33,0,2.56,10.55
100,171,49.20,120.33,1,37.88,1.41
100,171,49.20,120.33,2,20.00,9.97
100,171,49.20,120.33,3,36.31,20.28
100,171,49.20,120.33,4,3.48,37.53
100,172,343.05,208.75,0,2.56,10.55
100,172,343.05,208.75,1,37.88,1.41
100,172,343.05,208.75,2,20.00,9.97
100,172,343.05,208.75,3,36.31,20.28
100,172,343.05,208.75,4,3.48,37.53
100,173,383.39,141.70,0,2.56,10.55
100,173,383.39,141.70,1,37.88,1.41
100,173,383.39,141.70,2,20.00,9.97
100,173,383.39,141.70,3,36.31,20.28
100,173,383.39,141.70,4,3.48,37.53
100,174,175.70,227.86,0,2.56,10.55
100,174,175.70,227.86,1,37.88,1.41
100,174,175.70,227.86,2,20.00,9.97
100,174,175.70,227.86,3,36.31,20.28
100,174,175.70,227.86,4,3.48,37.53
100,175,362.29,203.07,0,2.56,10.55
100,175,362.29,203.07,1,37.88,1.41
100,175,362.29,203.07,2,20.00,9.97
100,175,362.29,203.07,3,36.31,20.28
100,175,362.29,203.07,4,3.48,37.53
100,176,41.24,216.34,0,2.56,10.55
100,176,41.24,216.34,1,37.88,1.41
100,176,41.24,216.34,2,20.00,9.97
100,176,41.24,216.34,3,36.31,20.28
100,176,41.24,216.34,4,3.48,37.53
100,177,212.46,278.92,0,2.56,10.55
100,177,212.46,278.92,1,37.88,1.41
100,177,212.46,278.92,2,20.00,9.97
100,177,212.46,278.92,3,36.31,20.28
100,177,212.46,278.92,4,3.48,37.53
100,178,196.36,89.75,0,2.56,10.55
100,178,196.36,89.75,1,37.88,1.41
100,178,196.36,89.75,2,20.00,9.97
100,178,196.36,89.75,3,36.31,20.28
100,178,196.36,89.75,4,3.48,37.53
100,179,50.06,308.69,0,2.56,10.55
100,179,50.06,308.69,1,37.88,1.41
100,179,50.06,308.69,2,20.00,9.97
100,179,50.06,308.69,3,36.31,20.28
100,179,50.06,308.69,4,3.48,37.53
100,180,180.90,178.36,0,2.56,10.55
100,180,180.90,178.36,1,37.88,1.41
100,180,180.90,178.36,2,20.00,9.97
100,180,180.90,178.36,3,36.31,20.28
100,180,180.90,178.36,4,3.48,37.53
100,181,4.97,141.81,0,2.56,10.55
100,181,4.97,141.81,1,37.88,1.41
100,181,4.97,141.81,2,20.00,9.97
100,181,4.97,141.81,3,36.31,20.28
100,181,4.97,141.81,4,3.48,37.53
100,182,32.11,374.55,0,2.56,10.55
100,182,32.11,374.55,1,37.88,1.41
100,182,32.11,374.55,2,20.00,9.97
100,182,32.11,374.55,3,36.31,20.28
100,182,32.11,374.55,4,3.48,37.53
100,183,79.57,130.04,0,2.56,10.55
100,183,79.57,130.04,1,37.88,1.41
100,183,79.57,130.04,2,20.00,9.97
100,183,79.57,130.04,3,36.31,20.28
100,183,79.57,130.04,4,3.48,37.53
100,184,26.19,89.80,0,2.56,10.55
100,184,26.19,89.80,1,37.88,1.41
100,184,26.19,89.80,2,20.00,9.97
100,184,26.19,89.80,3,36.31,20.28
100,184,26.19,89.80,4,3.48,37.53
100,185,95.09,286.61,0,2.56,10.55
100,185,95.09,286.61,1,37.88,1.41
100,185,95.09,286.61,2,20.00,9.97
100,185,95.09,286.61,3,36.31,20.28
100,185,95.09,286.61,4,3.48,37.53
100,186,190.81,102.34,0,2.56,10.55
100,186,190.81,102.34,1,37.88,1.41
100,186,190.81,102.34,2,20.00,9.97
100,186,190.81,102.34,3,36.31,20.28
100,186,190.81,102.34,4,3.48,37.53
100,187,156.10,311.60,0,2.56,10.55
100,187,156.10,311.60,1,37.88,1.41
100,187,156.10,311.60,2,20.00,9.97
100,187,156.10,311.60,3,36.31,20.28
100,187,156.10,311.60,4,3.48,37.53
100,188,258.18,147.34,0,2.56,10.55
100,188,258.18,147.34,1,37.88,1.41
100,188,258.18,147.34,2,20.00,9.97
100,188,258.18,147.34,3,36.31,20.28
100,188,258.18,147.34,4,3.48,37.53
100,189,45.35,256.55,0,2.56,10.55
100,189,45.35,256.55,1,37.88,1.41
100,189,45.35,256.55,2,20.00,9.97
100,189,45.35,256.55,3,36.31,20.28
100,189,45.35,256.55,4,3.48,37.53
100,190,46.58,30.95,0,2.56,10.55
100,190,46.58,30.95,1,37.88,1.41
100,190,46.58,30.95,2,20.00,9.97
100,190,46.58,30.95,3,36.31,20.28
100,190,46.58,30.95,4,3.48,37.53
100,191,75.25,340.69,0,2.56,10.55
100,191,75.25,340.69,1,37.88,1.41
100,191,75.25,340.69,2,20.00,9.97
100,191,75.25,340.69,3,36.31,20.28
100,191,75.25,340.69,4,3.48,37.53
100,192,235.34,69.73,0,2.56,10.55
100,192,235.34,69.73,1,37.88,1.41
100,192,235.34,69.73,2,20.00,9.97
100,192,235.34,69.73,3,36.31,20.28
100,192,235.34,69.73,4,3.48,37.53
100,193,335.98,70.96,0,2.56,10.55
100,193,335.98,70.96,1,37.88,1.41
100,193,335.98,70.96,2,20.00,9.97
100,193,335.98,70.96,3,36.31,20.28
100,193,335.98,70.96,4,3.48,37.53
100,194,8.57,151.68,0,2.56,10.55
100,194,8.57,151.68,1,37.88,1.41
100,194,8.57,151.68,2,20.00,9.97
100,194,8.57,151.68,3,36.31,20.28
100,194,8.57,151.68,4,3.48,37.53
100,195,134.18,341.69,0,2.56,10.55
100,195,134.18,341.69,1,37.88,1.41
100,195,134.18,341.69,2,20.00,9.97
100,195,134.18,341.69,3,36.31,20.28
100,195,134.18,341.69,4,3.48,37.53
100,196,39.04,95.73,0,2.56,10.55
100,196,39.04,95.73,1,37.88,1.41
100,196,39.04,95.73,2,20.00,9.97
100,196,39.04,95.73,3,36.31,20.28
100,196,39.04,95.73,4,3.48,37.53
100,197,374.25,226.20,0,2.56,10.55
100,197,374.25,226.20,1,37.88,1.41
100,197,374.25,226.20,2,20.00,9.97
100,197,374.25,226.20,3,36.31,20.28
100,197,374.25,226.20,4,3.48,37.53
100,198,318.81,155.52,0,2.56,10.55
100,198,318.81,155.52,1,37.88,1.41
100,198,318.81,155.52,2,20.00,9.97
100,198,318.81,155.52,3,36.31,20.28
100,198,318.81,155.52,4,3.48,37.53
100,199,13.62,184.17,0,2.56,10.55
100,199,13.62,184.17,1,37.88,1.41
100,199,13.62,184.17,2,20.00,9.97
100,199,13.62,184.17,3,36.31,20.28
100,199,13.62,184.17,4,3.48,37.53
100,200,3.72,51.70,0,2.56,10.55
100,200,3.72,51.70,1,37.88,1.41
100,200,3.72,51.70,2,20.00,9.97
100,200,3.72,51.70,3,36.31,20.28
100,200,3.72,51.70,4,3.48,37.53
100,201,371.55,125.80,0,2.56,10.55
100,201,371.55,125.80,1,37.88,1.41
100,201,371.55,125.80,2,20.00,9.97
100,201,371.55,125.80,3,36.31,20.28
100,201,371.55,125.80,4,3.48,37.53
100,202,358.53,199.44,0,2.56,10.55
100,202,358.53,199.44,1,37.88,1.41
100,202,358.53,199.44,2,20.00,9.97
100,202,358.53,199.44,3,36.31,20.28
100,202,358.53,199.44,4,3.48,37.53
100,203,337.08,240.22,0,2.56,10.55
100,203,337.08,240.22,1,37.88,1.41
100,203,337.08,240.22,2,20.00,9.97
100,203,337.08,240.22,3,36.31,20.28
100,203,337.08,240.22,4,3.48,37.53
100,204,47.46,310.78,0,2.56,10.55
100,204,47.46,310.78,1,37.88,1.41
100,204,47.46,310.78,2,20.00,9.97
100,204,47.46,310.78,3,36.31,20.28
100,204,47.46,310.78,4,3.48,37.53
100,205,67.89,121.64,0,2.56,10.55
100,205,67.89,121.64,1,37.88,1.41
100,205,67.89,121.64,2,20.00,9.97
100,205,67.89,121.64,3,36.31,20.28
100,205,67.89,121.64,4,3.48,37.53
100,206,217.69,127.23,0,2.56,10.55
100,206,217.69,127.23,1,37.88,1.41
100,206,217.69,127.23,2,20.00,9.97
100,206,217.69,127.23,3,36.31,20.28
100,206,217.69,127.23,4,3.48,37.53
100,207,18.24,263.99,0,2.56,10.55
100,207,18.24,263.99,1,37.88,1.41
100,207,18.24,263.99,2,20.00,9.97
100,207,18.24,263.99,3,36.31,20.28
100,207,18.24,263.99,4,3.48,37.53
100,208,71.05,367.05,0,2.56,10.55
100,208,71.05,367.05,1,37.88,1.41
100,208,71.05,367.05,2,20.00,9.97
100,208,71.05,367.05,3,36.31,20.28
100,208,71.05,367.05,4,3.48,37.53
100,209,357.39,170.75,0,2.56,10.55
100,209,357.39,170.75,1,37.88,1.41
100,209,357.39,170.75,2,20.00,9.97
100,209,357.39,170.75,3,36.31,20.28
100,209,357.39,170.75,4,3.48,37.53
100,210,261.05,102.73,0,2.56,10.55
100,210,261.05,102.73,1,37.88,1.41
100,210,261.05,102.73,2,20.00,9.97
100,210,261.05,102.73,3,36.31,20.28
100,210,261.05,102.73,4,3.48,37.53
100,211,164.98,384.48,0,2.56,10.55
100,211,164.98,384.48,1,37.88,1.41
100,211,164.98,384.48,2,20.00,9.97
100,211,164.98,384.48,3,36.31,20.28
100,211,164.98,384.48,4,3.48,37.53
100,212,378.53,294.75,0,2.56,10.55
100,212,378.53,294.75,1,37.88,1.41
100,212,378.53,294.75,2,20.00,9.97
100,212,378.53,294.75,3,36.31,20.28
100,212,378.53,294.75,4,3.48,37.53
100,213,381.38,308.91,0,2.56,10.55
100,213,381.38,308.91,1,37.88,1.41
100,213,381.38,308.91,2,20.00,9.97
100,213,381.38,308.91,3,36.31,20.28
100,213,381.38,308.91,4,3.48,37.53
100,214,240.76,78.63,0,2.56,10.55
100,214,240.76,78.63,1,37.88,1.41
100,214,240.76,78.63,2,20.00,9.97
100,214,240.76,78.63,3,36.31,20.28
100,214,240.76,78.63,4,3.48,37.53
100,215,277.63,376.95,0,2.56,10.55
100,215,277.63,376.95,1,37.88,1.41
100,215,277.63,376.95,2,20.00,9.97
100,215,277.63,376.95,3,36.31,20.28
100,215,277.63,376.95,4,3.48,37.53
100,216,262.42,385.30,0,2.56,10.55
100,216,262.42,385.30,1,37.88,1.41
100,216,262.42,385.30,2,20.00,9.97
100,216,262.42,385.30,3,36.31,20.28
100,216,262.42,385.30,4,3.48,37.53
100,217,360.64,26.95,0,2.56,10.55
100,217,360.64,26.95,1,37.88,1.41
100,217,360.64,26.95,2,20.00,9.97
100,217,360.64,26.95,3,36.31,20.28
100,217,360.64,26.95,4,3.48,37.53
100,218,286.15,391.73,0,2.56,10.55
100,218,286.15,391.73,1,37.88,1.41
100,218,286.15,391.73,2,20.00,9.97
100,218,286.15,391.73,3,36.31,20.28
100,218,286.15,391.73,4,3.48,37.53
100,219,7.57,79.55,0,2.56,10.55
100,219,7.57,79.55,1,37.88,1.41
100,219,7.57,79.55,2,20.00,9.97
100,219,7.57,79.55,3,36.31,20.28
100,219,7.57,79.55,4,3.48,37.53
100,220,350.91,27.63,0,2.56,10.55
100,220,350.91,27.63,1,37.88,1.41
100,220,350.91,27.63,2,20.00,9.97
100,220,350.91,27.63,3,36.31,20.28
100,220,350.91,27.63,4,3.48,37.53
100,221,317.64,248.86,0,2.56,10.55
100,221,317.64,248.86,1,37.88,1.41
100,221,317.64,248.86,2,20.00,9.97
100,221,317.64,248.86,3,36.31,20.28
100,221,317.64,248.86,4,3.48,37.53
100,222,36.12,354.29,0,2.56,10.55
100,222,36.12,354.29,1,37.88,1.41
100,222,36.12,354.29,2,20.00,9.97
100,222,36.12,354.29,3,36.31,20.28
100,222,36.12,354.29,4,3.48,37.53
100,223,315.63,181.14,0,2.56,10.55
100,223,315.63,181.14,1,37.88,1.41
100,223,315.63,181.14,2,20.00,9.97
100,223,315.63,181.14,3,36.31,20.28
100,223,315.63,181.14,4,3.48,37.53
100,224,371.33,37.09,0,2.56,10.55
100,224,371.33,37.09,1,37.88,1.41
100,224,371.33,37.09,2,20.00,9.97
100,224,371.33,37.09,3,36.31,20.28
100,224,371.33,37.09,4,3.48,37.53
100,225,366.71,228.17,0,2.56,10.55
100,225,366.71,228.17,1,37.88,1.41
100,225,366.71,228.17,2,20.00,9.97
100,225,366.71,228.17,3,36.31,20.28
100,225,366.71,228.17,4,3.48,37.53
100,226,273.22,178.21,0,2.56,10.55
100,226,273.22,178.21,1,37.88,1.41
100,226,273.22,178.21,2,20.00,9.97
100,226,273.22,178.21,3,36.31,20.28
100,226,273.22,178.21,4,3.48,37.53
100,227,122.59,324.37,0,2.56,10.55
100,227,122.59,324.37,1,37.88,1.41
100,227,122.59,324.37,2,20.00,9.97
100,227,122.59,324.37,3,36.31,20.28
100,227,122.59,324.37,4,3.48,37.53
100,228,245.24,42.42,0,2.56,10.55
100,228,245.24,42.42,1,37.88,1.41
100,228,245.24,42.42,2,20.00,9.97
100,228,245.24,42.42,3,36.31,20.28
100,228,245.24,42.42,4,3.48,37.53
100,229,139.41,128.04,0,2.56,10.55
100,229,139.41,128.04,1,37.88,1.41
100,229,139.41,128.04,2,20.00,9.97
100,229,139.41,128.04,3,36.31,20.28
100,229,139.41,128.04,4,3.48,37.53
100,230,156.94,16.18,0,2.56,10.55
100,230,156.94,16.18,1,37.88,1.41
100,230,156.94,16.18,2,20.00,9.97
100,230,156.94,16.18,3,36.31,20.28
100,230,156.94,16.18,4,3.48,37.53
100,231,279.20,340.27,0,2.56,10.55
100,231,279.20,340.27,1,37.88,1.41
100,231,279.20,340.27,2,20.00,9.97
100,231,279.20,340.27,3,36.31,20.28
100,231,279.20,340.27,4,3.48,37.53
100,232,313.20,46.11,0,2.56,10.55
100,232,313.20,46.11,1,37.88,1.41
100,232,313.20,46.11,2,20.00,9.97
100,232,313.20,46.11,3,36.31,20.28
100,232,313.20,46.11,4,3.48,37.53
100,233,366.55,277.34,0,2.56,10.55
100,233,366.55,277.34,1,37.88,1.41
100,233,366.55,277.34,2,20.00,9.97
100,233,366.55,277.34,3,36.31,20.28
100,233,366.55,277.34,4,3.48,37.53
100,234,200.73,96.64,0,2.56,10.55
100,234,200.73,96.64,1,37.88,1.41
100,234,200.73,96.64,2,20.00,9.97
100,234,200.73,96.64,3,36.31,20.28
100,234,200.73,96.64,4,3.48,37.53
100,235,207.32,95.25,0,2.56,10.55
100,235,207.32,95.25,1,37.88,1.41
100,235,207.32,95.25,2,20.00,9.97
100,235,207.32,95.25,3,36.31,20.28
100,235,207.32,95.25,4,3.48,37.53
100,236,227.57,97.60,0,2.56,10.55
100,236,227.57,97.60,1,37.88,1.41
100,236,227.57,97.60,2,20.00,9.97
100,236,227.57,97.60,3,36.31,20.28
100,236,227.57,97.60,4,3.48,37.53
100,237,167.74,180.83,0,2.56,10.55
100,237,167.74,180.83,1,37.88,1.41
100,237,167.74,180.83,2,20.00,9.97
100,237,167.74,180.83,3,36.31,20.28
100,237,167.74,180.83,4,3.48,37.53
100,238,32.96,272.77,0,2.56,10.55
100,238,32.96,272.77,1,37.88,1.41
100,238,32.96,272.77,2,20.00,9.97
100,238,32.96,272.77,3,36.31,20.28
100,238,32.96,272.77,4,3.48,37.53
100,239,173.61,132.81,0,2.56,10.55
100,239,173.61,132.81,1,37.88,1.41
100,239,173.61,132.81,2,20.00,9.97
100,239,173.61,132.81,3,36.31,20.28
100,239,173.61,132.81,4,3.48,37.53
100,240,159.74,225.30,0,2.56,10.55
100,240,159.74,225.30,1,37.88,1.41
100,240,159.74,225.30,2,20.00,9.97
100,240,159.74,225.30,3,36.31,20.28
100,240,159.74,225.30,4,3.48,37.53
100,241,377.50,211.69,0,2.56,10.55
100,241,377.50,211.69,1,37.88,1.41
100,241,377.50,211.69,2,20.00,9.97
100,241,377.50,211.69,3,36.31,20.28
100,241,377.50,211.69,4,3.48,37.53
100,242,198.54,225.40,0,2.56,10.55
100,242,198.54,225.40,1,37.88,1.41
100,242,198.54,225.40,2,20.00,9.97
100,242,198.54,225.40,3,36.31,20.28
100,242,198.54,225.40,4,3.48,37.53
100,243,37.00,251.97,0,2.56,10.55
100,243,37.00,251.97,1,37.88,1.41
100,243,37.00,251.97,2,20.00,9.97
100,243,37.00,251.97,3,36.31,20.28
100,243,37.00,251.97,4,3.48,37.53
100,244,198.57,334.75,0,2.56,10.55
100,244,198.57,334.75,1,37.88,1.41
100,244,198.57,334.75,2,20.00,9.97
100,244,198.57,334.75,3,36.31,20.28
100,244,198.57,334.75,4,3.48,37.53
100,245,188.98,174.71,0,2.56,10.55
100,245,188.98,174.71,1,37.88,1.41
100,245,188.98,174.71,2,20.00,9.97
100,245,188.98,174.71,3,36.31,20.28
100,245,188.98,174.71,4,3.48,37.53
100,246,322.64,254.63,0,2.56,10.55
100,246,322.64,254.63,1,37.88,1.41
100,246,322.64,254.63,2,20.00,9.97
100,246,322.64,254.63,3,36.31,20.28
100,246,322.64,254.63,4,3.48,37.53
100,247,78.59,90.51,0,2.56,10.55
100,247,78.59,90.51,1,37.88,1.41
100,247,78.59,90.51,2,20.00,9.97
100,247,78.59,90.51,3,36.31,20.28
100,247,78.59,90.51,4,3.48,37.53
100,248,394.21,335.93,0,2.56,10.55
100,248,394.21,335.93,1,37.88,1.41
100,248,394.21,335.93,2,20.00,9.97
100,248,394.21,335.93,3,36.31,20.28
100,248,394.21,335.93,4,3.48,37.53
100,249,349.38,383.75,0,2.56,10.55
100,249,349.38,383.75,1,37.88,1.41
100,249,349.38,383.75,2,20.00,9.97
100,249,349.38,383.75,3,36.31,20.28
100,249,349.38,383.75,4,3.48,37.53
100,250,214.64,293.08,0,2.56,10.55
100,250,214.64,293.08,1,37.88,1.41
100,250,214.64,293.08,2,20.00,9.97
100,250,214.64,293.08,3,36.31,20.28
100,250,214.64,293.08,4,3.48,37.53
100,251,108.95,288.45,0,2.56,10.55
100,251,108.95,288.45,1,37.88,1.41
100,251,108.95,288.45,2,20.00,9.97
100,251,108.95,288.45,3,36.31,20.28
100,251,108.95,288.45,4,3.48,37.53
100,252,6.78,58.89,0,2.56,10.55
100,252,6.78,58.89,1,37.88,1.41
100,252,6.78,58.89,2,20.00,9.97
100,252,6.78,58.89,3,36.31,20.28
100,252,6.78,58.89,4,3.48,37.53
100,253,312.27,186.99,0,2.56,10.55
100,253,312.27,186.99,1,37.88,1.41
100,253,312.27,186.99,2,20.00,9.97
100,253,312.27,186.99,3,36.31,20.28
100,253,312.27,186.99,4,3.48,37.53
100,254,350.12,119.83,0,2.56,10.55
100,254,350.12,119.83,1,37.88,1.41
100,254,350.12,119.83,2,20.00,9.97
100,254,350.12,119.83,3,36.31,20.28
100,254,350.12,119.83,4,3.48,37.53
100,255,30.05,288.66,0,2.56,10.55
100,255,30.05,288.66,1,37.88,1.41
100,255,30.05,288.66,2,20.00,9.97
100,255,30.05,288.66,3,36.31,20.28
100,255,30.05,288.66,4,3.48,37.53
100,256,58.28,76.88,0,2.56,10.55
100,256,58.28,76.88,1,37.88,1.41
100,256,58.28,76.88,2,20.00,9.97
100,256,58.28,76.88,3,36.31,20.28
100,256,58.28,76.88,4,3.48,37.53
100,257,344.42,167.00,0,2.56,10.55
100,257,344.42,167.00,1,37.88,1.41
100,257,344.42,167.00,2,20.00,9.97
100,257,344.42,167.00,3,36.31,20.28
100,257,344.42,167.00,4,3.48,37.53
100,258,354.71,64.99,0,2.56,10.55
100,258,354.71,64.99,1,37.88,1.41
100,258,354.71,64.99,2,20.00,9.97
100,258,354.71,64.99,3,36.31,20.28
100,258,354.71,64.99,4,3.48,37.53
100,259,73.11,81.92,0,2.56,10.55
100,259,73.11,81.92,1,37.88,1.41
100,259,73.11,81.92,2,20.00,9.97
100,259,73.11,81.92,3,36.31,20.28
100,259,73.11,81.92,4,3.48,37.53
100,260,293.78,382.63,0,2.56,10.55
100,260,293.78,382.63,1,37.88,1.41
100,260,293.78,382.63,2,20.00,9.97
100,260,293.78,382.63,3,36.31,20.28
100,260,293.78,382.63,4,3.48,37.53
100,261,86.78,383.30,0,2.56,10.55
100,261,86.78,383.30,1,37.88,1.41
100,261,86.78,383.30,2,20.00,9.97
100,261,86.78,383.30,3,36.31,20.28
100,261,86.78,383.30,4,3.48,37.53
100,262,144.02,81.81,0,2.56,10.55
100,262,144.02,81.81,1,37.88,1.41
100,262,144.02,81.81,2,20.00,9.97
100,262,144.02,81.81,3,36.31,20.28
100,262,144.02,81.81,4,3.48,37.53
100,263,146.34,62.02,0,2.56,10.55
100,263,146.34,62.02,1,37.88,1.41
100,263,146.34,62.02,2,20.00,9.97
100,263,146.34,62.02,3,36.31,20.28
100,263,146.34,62.02,4,3.48,37.53
100,264,15.27,144.73,0,2.56,10.55
100,264,15.27,144.73,1,37.88,1.41
100,264,15.27,144.73,2,20.00,9.97
100,264,15.27,144.73,3,36.31,20.28
100,264,15.27,144.73,4,3.48,37.53
100,265,234.01,301.75,0,2.56,10.55
100,265,234.01,301.75,1,37.88,1.41
100,265,234.01,301.75,2,20.00,9.97
100,265,234.01,301.75,3,36.31,20.28
100,265,234.01,301.75,4,3.48,37.53
100,266,136.88,287.24,0,2.56,10.55
100,266,136.88,287.24,1,37.88,1.41
100,266,136.88,287.24,2,20.00,9.97
100,266,136.88,287.24,3,36.31,20.28
100,266,136.88,287.24,4,3.48,37.53
100,267,155.28,40.82,0,2.56,10.55
100,267,155.28,40.82,1,37.88,1.41
100,267,155.28,40.82,2,20.00,9.97
100,267,155.28,40.82,3,36.31,20.28
100,267,155.28,40.82,4,3.48,37.53
100,268,168.49,104.95,0,2.56,10.55
100,268,168.49,104.95,1,37.88,1.41
100,268,168.49,104.95,2,20.00,9.97
100,268,168.49,104.95,3,36.31,20.28
100,268,168.49,104.95,4,3.48,37.53
100,269,3.39,158.21,0,2.56,10.55
100,269,3.39,158.21,1,37.88,1.41
100,269,3.39,158.21,2,20.00,9.97
100,269,3.39,158.21,3,36.31,20.28
100,269,3.39,158.21,4,3.48,37.53
100,270,69.66,279.43,0,2.56,10.55
100,270,69.66,279.43,1,37.88,1.41
100,270,69.66,279.43,2,20.00,9.97
100,270,69.66,279.43,3,36.31,20.28
100,270,69.66,279.43,4,3.48,37.53
100,271,10.92,105.25,0,2.56,10.55
100,271,10.92,105.25,1,37.88,1.41
100,271,10.92,105.25,2,20.00,9.97
100,271,10.92,105.25,3,36.31,20.28
100,271,10.92,105.25,4,3.48,37.53
100,272,57.27,292.85,0,2.56,10.55
100,272,57.27,292.85,1,37.88,1.41
100,272,57.27,292.85,2,20.00,9.97
100,272,57.27,292.85,3,36.31,20.28
100,272,57.27,292.85,4,3.48,37.53
100,273,27.81,244.39,0,2.56,10.55
100,273,27.81,244.39,1,37.88,1.41
100,273,27.81,244.39,2,20.00,9.97
100,273,27.81,244.39,3,36.31,20.28
100,273,27.81,244.39,4,3.48,37.53
100,274,100.69,3.61,0,2.56,10.55
100,274,100.69,3.61,1,37.88,1.41
100,274,100.69,3.61,2,20.00,9.97
100,274,100.69,3.61,3,36.31,20.28
100,274,100.69,3.61,4,3.48,37.53
100,275,295.53,223.25,0,2.56,10.55
100,275,295.53,223.25,1,37.88,1.41
100,275,295.53,223.25,2,20.00,9.97
100,275,295.53,223.25,3,36.31,20.28
100,275,295.53,223.25,4,3.48,37.53
100,276,284.63,244.09,0,2.56,10.55
100,276,284.63,244.09,1,37.88,1.41
100,276,284.63,244.09,2,20.00,9.97
100,276,284.63,244.09,3,36.31,20.28
100,276,284.63,244.09,4,3.48,37.53
100,277,258.65,195.19,0,2.56,10.55
100,277,258.65,195.19,1,37.88,1.41
100,277,258.65,195.19,2,20.00,9.97
100,277,258.65,195.19,3,36.31,20.28
100,277,258.65,195.19,4,3.48,37.53
100,278,89.86,393.15,0,2.56,10.55
100,278,89.86,393.15,1,37.88,1.41
100,278,89.86,393.15,2,20.00,9.97
100,278,89.86,393.15,3,36.31,20.28
100,278,89.86,393.15,4,3.48,37.53
100,279,242.54,377.21,0,2.56,10.55
100,279,242.54,377.21,1,37.88,1.41
100,279,242.54,377.21,2,20.00,9.97
100,279,242.54,377.21,3,36.31,20.28
100,279,242.54,377.21,4,3.48,37.53
100,280,353.67,207.67,0,2.56,10.55
100,280,353.67,207.67,1,37.88,1.41
100,280,353.67,207.67,2,20.00,9.97
100,280,353.67,207.67,3,36.31,20.28
100,280,353.67,207.67,4,3.48,37.53
100,281,202.86,40.71,0,2.56,10.55
100,281,202.86,40.71,1,37.88,1.41
100,281,202.86,40.71,2,20.00,9.97
100,281,202.86,40.71,3,36.31,20.28
100,281,202.86,40.71,4,3.48,37.53
100,282,321.18,173.75,0,2.56,10.55
100,282,321.18,173.75,1,37.88,1.41
100,282,321.18,173.75,2,20.00,9.97
100,282,321.18,173.75,3,36.31,20.28
100,282,321.18,173.75,4,3.48,37.53
100,283,308.63,158.57,0,2.56,10.55
100,283,308.63,158.57,1,37.88,1.41
100,283,308.63,158.57,2,20.00,9.97
100,283,308.63,158.57,3,36.31,20.28
100,283,308.63,158.57,4,3.48,37.53
100,284,192.88,95.56,0,2.56,10.55
100,284,192.88,95.56,1,37.88,1.41
100,284,192.88,95.56,2,20.00,9.97
100,284,192.88,95.56,3,36.31,20.28
100,284,192.88,95.56,4,3.48,37.53
100,285,223.42,350.58,0,2.56,10.55
100,285,223.42,350.58,1,37.88,1.41
100,285,223.42,350.58,2,20.00,9.97
100,285,223.42,350.58,3,36.31,20.28
100,285,223.42,350.58,4,3.48,37.53
100,286,263.76,326.03,0,2.56,10.55
100,286,263.76,326.03,1,37.88,1.41
100,286,263.76,326.03,2,20.00,9.97
100,286,263.76,326.03,3,36.31,20.28
100,286,263.76,326.03,4,3.48,37.53
100,287,365.16,172.96,0,2.56,10.55
100,287,365.16,172.96,1,37.88,1.41
100,287,365.16,172.96,2,20.00,9.97
100,287,365.16,172.96,3,36.31,20.28
100,287,365.16,172.96,4,3.48,37.53
100,288,115.84,3.88,0,2.56,10.55
100,288,115.84,3.88,1,37.88,1.41
100,288,115.84,3.88,2,20.00,9.97
100,288,115.84,3.88,3,36.31,20.28
100,288,115.84,3.88,4,3.48,37.53
100,289,73.40,318.41,0,2.56,10.55
100,289,73.40,318.41,1,37.88,1.41
100,289,73.40,318.41,2,20.00,9.97
100,289,73.40,318.41,3,36.31,20.28
100,289,73.40,318.41,4,3.48,37.53
100,290,286.13,277.73,0,2.56,10.55
100,290,286.13,277.73,1,37.88,1.41
100,290,286.13,277.73,2,20.00,9.97
100,290,286.13,277.73,3,36.31,20.28
100,290,286.13,277.73,4,3.48,37.53
100,291,71.42,15.15,0,2.56,10.55
100,291,71.42,15.15,1,37.88,1.41
100,291,71.42,15.15,2,20.00,9.97
100,291,71.42,15.15,3,36.31,20.28
100,291,71.42,15.15,4,3.48,37.53
100,292,272.50,292.48,0,2.56,10.55
100,292,272.50,292.48,1,37.88,1.41
100,292,272.50,292.48,2,20.00,9.97
100,292,272.50,292.48,3,36.31,20.28
100,292,272.50,292.48,4,3.48,37.53
100,293,195.68,129.21,0,2.56,10.55
100,293,195.68,129.21,1,37.88,1.41
100,293,195.68,129.21,2,20.00,9.97
100,293,195.68,129.21,3,36.31,20.28
100,293,195.68,129.21,4,3.48,37.53
100,294,113.43,347.80,0,2.56,10.55
100,294,113.43,347.80,1,37.88,1.41
100,294,113.43,347.80,2,20.00,9.97
100,294,113.43,347.80,3,36.31,20.28
100,294,113.43,347.80,4,3.48,37.53
100,295,352.24,197.71,0,2.56,10.55
100,295,352.24,197.71,1,37.88,1.41
100,295,352.24,197.71,2,20.00,9.97
100,295,352.24,197.71,3,36.31,20.28
100,295,352.24,197.71,4,3.48,37.53
100,296,325.66,40.79,0,2.56,10.55
100,296,325.66,40.79,1,37.88,1.41
100,296,325.66,40.79,2,20.00,9.97
100,296,325.66,40.79,3,36.31,20.28
100,296,325.66,40.79,4,3.48,37.53
100,297,369.42,111.79,0,2.56,10.55
100,297,369.42,111.79,1,37.88,1.41
100,297,369.42,111.79,2,20.00,9.97
100,297,369.42,111.79,3,36.31,20.28
100,297,369.42,111.79,4,3.48,37.53
100,298,333.56,46.58,0,2.56,10.55
100,298,333.56,46.58,1,37.88,1.41
100,298,333.56,46.58,2,20.00,9.97
100,298,333.56,46.58,3,36.31,20.28
100,298,333.56,46.58,4,3.48,37.53
100,299,27.45,118.57,0,2.56,10.55
100,299,27.45,118.57,1,37.88,1.41
100,299,27.45,118.57,2,20.00,9.97
100,299,27.45,118.57,3,36.31,20.28
100,299,27.45,118.57,4,3.48,37.53
100,300,214.15,342.60,0,2.56,10.55
100,300,214.15,342.60,1,37.88,1.41
100,300,214.15,342.60,2,20.00,9.97
100,300,214.15,342.60,3,36.31,20.28
100,300,214.15,342.60,4,3.48,37.53
110,1,222.55,103.75,0,3.25,11.34
110,1,222.55,103.75,1,37.88,1.41
110,1,222.55,103.75,2,20.24,10.27
110,1,222.55,103.75,3,36.80,19.21
110,1,222.55,103.75,4,3.35,37.50
110,2,29.70,74.99,0,3.25,11.34
110,2,29.70,74.99,1,37.88,1.41
110,2,29.70,74.99,2,20.24,10.27
110,2,29.70,74.99,3,36.80,19.21
110,2,29.70,74.99,4,3.35,37.50
110,3,184.80,270.45,0,3.25,11.34
110,3,184.80,270.45,1,37.88,1.41
110,3,184.80,270.45,2,20.24,10.27
110,3,184.80,270.45,3,36.80,19.21
110,3,184.80,270.45,4,3.35,37.50
110,4,233.47,95.30,0,3.25,11.34
110,4,233.47,95.30,1,37.88,1.41
110,4,233.47,95.30,2,20.24,10.27
110,4,233.47,95.30,3,36.80,19.21
110,4,233.47,95.30,4,3.35,37.50
110,5,17.28,320.93,0,3.25,11.34
110,5,17.28,320.93,1,37.88,1.41
110,5,17.28,320.93,2,20.24,10.27
110,5,17.28,320.93,3,36.80,19.21
110,5,17.28,320.93,4,3.35,37.50
110,6,86.03,283.04,0,3.25,11.34
110,6,86.03,283.04,1,37.88,1.41
110,6,86.03,283.04,2,20.24,10.27
110,6,86.03,283.04,3,36.80,19.21
110,6,86.03,283.04,4,3.35,37.50
110,7,77.21,97.58,0,3.25,11.34
110,7,77.21,97.58,1,37.88,1.41
110,7,77.21,97.58,2,20.24,10.27
110,7,77.21,97.58,3,36.80,19.21
110,7,77.21,97.58,4,3.35,37.50
110,8,155.10,379.71,0,3.25,11.34
110,8,155.10,379.71,1,37.88,1.41
110,8,155.10,379.71,2,20.24,10.27
110,8,155.10,379.71,3,36.80,19.21
110,8,155.10,379.71,4,3.35,37.50
110,9,255.90,207.51,0,3.25,11.34
110,9,255.90,207.51,1,37.88,1.41
110,9,255.90,207.51,2,20.24,10.27
110,9,255.90,207.51,3,36.80,19.21
110,9,255.90,207.51,4,3.35,37.50
110,10,380.28,177.10,0,3.25,11.34
110,10,380.28,177.10,1,37.88,1.41
110,10,380.28,177.10,2,20.24,10.27
110,10,380.28,177.10,3,36.80,19.21
110,10,380.28,177.10,4,3.35,37.50
110,11,156.34,121.11,0,3.25,11.34
110,11,156.34,121.11,1,37.88,1.41
110,11,156.34,121.11,2,20.24,10.27
110,11,156.34,121.11,3,36.80,19.21
110,11,156.34,121.11,4,3.35,37.50
110,12,218.83,85.20,0,3.25,11.34
110,12,218.83,85.20,1,37.88,1.41
110,12,218.83,85.20,2,20.24,10.27
110,12,218.83,85.20,3,36.80,19.21
110,12,218.83,85.20,4,3.35,37.50
110,13,142.98,80.46,0,3.25,11.34
110,13,142.98,80.46,1,37.88,1.41
110,13,142.98,80.46,2,20.24,10.27
110,13,142.98,80.46,3,36.80,19.21
110,13,142.98,80.46,4,3.35,37.50
110,14,18.62,376.73,0,3.25,11.34
110,14,18.62,376.73,1,37.88,1.41
110,14,18.62,376.73,2,20.24,10.27
110,14,18.62,376.73,3,36.80,19.21
110,14,18.62,376.73,4,3.35,37.50
110,15,7.26,326.41,0,3.25,11.34
110,15,7.26,326.41,1,37.88,1.41
110,15,7.26,326.41,2,20.24,10.27
110,15,7.26,326.41,3,36.80,19.21
110,15,7.26,326.41,4,3.35,37.50
110,16,328.30,295.46,0,3.25,11.34
110,16,328.30,295.46,1,37.88,1.41
110,16,328.30,295.46,2,20.24,10.27
110,16,328.30,295.46,3,36.80,19.21
110,16,328.30,295.46,4,3.35,37.50
110,17,379.29,189.49,0,3.25,11.34
110,17,379.29,189.49,1,37.88,1.41
110,17,379.29,189.49,2,20.24,10.27
110,17,379.29,189.49,3,36.80,19.21
110,17,379.29,189.49,4,3.35,37.50
110,18,193.96,360.07,0,3.25,11.34
110,18,193.96,360.07,1,37.88,1.41
110,18,193.96,360.07,2,20.24,10.27
110,18,193.96,360.07,3,36.80,19.21
110,18,193.96,360.07,4,3.35,37.50
110,19,72.47,329.05,0,3.25,11.34
110,19,72.47,329.05,1,37.88,1.41
110,19,72.47,329.05,2,20.24,10.27
110,19,72.47,329.05,3,36.80,19.21
110,19,72.47,329.05,4,3.35,37.50
110,20,214.17,376.90,0,3.25,11.34
110,20,214.17,376.90,1,37.88,1.41
110,20,214.17,376.90,2,20.24,10.27
110,20,214.17,376.90,3,36.80,19.21
110,20,214.17,376.90,4,3.35,37.50
110,21,381.96,125.49,0,3.25,11.34
110,21,381.96,125.49,1,37.88,1.41
110,21,381.96,125.49,2,20.24,10.27
110,21,381.96,125.49,3,36.80,19.21
110,21,381.96,125.49,4,3.35,37.50
110,22,274.39,367.02,0,3.25,11.34
110,22,274.39,367.02,1,37.88,1.41
110,22,274.39,367.02,2,20.24,10.27
110,22,274.39,367.02,3,36.80,19.21
110,22,274.39,367.02,4,3.35,37.50
110,23,345.22,265.40,0,3.25,11.34
110,23,345.22,265.40,1,37.88,1.41
110,23,345.22,265.40,2,20.24,10.27
110,23,345.22,265.40,3,36.80,19.21
110,23,345.22,265.40,4,3.35,37.50
110,24,136.68,55.94,0,3.25,11.34
110,24,136.68,55.94,1,37.88,1.41
110,24,136.68,55.94,2,20.24,10.27
110,24,136.68,55.94,3,36.80,19.21
110,24,136.68,55.94,4,3.35,37.50
110,25,71.88,358.62,0,3.25,11.34
110,25,71.88,358.62,1,37.88,1.41
110,25,71.88,358.62,2,20.24,10.27
110,25,71.88,358.62,3,36.80,19.21
110,25,71.88,358.62,4,3.35,37.50
110,26,297.97,17.43,0,3.25,11.34
110,26,297.97,17.43,1,37.88,1.41
110,26,297.97,17.43,2,20.24,10.27
110,26,297.97,17.43,3,36.80,19.21
110,26,297.97,17.43,4,3.35,37.50
110,27,223.24,85.78,0,3.25,11.34
110,27,223.24,85.78,1,37.88,1.41
110,27,223.24,85.78,2,20.24,10.27
110,27,223.24,85.78,3,36.80,19.21
110,27,223.24,85.78,4,3.35,37.50
110,28,381.42,360.08,0,3.25,11.34
110,28,381.42,360.08,1,37.88,1.41
110,28,381.42,360.08,2,20.24,10.27
110,28,381.42,360.08,3,36.80,19.21
110,28,381.42,360.08,4,3.35,37.50
110,29,147.22,254.31,0,3.25,11.34
110,29,147.22,254.31,1,37.88,1.41
110,29,147.22,254.31,2,20.24,10.27
110,29,147.22,254.31,3,36.80,19.21
110,29,147.22,254.31,4,3.35,37.50
110,30,364.21,199.71,0,3.25,11.34
110,30,364.21,199.71,1,37.88,1.41
110,30,364.21,199.71,2,20.24,10.27
110,30,364.21,199.71,3,36.80,19.21
110,30,364.21,199.71,4,3.35,37.50
110,31,193.03,33.72,0,3.25,11.34
110,31,193.03,33.72,1,37.88,1.41
110,31,193.03,33.72,2,20.24,10.27
110,31,193.03,33.72,3,36.80,19.21
110,31,193.03,33.72,4,3.35,37.50
110,32,229.15,66.13,0,3.25,11.34
110,32,229.15,66.13,1,37.88,1.41
110,32,229.15,66.13,2,20.24,10.27
110,32,229.15,66.13,3,36.80,19.21
110,32,229.15,66.13,4,3.35,37.50
110,33,40.53,269.65,0,3.25,11.34
110,33,40.53,269.65,1,37.88,1.41
110,33,40.53,269.65,2,20.24,10.27
110,33,40.53,269.65,3,36.80,19.21
110,33,40.53,269.65,4,3.35,37.50
110,34,179.67,100.30,0,3.25,11.34
110,34,179.67,100.30,1,37.88,1.41
110,34,179.67,100.30,2,20.24,10.27
110,34,179.67,100.30,3,36.80,19.21
110,34,179.67,100.30,4,3.35,37.50
110,35,318.96,210.88,0,3.25,11.34
110,35,318.96,210.88,1,37.88,1.41
110,35,318.96,210.88,2,20.24,10.27
110,35,318.96,210.88,3,36.80,19.21
110,35,318.96,210.88,4,3.35,37.50
110,36,99.39,320.10,0,3.25,11.34
110,36,99.39,320.10,1,37.88,1.41
110,36,99.39,320.10,2,20.24,10.27
110,36,99.39,320.10,3,36.80,19.21
110,36,99.39,320.10,4,3.35,37.50
110,37,305.38,284.28,0,3.25,11.34
110,37,305.38,284.28,1,37.88,1.41
110,37,305.38,284.28,2,20.24,10.27
110,37,305.38,284.28,3,36.80,19.21
110,37,305.38,284.28,4,3.35,37.50
110,38,128.25,241.22,0,3.25,11.34
110,38,128.25,241.22,1,37.88,1.41
110,38,128.25,241.22,2,20.24,10.27
110,38,128.25,241.22,3,36.80,19.21
110,38,128.25,241.22,4,3.35,37.50
110,39,109.52,205.13,0,3.25,11.34
110,39,109.52,205.13,1,37.88,1.41
110,39,109.52,205.13,2,20.24,10.27
110,39,109.52,205.13,3,36.80,19.21
110,39,109.52,205.13,4,3.35,37.50
110,40,274.31,100.65,0,3.25,11.34
110,40,274.31,100.65,1,37.88,1.41
110,40,274.31,100.65,2,20.24,10.27
110,40,274.31,100.65,3,36.80,19.21
110,40,274.31,100.65,4,3.35,37.50
110,41,253.88,306.13,0,3.25,11.34
110,41,253.88,306.13,1,37.88,1.41
110,41,253.88,306.13,2,20.24,10.27
110,41,253.88,306.13,3,36.80,19.21
110,41,253.88,306.13,4,3.35,37.50
110,42,353.99,239.45,0,3.25,11.34
110,42,353.99,239.45,1,37.88,1.41
110,42,353.99,239.45,2,20.24,10.27
110,42,353.99,239.45,3,36.80,19.21
110,42,353.99,239.45,4,3.35,37.50
110,43,212.17,71.87,0,3.25,11.34
110,43,212.17,71.87,1,37.88,1.41
110,43,212.17,71.87,2,20.24,10.27
110,43,212.17,71.87,3,36.80,19.21
110,43,212.17,71.87,4,3.35,37.50
110,44,351.71,212.83,0,3.25,11.34
110,44,351.71,212.83,1,37.88,1.41
110,44,351.71,212.83,2,20.24,10.27
110,44,351.71,212.83,3,36.80,19.21
110,44,351.71,212.83,4,3.35,37.50
110,45,217.29,95.02,0,3.25,11.34
110,45,217.29,95.02,1,37.88,1.41
110,45,217.29,95.02,2,20.24,10.27
110,45,217.29,95.02,3,36.80,19.21
110,45,217.29,95.02,4,3.35,37.50
110,46,75.50,376.62,0,3.25,11.34
110,46,75.50,376.62,1,37.88,1.41
110,46,75.50,376.62,2,20.24,10.27
110,46,75.50,376.62,3,36.80,19.21
110,46,75.50,376.62,4,3.35,37.50
110,47,58.43,298.76,0,3.25,11.34
110,47,58.43,298.76,1,37.88,1.41
110,47,58.43,298.76,2,20.24,10.27
110,47,58.43,298.76,3,36.80,19.21
110,47,58.43,298.76,4,3.35,37.50
110,48,343.78,201.79,0,3.25,11.34
110,48,343.78,201.79,1,37.88,1.41
110,48,343.78,201.79,2,20.24,10.27
110,48,343.78,201.79,3,36.80,19.21
110,48,343.78,201.79,4,3.35,37.50
110,49,193.84,133.45,0,3.25,11.34
110,49,193.84,133.45,1,37.88,1.41
110,49,193.84,133.45,2,20.24,10.27
110,49,193.84,133.45,3,36.80,19.21
110,49,193.84,133.45,4,3.35,37.50
110,50,305.70,316.53,0,3.25,11.34
110,50,305.70,316.53,1,37.88,1.41
110,50,305.70,316.53,2,20.24,10.27
110,50,305.70,316.53,3,36.80,19.21
110,50,305.70,316.53,4,3.35,37.50
110,51,28.27,365.15,0,3.25,11.34
110,51,28.27,365.15,1,37.88,1.41
110,51,28.27,365.15,2,20.24,10.27
110,51,28.27,365.15,3,36.80,19.21
110,51,28.27,365.15,4,3.35,37.50
110,52,203.86,104.65,0,3.25,11.34
110,52,203.86,104.65,1,37.88,1.41
110,52,203.86,104.65,2,20.24,10.27
110,52,203.86,104.65,3,36.80,19.21
110,52,203.86,104.65,4,3.35,37.50
110,53,267.89,242.93,0,3.25,11.34
110,53,267.89,242.93,1,37.88,1.41
110,53,267.89,242.93,2,20.24,10.27
110,53,267.89,242.93,3,36.80,19.21
110,53,267.89,242.93,4,3.35,37.50
110,54,343.07,26.61,0,3.25,11.34
110,54,343.07,26.61,1,37.88,1.41
110,54,343.07,26.61,2,20.24,10.27
110,54,343.07,26.61,3,36.80,19.21
110,54,343.07,26.61,4,3.35,37.50
110,55,267.33,251.72,0,3.25,11.34
110,55,267.33,251.72,1,37.88,1.41
110,55,267.33,251.72,2,20.24,10.27
110,55,267.33,251.72,3,36.80,19.21
110,55,267.33,251.72,4,3.35,37.50
110,56,309.39,169.06,0,3.25,11.34
110,56,309.39,169.06,1,37.88,1.41
110,56,309.39,169.06,2,20.24,10.27
110,56,309.39,169.06,3,36.80,19.21
110,56,309.39,169.06,4,3.35,37.50
110,57,94.03,183.71,0,3.25,11.34
110,57,94.03,183.71,1,37.88,1.41
110,57,94.03,183.71,2,20.24,10.27
110,57,94.03,183.71,3,36.80,19.21
110,57,94.03,183.71,4,3.35,37.50
110,58,350.26,197.59,0,3.25,11.34
110,58,350.26,197.59,1,37.88,1.41
110,58,350.26,197.59,2,20.24,10.27
110,58,350.26,197.59,3,36.80,19.21
110,58,350.26,197.59,4,3.35,37.50
110,59,55.89,137.35,0,3.25,11.34
110,59,55.89,137.35,1,37.88,1.41
110,59,55.89,137.35,2,20.24,10.27
110,59,55.89,137.35,3,36.80,19.21
110,59,55.89,137.35,4,3.35,37.50
110,60,171.53,269.35,0,3.25,11.34
110,60,171.53,269.35,1,37.88,1.41
110,60,171.53,269.35,2,20.24,10.27
110,60,171.53,269.35,3,36.80,19.21
110,60,171.53,269.35,4,3.35,37.50
110,61,27.23,132.83,0,3.25,11.34
110,61,27.23,132.83,1,37.88,1.41
110,61,27.23,132.83,2,20.24,10.27
110,61,27.23,132.83,3,36.80,19.21
110,61,27.23,132.83,4,3.35,37.50
110,62,41.45,376.28,0,3.25,11.34
110,62,41.45,376.28,1,37.88,1.41
110,62,41.45,376.28,2,20.24,10.27
110,62,41.45,376.28,3,36.80,19.21
110,62,41.45,376.28,4,3.35,37.50
110,63,112.75,176.32,0,3.25,11.34
110,63,112.75,176.32,1,37.88,1.41
110,63,112.75,176.32,2,20.24,10.27
110,63,112.75,176.32,3,36.80,19.21
110,63,112.75,176.32,4,3.35,37.50
110,64,340.51,35.71,0,3.25,11.34
110,64,340.51,35.71,1,37.88,1.41
110,64,340.51,35.71,2,20.24,10.27
110,64,340.51,35.71,3,36.80,19.21
110,64,340.51,35.71,4,3.35,37.50
110,65,336.89,271.83,0,3.25,11.34
110,65,336.89,271.83,1,37.88,1.41
110,65,336.89,271.83,2,20.24,10.27
110,65,336.89,271.83,3,36.80,19.21
110,65,336.89,271.83,4,3.35,37.50
110,66,103.13,383.25,0,3.25,11.34
110,66,103.13,383.25,1,37.88,1.41
110,66,103.13,383.25,2,20.24,10.27
110,66,103.13,383.25,3,36.80,19.21
110,66,103.13,383.25,4,3.35,37.50
110,67,39.98,227.72,0,3.25,11.34
110,67,39.98,227.72,1,37.88,1.41
110,67,39.98,227.72,2,20.24,10.27
110,67,39.98,227.72,3,36.80,19.21
110,67,39.98,227.72,4,3.35,37.50
110,68,237.17,318.18,0,3.25,11.34
110,68,237.17,318.18,1,37.88,1.41
110,68,237.17,318.18,2,20.24,10.27
110,68,237.17,318.18,3,36.80,19.21
110,68,237.17,318.18,4,3.35,37.50
110,69,368.98,363.22,0,3.25,11.34
110,69,368.98,363.22,1,37.88,1.41
110,69,368.98,363.22,2,20.24,10.27
110,69,368.98,363.22,3,36.80,19.21
110,69,368.98,363.22,4,3.35,37.50
110,70,210.06,85.40,0,3.25,11.34
110,70,210.06,85.40,1,37.88,1.41
110,70,210.06,85.40,2,20.24,10.27
110,70,210.06,85.40,3,36.80,19.21
110,70,210.06,85.40,4,3.35,37.50
110,71,39.93,370.75,0,3.25,11.34
110,71,39.93,370.75,1,37.88,1.41
110,71,39.93,370.75,2,20.24,10.27
110,71,39.93,370.75,3,36.80,19.21
110,71,39.93,370.75,4,3.35,37.50
110,72,24.07,385.08,0,3.25,11.34
110,72,24.07,385.08,1,37.88,1.41
110,72,24.07,385.08,2,20.24,10.27
110,72,24.07,385.08,3,36.80,19.21
110,72,24.07,385.08,4,3.35,37.50
110,73,363.41,148.76,0,3.25,11.34
110,73,363.41,148.76,1,37.88,1.41
110,73,363.41,148.76,2,20.24,10.27
110,73,363.41,148.76,3,36.80,19.21
110,73,363.41,148.76,4,3.35,37.50
110,74,223.10,68.57,0,3.25,11.34
110,74,223.10,68.57,1,37.88,1.41
110,74,223.10,68.57,2,20.24,10.27
110,74,223.10,68.57,3,36.80,19.21
110,74,223.10,68.57,4,3.35,37.50
110,75,192.00,88.65,0,3.25,11.34
110,75,192.00,88.65,1,37.88,1.41
110,75,192.00,88.65,2,20.24,10.27
110,75,192.00,88.65,3,36.80,19.21
110,75,192.00,88.65,4,3.35,37.50
110,76,352.55,101.14,0,3.25,11.34
110,76,352.55,101.14,1,37.88,1.41
110,76,352.55,101.14,2,20.24,10.27
110,76,352.55,101.14,3,36.80,19.21
110,76,352.55,101.14,4,3.35,37.50
110,77,93.05,168.55,0,3.25,11.34
110,77,93.05,168.55,1,37.88,1.41
110,77,93.05,168.55,2,20.24,10.27
110,77,93.05,168.55,3,36.80,19.21
110,77,93.05,168.55,4,3.35,37.50
110,78,191.77,394.17,0,3.25,11.34
110,78,191.77,394.17,1,37.88,1.41
110,78,191.77,394.17,2,20.24,10.27
110,78,191.77,394.17,3,36.80,19.21
110,78,191.77,394.17,4,3.35,37.50
110,79,359.17,212.92,0,3.25,11.34
110,79,359.17,212.92,1,37.88,1.41
110,79,359.17,212.92,2,20.24,10.27
110,79,359.17,212.92,3,36.80,19.21
110,79,359.17,212.92,4,3.35,37.50
110,80,364.22,192.94,0,3.25,11.34
110,80,364.22,192.94,1,37.88,1.41
110,80,364.22,192.94,2,20.24,10.27
110,80,364.22,192.94,3,36.80,19.21
110,80,364.22,192.94,4,3.35,37.50
110,81,257.03,350.18,0,3.25,11.34
110,81,257.03,350.18,1,37.88,1.41
110,81,257.03,350.18,2,20.24,10.27
110,81,257.03,350.18,3,36.80,19.21
110,81,257.03,350.18,4,3.35,37.50
110,82,324.04,106.59,0,3.25,11.34
110,82,324.04,106.59,1,37.88,1.41
110,82,324.04,106.59,2,20.24,10.27
110,82,324.04,106.59,3,36.80,19.21
110,82,324.04,106.59,4,3.35,37.50
110,83,160.21,28.30,0,3.25,11.34
110,83,160.21,28.30,1,37.88,1.41
110,83,160.21,28.30,2,20.24,10.27
110,83,160.21,28.30,3,36.80,19.21
110,83,160.21,28.30,4,3.35,37.50
110,84,223.24,293.33,0,3.25,11.34
110,84,223.24,293.33,1,37.88,1.41
110,84,223.24,293.33,2,20.24,10.27
110,84,223.24,293.33,3,36.80,19.21
110,84,223.24,293.33,4,3.35,37.50
110,85,362.55,117.43,0,3.25,11.34
110,85,362.55,117.43,1,37.88,1.41
110,85,362.55,117.43,2,20.24,10.27
110,85,362.55,117.43,3,36.80,19.21
110,85,362.55,117.43,4,3.35,37.50
110,86,10.67,130.39,0,3.25,11.34
110,86,10.67,130.39,1,37.88,1.41
110,86,10.67,130.39,2,20.24,10.27
110,86,10.67,130.39,3,36.80,19.21
110,86,10.67,130.39,4,3.35,37.50
110,87,383.76,36.66,0,3.25,11.34
110,87,383.76,36.66,1,37.88,1.41
110,87,383.76,36.66,2,20.24,10.27
110,87,383.76,36.66,3,36.80,19.21
110,87,383.76,36.66,4,3.35,37.50
110,88,190.56,297.30,0,3.25,11.34
110,88,190.56,297.30,1,37.88,1.41
110,88,190.56,297.30,2,20.24,10.27
110,88,190.56,297.30,3,36.80,19.21
110,88,190.56,297.30,4,3.35,37.50
110,89,319.66,54.38,0,3.25,11.34
110,89,319.66,54.38,1,37.88,1.41
110,89,319.66,54.38,2,20.24,10.27
110,89,319.66,54.38,3,36.80,19.21
110,89,319.66,54.38,4,3.35,37.50
110,90,189.85,43.80,0,3.25,11.34
110,90,189.85,43.80,1,37.88,1.41
110,90,189.85,43.80,2,20.24,10.27
110,90,189.85,43.80,3,36.80,19.21
110,90,189.85,43.80,4,3.35,37.50
110,92,248.69,85.70,0,3.25,11.34
110,92,248.69,85.70,1,37.88,1.41
110,92,248.69,85.70,2,20.24,10.27
110,92,248.69,85.70,3,36.80,19.21
110,92,248.69,85.70,4,3.35,37.50
110,93,233.53,76.99,0,3.25,11.34
110,93,233.53,76.99,1,37.88,1.41
110,93,233.53,76.99,2,20.24,10.27
110,93,233.53,76.99,3,36.80,19.21
110,93,233.53,76.99,4,3.35,37.50
110,94,38.38,364.49,0,3.25,11.34
110,94,38.38,364.49,1,37.88,1.41
110,94,38.38,364.49,2,20.24,10.27
110,94,38.38,364.49,3,36.80,19.21
110,94,38.38,364.49,4,3.35,37.50
110,95,325.37,151.58,0,3.25,11.34
110,95,325.37,151.58,1,37.88,1.41
110,95,325.37,151.58,2,20.24,10.27
110,95,325.37,151.58,3,36.80,19.21
110,95,325.37,151.58,4,3.35,37.50
110,96,81.36,190.09,0,3.25,11.34
110,96,81.36,190.09,1,37.88,1.41
110,96,81.36,190.09,2,20.24,10.27
110,96,81.36,190.09,3,36.80,19.21
110,96,81.36,190.09,4,3.35,37.50
110,97,253.88,176.23,0,3.25,11.34
110,97,253.88,176.23,1,37.88,1.41
110,97,253.88,176.23,2,20.24,10.27
110,97,253.88,176.23,3,36.80,19.21
110,97,253.88,176.23,4,3.35,37.50
110,98,312.44,19.13,0,3.25,11.34
110,98,312.44,19.13,1,37.88,1.41
110,98,312.44,19.13,2,20.24,10.27
110,98,312.44,19.13,3,36.80,19.21
110,98,312.44,19.13,4,3.35,37.50
110,99,371.83,165.79,0,3.25,11.34
110,99,371.83,165.79,1,37.88,1.41
110,99,371.83,165.79,2,20.24,10.27
110,99,371.83,165.79,3,36.80,19.21
110,99,371.83,165.79,4,3.35,37.50
110,100,372.34,188.24,0,3.25,11.34
110,100,372.34,188.24,1,37.88,1.41
110,100,372.34,188.24,2,20.24,10.27
110,100,372.34,188.24,3,36.80,19.21
110,100,372.34,188.24,4,3.35,37.50
110,101,373.45,14.88,0,3.25,11.34
110,101,373.45,14.88,1,37.88,1.41
110,101,373.45,14.88,2,20.24,10.27
110,101,373.45,14.88,3,36.80,19.21
110,101,373.45,14.88,4,3.35,37.50
110,102,62.05,190.49,0,3.25,11.34
110,102,62.05,190.49,1,37.88,1.41
110,102,62.05,190.49,2,20.24,10.27
110,102,62.05,190.49,3,36.80,19.21
110,102,62.05,190.49,4,3.35,37.50
110,103,129.35,389.15,0,3.25,11.34
110,103,129.35,389.15,1,37.88,1.41
110,103,129.35,389.15,2,20.24,10.27
110,103,129.35,389.15,3,36.80,19.21
110,103,129.35,389.15,4,3.35,37.50
110,104,331.95,14.29,0,3.25,11.34
110,104,331.95,14.29,1,37.88,1.41
110,104,331.95,14.29,2,20.24,10.27
110,104,331.95,14.29,3,36.80,19.21
110,104,331.95,14.29,4,3.35,37.50
110,105,46.85,358.90,0,3.25,11.34
110,105,46.85,358.90,1,37.88,1.41
110,105,46.85,358.90,2,20.24,10.27
110,105,46.85,358.90,3,36.80,19.21
110,105,46.85,358.90,4,3.35,37.50
110,106,64.37,241.78,0,3.25,11.34
110,106,64.37,241.78,1,37.88,1.41
110,106,64.37,241.78,2,20.24,10.27
110,106,64.37,241.78,3,36.80,19.21
110,106,64.37,241.78,4,3.35,37.50
110,107,224.20,117.23,0,3.25,11.34
110,107,224.20,117.23,1,37.88,1.41
110,107,224.20,117.23,2,20.24,10.27
110,107,224.20,117.23,3,36.80,19.21
110,107,224.20,117.23,4,3.35,37.50
110,108,4.11,43.84,0,3.25,11.34
110,108,4.11,43.84,1,37.88,1.41
110,108,4.11,43.84,2,20.24,10.27
110,108,4.11,43.84,3,36.80,19.21
110,108,4.11,43.84,4,3.35,37.50
110,109,78.44,301.24,0,3.25,11.34
110,109,78.44,301.24,1,37.88,1.41
110,109,78.44,301.24,2,20.24,10.27
110,109,78.44,301.24,3,36.80,19.21
110,109,78.44,301.24,4,3.35,37.50
110,110,134.75,328.11,0,3.25,11.34
110,110,134.75,328.11,1,37.88,1.41
110,110,134.75,328.11,2,20.24,10.27
110,110,134.75,328.11,3,36.80,19.21
110,110,134.75,328.11,4,3.35,37.50
110,111,362.32,37.27,0,3.25,11.34
110,111,362.32,37.27,1,37.88,1.41
110,111,362.32,37.27,2,20.24,10.27
110,111,362.32,37.27,3,36.80,19.21
110,111,362.32,37.27,4,3.35,37.50
110,112,164.70,99.92,0,3.25,11.34
110,112,164.70,99.92,1,37.88,1.41
110,112,164.70,99.92,2,20.24,10.27
110,112,164.70,99.92,3,36.80,19.21
110,112,164.70,99.92,4,3.35,37.50
110,113,121.44,130.44,0,3.25,11.34
110,113,121.44,130.44,1,37.88,1.41
110,113,121.44,130.44,2,20.24,10.27
110,113,121.44,130.44,3,36.80,19.21
110,113,121.44,130.44,4,3.35,37.50
110,114,147.88,20.74,0,3.25,11.34
110,114,147.88,20.74,1,37.88,1.41
110,114,147.88,20.74,2,20.24,10.27
110,114,147.88,20.74,3,36.80,19.21
110,114,147.88,20.74,4,3.35,37.50
110,115,378.69,236.31,0,3.25,11.34
110,115,378.69,236.31,1,37.88,1.41
110,115,378.69,236.31,2,20.24,10.27
110,115,378.69,236.31,3,36.80,19.21
110,115,378.69,236.31,4,3.35,37.50
110,116,204.11,152.41,0,3.25,11.34
110,116,204.11,152.41,1,37.88,1.41
110,116,204.11,152.41,2,20.24,10.27
110,116,204.11,152.41,3,36.80,19.21
110,116,204.11,152.41,4,3.35,37.50
110,117,346.87,104.61,0,3.25,11.34
110,117,346.87,104.61,1,37.88,1.41
110,117,346.87,104.61,2,20.24,10.27
110,117,346.87,104.61,3,36.80,19.21
110,117,346.87,104.61,4,3.35,37.50
110,118,104.14,217.41,0,3.25,11.34
110,118,104.14,217.41,1,37.88,1.41
110,118,104.14,217.41,2,20.24,10.27
110,118,104.14,217.41,3,36.80,19.21
110,118,104.14,217.41,4,3.35,37.50
110,119,316.56,97.98,0,3.25,11.34
110,119,316.56,97.98,1,37.88,1.41
110,119,316.56,97.98,2,20.24,10.27
110,119,316.56,97.98,3,36.80,19.21
110,119,316.56,97.98,4,3.35,37.50
110,120,182.65,243.30,0,3.25,11.34
110,120,182.65,243.30,1,37.88,1.41
110,120,182.65,243.30,2,20.24,10.27
110,120,182.65,243.30,3,36.80,19.21
110,120,182.65,243.30,4,3.35,37.50
110,121,82.64,105.07,0,3.25,11.34
110,121,82.64,105.07,1,37.88,1.41
110,121,82.64,105.07,2,20.24,10.27
110,121,82.64,105.07,3,36.80,19.21
110,121,82.64,105.07,4,3.35,37.50
110,122,153.86,230.90,0,3.25,11.34
110,122,153.86,230.90,1,37.88,1.41
110,122,153.86,230.90,2,20.24,10.27
110,122,153.86,230.90,3,36.80,19.21
110,122,153.86,230.90,4,3.35,37.50
110,123,180.37,325.59,0,3.25,11.34
110,123,180.37,325.59,1,37.88,1.41
110,123,180.37,325.59,2,20.24,10.27
110,123,180.37,325.59,3,36.80,19.21
110,123,180.37,325.59,4,3.35,37.50
110,124,113.81,24.53,0,3.25,11.34
110,124,113.81,24.53,1,37.88,1.41
110,124,113.81,24.53,2,20.24,10.27
110,124,113.81,24.53,3,36.80,19.21
110,124,113.81,24.53,4,3.35,37.50
110,125,365.88,86.72,0,3.25,11.34
110,125,365.88,86.72,1,37.88,1.41
110,125,365.88,86.72,2,20.24,10.27
110,125,365.88,86.72,3,36.80,19.21
110,125,365.88,86.72,4,3.35,37.50
110,126,29.03,84.14,0,3.25,11.34
110,126,29.03,84.14,1,37.88,1.41
110,126,29.03,84.14,2,20.24,10.27
110,126,29.03,84.14,3,36.80,19.21
110,126,29.03,84.14,4,3.35,37.50
110,127,32.45,386.25,0,3.25,11.34
110,127,32.45,386.25,1,37.88,1.41
110,127,32.45,386.25,2,20.24,10.27
110,127,32.45,386.25,3,36.80,19.21
110,127,32.45,386.25,4,3.35,37.50
110,128,255.23,368.64,0,3.25,11.34
110,128,255.23,368.64,1,37.88,1.41
110,128,255.23,368.64,2,20.24,10.27
110,128,255.23,368.64,3,36.80,19.21
110,128,255.23,368.64,4,3.35,37.50
110,129,278.29,170.50,0,3.25,11.34
110,129,278.29,170.50,1,37.88,1.41
110,129,278.29,170.50,2,20.24,10.27
110,129,278.29,170.50,3,36.80,19.21
110,129,278.29,170.50,4,3.35,37.50
110,130,371.23,203.42,0,3.25,11.34
110,130,371.23,203.42,1,37.88,1.41
110,130,371.23,203.42,2,20.24,10.27
110,130,371.23,203.42,3,36.80,19.21
110,130,371.23,203.42,4,3.35,37.50
110,131,263.22,61.47,0,3.25,11.34
110,131,263.22,61.47,1,37.88,1.41
110,131,263.22,61.47,2,20.24,10.27
110,131,263.22,61.47,3,36.80,19.21
110,131,263.22,61.47,4,3.35,37.50
110,132,363.36,309.28,0,3.25,11.34
110,132,363.36,309.28,1,37.88,1.41
110,132,363.36,309.28,2,20.24,10.27
110,132,363.36,309.28,3,36.80,19.21
110,132,363.36,309.28,4,3.35,37.50
110,133,6.03,110.69,0,3.25,11.34
110,133,6.03,110.69,1,37.88,1.41
110,133,6.03,110.69,2,20.24,10.27
110,133,6.03,110.69,3,36.80,19.21
110,133,6.03,110.69,4,3.35,37.50
110,134,376.78,34.18,0,3.25,11.34
110,134,376.78,34.18,1,37.88,1.41
110,134,376.78,34.18,2,20.24,10.27
110,134,376.78,34.18,3,36.80,19.21
110,134,376.78,34.18,4,3.35,37.50
110,135,95.28,247.37,0,3.25,11.34
110,135,95.28,247.37,1,37.88,1.41
110,135,95.28,247.37,2,20.24,10.27
110,135,95.28,247.37,3,36.80,19.21
110,135,95.28,247.37,4,3.35,37.50
110,136,350.32,43.35,0,3.25,11.34
110,136,350.32,43.35,1,37.88,1.41
110,136,350.32,43.35,2,20.24,10.27
110,136,350.32,43.35,3,36.80,19.21
110,136,350.32,43.35,4,3.35,37.50
110,137,255.58,53.15,0,3.25,11.34
110,137,255.58,53.15,1,37.88,1.41
110,137,255.58,53.15,2,20.24,10.27
110,137,255.58,53.15,3,36.80,19.21
110,137,255.58,53.15,4,3.35,37.50
110,138,241.09,84.13,0,3.25,11.34
110,138,241.09,84.13,1,37.88,1.41
110,138,241.09,84.13,2,20.24,10.27
110,138,241.09,84.13,3,36.80,19.21
110,138,241.09,84.13,4,3.35,37.50
110,139,358.50,91.82,0,3.25,11.34
110,139,358.50,91.82,1,37.88,1.41
110,139,358.50,91.82,2,20.24,10.27
110,139,358.50,91.82,3,36.80,19.21
110,139,358.50,91.82,4,3.35,37.50
110,140,374.51,8.72,0,3.25,11.34
110,140,374.51,8.72,1,37.88,1.41
110,140,374.51,8.72,2,20.24,10.27
110,140,374.51,8.72,3,36.80,19.21
110,140,374.51,8.72,4,3.35,37.50
110,141,351.66,378.40,0,3.25,11.34
110,141,351.66,378.40,1,37.88,1.41
110,141,351.66,378.40,2,20.24,10.27
110,141,351.66,378.40,3,36.80,19.21
110,141,351.66,378.40,4,3.35,37.50
110,142,237.35,142.87,0,3.25,11.34
110,142,237.35,142.87,1,37.88,1.41
110,142,237.35,142.87,2,20.24,10.27
110,142,237.35,142.87,3,36.80,19.21
110,142,237.35,142.87,4,3.35,37.50
110,143,345.30,354.03,0,3.25,11.34
110,143,345.30,354.03,1,37.88,1.41
110,143,345.30,354.03,2,20.24,10.27
110,143,345.30,354.03,3,36.80,19.21
110,143,345.30,354.03,4,3.35,37.50
110,144,378.05,196.43,0,3.25,11.34
110,144,378.05,196.43,1,37.88,1.41
110,144,378.05,196.43,2,20.24,10.27
110,144,378.05,196.43,3,36.80,19.21
110,144,378.05,196.43,4,3.35,37.50
110,145,244.79,354.04,0,3.25,11.34
110,145,244.79,354.04,1,37.88,1.41
110,145,244.79,354.04,2,20.24,10.27
110,145,244.79,354.04,3,36.80,19.21
110,145,244.79,354.04,4,3.35,37.50
110,146,125.30,210.86,0,3.25,11.34
110,146,125.30,210.86,1,37.88,1.41
110,146,125.30,210.86,2,20.24,10.27
110,146,125.30,210.86,3,36.80,19.21
110,146,125.30,210.86,4,3.35,37.50
110,147,13.76,251.60,0,3.25,11.34
110,147,13.76,251.60,1,37.88,1.41
110,147,13.76,251.60,2,20.24,10.27
110,147,13.76,251.60,3,36.80,19.21
110,147,13.76,251.60,4,3.35,37.50
110,148,291.03,214.16,0,3.25,11.34
110,148,291.03,214.16,1,37.88,1.41
110,148,291.03,214.16,2,20.24,10.27
110,148,291.03,214.16,3,36.80,19.21
110,148,291.03,214.16,4,3.35,37.50
110,149,345.08,276.48,0,3.25,11.34
110,149,345.08,276.48,1,37.88,1.41
110,149,345.08,276.48,2,20.24,10.27
110,149,345.08,276.48,3,36.80,19.21
110,149,345.08,276.48,4,3.35,37.50
110,150,275.84,136.26,0,3.25,11.34
110,150,275.84,136.26,1,37.88,1.41
110,150,275.84,136.26,2,20.24,10.27
110,150,275.84,136.26,3,36.80,19.21
110,150,275.84,136.26,4,3.35,37.50
110,151,195.92,82.54,0,3.25,11.34
110,151,195.92,82.54,1,37.88,1.41
110,151,195.92,82.54,2,20.24,10.27
110,151,195.92,82.54,3,36.80,19.21
110,151,195.92,82.54,4,3.35,37.50
110,152,29.20,69.95,0,3.25,11.34
110,152,29.20,69.95,1,37.88,1.41
110,152,29.20,69.95,2,20.24,10.27
110,152,29.20,69.95,3,36.80,19.21
110,152,29.20,69.95,4,3.35,37.50
110,153,34.71,118.27,0,3.25,11.34
110,153,34.71,118.27,1,37.88,1.41
110,153,34.71,118.27,2,20.24,10.27
110,153,34.71,118.27,3,36.80,19.21
110,153,34.71,118.27,4,3.35,37.50
110,154,368.24,210.62,0,3.25,11.34
110,154,368.24,210.62,1,37.88,1.41
110,154,368.24,210.62,2,20.24,10.27
110,154,368.24,210.62,3,36.80,19.21
110,154,368.24,210.62,4,3.35,37.50
110,155,197.14,158.37,0,3.25,11.34
110,155,197.14,158.37,1,37.88,1.41
110,155,197.14,158.37,2,20.24,10.27
110,155,197.14,158.37,3,36.80,19.21
110,155,197.14,158.37,4,3.35,37.50
110,156,349.09,329.52,0,3.25,11.34
110,156,349.09,329.52,1,37.88,1.41
110,156,349.09,329.52,2,20.24,10.27
110,156,349.09,329.52,3,36.80,19.21
110,156,349.09,329.52,4,3.35,37.50
110,157,187.18,80.06,0,3.25,11.34
110,157,187.18,80.06,1,37.88,1.41
110,157,187.18,80.06,2,20.24,10.27
110,157,187.18,80.06,3,36.80,19.21
110,157,187.18,80.06,4,3.35,37.50
110,158,203.22,82.68,0,3.25,11.34
110,158,203.22,82.68,1,37.88,1.41
110,158,203.22,82.68,2,20.24,10.27
110,158,203.22,82.68,3,36.80,19.21
110,158,203.22,82.68,4,3.35,37.50
110,159,370.70,321.43,0,3.25,11.34
110,159,370.70,321.43,1,37.88,1.41
110,159,370.70,321.43,2,20.24,10.27
110,159,370.70,321.43,3,36.80,19.21
110,159,370.70,321.43,4,3.35,37.50
110,160,317.04,394.52,0,3.25,11.34
110,160,317.04,394.52,1,37.88,1.41
110,160,317.04,394.52,2,20.24,10.27
110,160,317.04,394.52,3,36.80,19.21
110,160,317.04,394.52,4,3.35,37.50
110,161,171.16,168.11,0,3.25,11.34
110,161,171.16,168.11,1,37.88,1.41
110,161,171.16,168.11,2,20.24,10.27
110,161,171.16,168.11,3,36.80,19.21
110,161,171.16,168.11,4,3.35,37.50
110,162,304.51,352.39,0,3.25,11.34
110,162,304.51,352.39,1,37.88,1.41
110,162,304.51,352.39,2,20.24,10.27
110,162,304.51,352.39,3,36.80,19.21
110,162,304.51,352.39,4,3.35,37.50
110,163,161.35,166.04,0,3.25,11.34
110,163,161.35,166.04,1,37.88,1.41
110,163,161.35,166.04,2,20.24,10.27
110,163,161.35,166.04,3,36.80,19.21
110,163,161.35,166.04,4,3.35,37.50
110,164,48.38,10.58,0,3.25,11.34
110,164,48.38,10.58,1,37.88,1.41
110,164,48.38,10.58,2,20.24,10.27
110,164,48.38,10.58,3,36.80,19.21
110,164,48.38,10.58,4,3.35,37.50
110,165,99.82,51.56,0,3.25,11.34
110,165,99.82,51.56,1,37.88,1.41
110,165,99.82,51.56,2,20.24,10.27
110,165,99.82,51.56,3,36.80,19.21
110,165,99.82,51.56,4,3.35,37.50
110,166,263.97,392.86,0,3.25,11.34
110,166,263.97,392.86,1,37.88,1.41
110,166,263.97,392.86,2,20.24,10.27
110,166,263.97,392.86,3,36.80,19.21
110,166,263.97,392.86,4,3.35,37.50
110,167,393.41,338.85,0,3.25,11.34
110,167,393.41,338.85,1,37.88,1.41
110,167,393.41,338.85,2,20.24,10.27
110,167,393.41,338.85,3,36.80,19.21
110,167,393.41,338.85,4,3.35,37.50
110,168,208.11,266.67,0,3.25,11.34
110,168,208.11,266.67,1,37.88,1.41
110,168,208.11,266.67,2,20.24,10.27
110,168,208.11,266.67,3,36.80,19.21
110,168,208.11,266.67,4,3.35,37.50
110,169,198.26,43.01,0,3.25,11.34
110,169,198.26,43.01,1,37.88,1.41
110,169,198.26,43.01,2,20.24,10.27
110,169,198.26,43.01,3,36.80,19.21
110,169,198.26,43.01,4,3.35,37.50
110,170,286.24,268.25,0,3.25,11.34
110,170,286.24,268.25,1,37.88,1.41
110,170,286.24,268.25,2,20.24,10.27
110,170,286.24,268.25,3,36.80,19.21
110,170,286.24,268.25,4,3.35,37.50
110,171,47.73,119.77,0,3.25,11.34
110,171,47.73,119.77,1,37.88,1.41
110,171,47.73,119.77,2,20.24,10.27
110,171,47.73,119.77,3,36.80,19.21
110,171,47.73,119.77,4,3.35,37.50
110,172,344.90,207.56,0,3.25,11.34
110,172,344.90,207.56,1,37.88,1.41
110,172,344.90,207.56,2,20.24,10.27
110,172,344.90,207.56,3,36.80,19.21
110,172,344.90,207.56,4,3.35,37.50
110,173,382.38,143.74,0,3.25,11.34
110,173,382.38,143.74,1,37.88,1.41
110,173,382.38,143.74,2,20.24,10.27
110,173,382.38,143.74,3,36.80,19.21
110,173,382.38,143.74,4,3.35,37.50
110,174,177.27,228.23,0,3.25,11.34
110,174,177.27,228.23,1,37.88,1.41
110,174,177.27,228.23,2,20.24,10.27
110,174,177.27,228.23,3,36.80,19.21
110,174,177.27,228.23,4,3.35,37.50
110,175,362.22,202.22,0,3.25,11.34
110,175,362.22,202.22,1,37.88,1.41
110,175,362.22,202.22,2,20.24,10.27
110,175,362.22,202.22,3,36.80,19.21
110,175,362.22,202.22,4,3.35,37.50
110,176,41.92,215.89,0,3.25,11.34
110,176,41.92,215.89,1,37.88,1.41
110,176,41.92,215.89,2,20.24,10.27
110,176,41.92,215.89,3,36.80,19.21
110,176,41.92,215.89,4,3.35,37.50
110,177,211.08,280.65,0,3.25,11.34
110,177,211.08,280.65,1,37.88,1.41
110,177,211.08,280.65,2,20.24,10.27
110,177,211.08,280.65,3,36.80,19.21
110,177,211.08,280.65,4,3.35,37.50
110,178,197.58,92.86,0,3.25,11.34
110,178,197.58,92.86,1,37.88,1.41
110,178,197.58,92.86,2,20.24,10.27
110,178,197.58,92.86,3,36.80,19.21
110,178,197.58,92.86,4,3.35,37.50
110,179,49.60,310.93,0,3.25,11.34
110,179,49.60,310.93,1,37.88,1.41
110,179,49.60,310.93,2,20.24,10.27
110,179,49.60,310.93,3,36.80,19.21
110,179,49.60,310.93,4,3.35,37.50
110,180,181.51,174.76,0,3.25,11.34
110,180,181.51,174.76,1,37.88,1.41
110,180,181.51,174.76,2,20.24,10.27
110,180,181.51,174.76,3,36.80,19.21
110,180,181.51,174.76,4,3.35,37.50
110,181,6.00,138.70,0,3.25,11.34
110,181,6.00,138.70,1,37.88,1.41
110,181,6.00,138.70,2,20.24,10.27
110,181,6.00,138.70,3,36.80,19.21
110,181,6.00,138.70,4,3.35,37.50
110,182,32.10,374.31,0,3.25,11.34
110,182,32.10,374.31,1,37.88,1.41
110,182,32.10,374.31,2,20.24,10.27
110,182,32.10,374.31,3,36.80,19.21
110,182,32.10,374.31,4,3.35,37.50
110,183,77.25,129.37,0,3.25,11.34
110,183,77.25,129.37,1,37.88,1.41
110,183,77.25,129.37,2,20.24,10.27
110,183,77.25,129.37,3,36.80,19.21
110,183,77.25,129.37,4,3.35,37.50
110,184,25.63,92.97,0,3.25,11.34
110,184,25.63,92.97,1,37.88,1.41
110,184,25.63,92.97,2,20.24,10.27
110,184,25.63,92.97,3,36.80,19.21
110,184,25.63,92.97,4,3.35,37.50
110,185,93.11,289.89,0,3.25,11.34
110,185,93.11,289.89,1,37.88,1.41
110,185,93.11,289.89,2,20.24,10.27
110,185,93.11,289.89,3,36.80,19.21
110,185,93.11,289.89,4,3.35,37.50
110,186,192.35,103.01,0,3.25,11.34
110,186,192.35,103.01,1,37.88,1.41
110,186,192.35,103.01,2,20.24,10.27
110,186,192.35,103.01,3,36.80,19.21
110,186,192.35,103.01,4,3.35,37.50
110,187,154.94,312.16,0,3.25,11.34
110,187,154.94,312.16,1,37.88,1.41
110,187,154.94,312.16,2,20.24,10.27
110,187,154.94,312.16,3,36.80,19.21
110,187,154.94,312.16,4,3.35,37.50
110,188,258.07,147.13,0,3.25,11.34
110,188,258.07,147.13,1,37.88,1.41
110,188,258.07,147.13,2,20.24,10.27
110,188,258.07,147.13,3,36.80,19.21
110,188,258.07,147.13,4,3.35,37.50
110,189,45.34,259.22,0,3.25,11.34
110,189,45.34,259.22,1,37.88,1.41
110,189,45.34,259.22,2,20.24,10.27
110,189,45.34,259.22,3,36.80,19.21
110,189,45.34,259.22,4,3.35,37.50
110,190,46.65,33.16,0,3.25,11.34
110,190,46.65,33.16,1,37.88,1.41
110,190,46.65,33.16,2,20.24,10.27
110,190,46.65,33.16,3,36.80,19.21
110,190,46.65,33.16,4,3.35,37.50
110,191,72.58,343.57,0,3.25,11.34
110,191,72.58,343.57,1,37.88,1.41
110,191,72.58,343.57,2,20.24,10.27
110,191,72.58,343.57,3,36.80,19.21
110,191,72.58,343.57,4,3.35,37.50
110,192,233.24,72.53,0,3.25,11.34
110,192,233.24,72.53,1,37.88,1.41
110,192,233.24,72.53,2,20.24,10.27
110,192,233.24,72.53,3,36.80,19.21
110,192,233.24,72.53,4,3.35,37.50
110,193,336.64,72.39,0,3.25,11.34
110,193,336.64,72.39,1,37.88,1.41
110,193,336.64,72.39,2,20.24,10.27
110,193,336.64,72.39,3,36.80,19.21
110,193,336.64,72.39,4,3.35,37.50
110,194,11.06,147.26,0,3.25,11.34
110,194,11.06,147.26,1,37.88,1.41
110,194,11.06,147.26,2,20.24,10.27
110,194,11.06,147.26,3,36.80,19.21
110,194,11.06,147.26,4,3.35,37.50
110,195,131.18,343.41,0,3.25,11.34
110,195,131.18,343.41,1,37.88,1.41
110,195,131.18,343.41,2,20.24,10.27
110,195,131.18,343.41,3,36.80,19.21
110,195,131.18,343.41,4,3.35,37.50
110,196,38.28,98.18,0,3.25,11.34
110,196,38.28,98.18,1,37.88,1.41
110,196,38.28,98.18,2,20.24,10.27
110,196,38.28,98.18,3,36.80,19.21
110,196,38.28,98.18,4,3.35,37.50
110,197,373.82,222.62,0,3.25,11.34
110,197,373.82,222.62,1,37.88,1.41
110,197,373.82,222.62,2,20.24,10.27
110,197,373.82,222.62,3,36.80,19.21
110,197,373.82,222.62,4,3.35,37.50
110,198,320.15,157.04,0,3.25,11.34
110,198,320.15,157.04,1,37.88,1.41
110,198,320.15,157.04,2,20.24,10.27
110,198,320.15,157.04,3,36.80,19.21
110,198,320.15,157.04,4,3.35,37.50
110,199,13.62,181.32,0,3.25,11.34
110,199,13.62,181.32,1,37.88,1.41
110,199,13.62,181.32,2,20.24,10.27
110,199,13.62,181.32,3,36.80,19.21
110,199,13.62,181.32,4,3.35,37.50
110,200,3.88,56.88,0,3.25,11.34
110,200,3.88,56.88,1,37.88,1.41
110,200,3.88,56.88,2,20.24,10.27
110,200,3.88,56.88,3,36.80,19.21
110,200,3.88,56.88,4,3.35,37.50
110,201,370.23,128.54,0,3.25,11.34
110,201,370.23,128.54,1,37.88,1.41
110,201,370.23,128.54,2,20.24,10.27
110,201,370.23,128.54,3,36.80,19.21
110,201,370.23,128.54,4,3.35,37.50
110,202,360.00,201.67,0,3.25,11.34
110,202,360.00,201.67,1,37.88,1.41
110,202,360.00,201.67,2,20.24,10.27
110,202,360.00,201.67,3,36.80,19.21
110,202,360.00,201.67,4,3.35,37.50
110,203,338.74,237.17,0,3.25,11.34
110,203,338.74,237.17,1,37.88,1.41
110,203,338.74,237.17,2,20.24,10.27
110,203,338.74,237.17,3,36.80,19.21
110,203,338.74,237.17,4,3.35,37.50
110,204,47.50,312.70,0,3.25,11.34
110,204,47.50,312.70,1,37.88,1.41
110,204,47.50,312.70,2,20.24,10.27
110,204,47.50,312.70,3,36.80,19.21
110,204,47.50,312.70,4,3.35,37.50
110,205,65.18,120.89,0,3.25,11.34
110,205,65.18,120.89,1,37.88,1.41
110,205,65.18,120.89,2,20.24,10.27
110,205,65.18,120.89,3,36.80,19.21
110,205,65.18,120.89,4,3.35,37.50
110,206,216.55,125.67,0,3.25,11.34
110,206,216.55,125.67,1,37.88,1.41
110,206,216.55,125.67,2,20.24,10.27
110,206,216.55,125.67,3,36.80,19.21
110,206,216.55,125.67,4,3.35,37.50
110,207,17.80,265.83,0,3.25,11.34
110,207,17.80,265.83,1,37.88,1.41
110,207,17.80,265.83,2,20.24,10.27
110,207,17.80,265.83,3,36.80,19.21
110,207,17.80,265.83,4,3.35,37.50
110,208,68.87,368.46,0,3.25,11.34
110,208,68.87,368.46,1,37.88,1.41
110,208,68.87,368.46,2,20.24,10.27
110,208,68.87,368.46,3,36.80,19.21
110,208,68.87,368.46,4,3.35,37.50
110,209,357.77,171.70,0,3.25,11.34
110,209,357.77,171.70,1,37.88,1.41
110,209,357.77,171.70,2,20.24,10.27
110,209,357.77,171.70,3,36.80,19.21
110,209,357.77,171.70,4,3.35,37.50
110,210,257.87,102.38,0,3.25,11.34
110,210,257.87,102.38,1,37.88,1.41
110,210,257.87,102.38,2,20.24,10.27
110,210,257.87,102.38,3,36.80,19.21
110,210,257.87,102.38,4,3.35,37.50
110,211,162.30,384.60,0,3.25,11.34
110,211,162.30,384.60,1,37.88,1.41
110,211,162.30,384.60,2,20.24,10.27
110,211,162.30,384.60,3,36.80,19.21
110,211,162.30,384.60,4,3.35,37.50
110,212,378.60,293.15,0,3.25,11.34
110,212,378.60,293.15,1,37.88,1.41
110,212,378.60,293.15,2,20.24,10.27
110,212,378.60,293.15,3,36.80,19.21
110,212,378.60,293.15,4,3.35,37.50
110,213,379.89,305.43,0,3.25,11.34
110,213,379.89,305.43,1,37.88,1.41
110,213,379.89,305.43,2,20.24,10.27
110,213,379.89,305.43,3,36.80,19.21
110,213,379.89,305.43,4,3.35,37.50
110,214,235.33,83.02,0,3.25,11.34
110,214,235.33,83.02,1,37.88,1.41
110,214,235.33,83.02,2,20.24,10.27
110,214,235.33,83.02,3,36.80,19.21
110,214,235.33,83.02,4,3.35,37.50
110,215,274.70,377.17,0,3.25,11.34
110,215,274.70,377.17,1,37.88,1.41
110,215,274.70,377.17,2,20.24,10.27
110,215,274.70,377.17,3,36.80,19.21
110,215,274.70,377.17,4,3.35,37.50
110,216,261.01,383.33,0,3.25,11.34
110,216,261.01,383.33,1,37.88,1.41
110,216,261.01,383.33,2,20.24,10.27
110,216,261.01,383.33,3,36.80,19.21
110,216,261.01,383.33,4,3.35,37.50
110,217,363.43,25.51,0,3.25,11.34
110,217,363.43,25.51,1,37.88,1.41
110,217,363.43,25.51,2,20.24,10.27
110,217,363.43,25.51,3,36.80,19.21
110,217,363.43,25.51,4,3.35,37.50
110,218,286.43,392.23,0,3.25,11.34
110,218,286.43,392.23,1,37.88,1.41
110,218,286.43,392.23,2,20.24,10.27
110,218,286.43,392.23,3,36.80,19.21
110,218,286.43,392.23,4,3.35,37.50
110,219,8.68,81.63,0,3.25,11.34
110,219,8.68,81.63,1,37.88,1.41
110,219,8.68,81.63,2,20.24,10.27
110,219,8.68,81.63,3,36.80,19.21
110,219,8.68,81.63,4,3.35,37.50
110,220,354.30,27.00,0,3.25,11.34
110,220,354.30,27.00,1,37.88,1.41
110,220,354.30,27.00,2,20.24,10.27
110,220,354.30,27.00,3,36.80,19.21
110,220,354.30,27.00,4,3.35,37.50
110,221,317.67,247.83,0,3.25,11.34
110,221,317.67,247.83,1,37.88,1.41
110,221,317.67,247.83,2,20.24,10.27
110,221,317.67,247.83,3,36.80,19.21
110,221,317.67,247.83,4,3.35,37.50
110,222,35.29,356.71,0,3.25,11.34
110,222,35.29,356.71,1,37.88,1.41
110,222,35.29,356.71,2,20.24,10.27
110,222,35.29,356.71,3,36.80,19.21
110,222,35.29,356.71,4,3.35,37.50
110,223,317.28,180.98,0,3.25,11.34
110,223,317.28,180.98,1,37.88,1.41
110,223,317.28,180.98,2,20.24,10.27
110,223,317.28,180.98,3,36.80,19.21
110,223,317.28,180.98,4,3.35,37.50
110,224,372.29,35.28,0,3.25,11.34
110,224,372.29,35.28,1,37.88,1.41
110,224,372.29,35.28,2,20.24,10.27
110,224,372.29,35.28,3,36.80,19.21
110,224,372.29,35.28,4,3.35,37.50
110,225,366.61,224.79,0,3.25,11.34
110,225,366.61,224.79,1,37.88,1.41
110,225,366.61,224.79,2,20.24,10.27
110,225,366.61,224.79,3,36.80,19.21
110,225,366.61,224.79,4,3.35,37.50
110,226,275.26,178.82,0,3.25,11.34
110,226,275.26,178.82,1,37.88,1.41
110,226,275.26,178.82,2,20.24,10.27
110,226,275.26,178.82,3,36.80,19.21
110,226,275.26,178.82,4,3.35,37.50
110,227,120.77,325.58,0,3.25,11.34
110,227,120.77,325.58,1,37.88,1.41
110,227,120.77,325.58,2,20.24,10.27
110,227,120.77,325.58,3,36.80,19.21
110,227,120.77,325.58,4,3.35,37.50
110,228,243.31,43.52,0,3.25,11.34
110,228,243.31,43.52,1,37.88,1.41
110,228,243.31,43.52,2,20.24,10.27
110,228,243.31,43.52,3,36.80,19.21
110,228,243.31,43.52,4,3.35,37.50
110,229,142.55,127.11,0,3.25,11.34
110,229,142.55,127.11,1,37.88,1.41
110,229,142.55,127.11,2,20.24,10.27
110,229,142.55,127.11,3,36.80,19.21
110,229,142.55,127.11,4,3.35,37.50
110,230,157.98,18.76,0,3.25,11.34
110,230,157.98,18.76,1,37.88,1.41
110,230,157.98,18.76,2,20.24,10.27
110,230,157.98,18.76,3,36.80,19.21
110,230,157.98,18.76,4,3.35,37.50
110,231,281.75,341.72,0,3.25,11.34
110,231,281.75,341.72,1,37.88,1.41
110,231,281.75,341.72,2,20.24,10.27
110,231,281.75,341.72,3,36.80,19.21
110,231,281.75,341.72,4,3.35,37.50
110,232,316.60,44.49,0,3.25,11.34
110,232,316.60,44.49,1,37.88,1.41
110,232,316.60,44.49,2,20.24,10.27
110,232,316.60,44.49,3,36.80,19.21
110,232,316.60,44.49,4,3.35,37.50
110,233,366.67,272.91,0,3.25,11.34
110,233,366.67,272.91,1,37.88,1.41
110,233,366.67,272.91,2,20.24,10.27
110,233,366.67,272.91,3,36.80,19.21
110,233,366.67,272.91,4,3.35,37.50
110,235,205.75,98.06,0,3.25,11.34
110,235,205.75,98.06,1,37.88,1.41
110,235,205.75,98.06,2,20.24,10.27
110,235,205.75,98.06,3,36.80,19.21
110,235,205.75,98.06,4,3.35,37.50
110,236,224.72,97.96,0,3.25,11.34
110,236,224.72,97.96,1,37.88,1.41
110,236,224.72,97.96,2,20.24,10.27
110,236,224.72,97.96,3,36.80,19.21
110,236,224.72,97.96,4,3.35,37.50
110,237,168.24,177.57,0,3.25,11.34
110,237,168.24,177.57,1,37.88,1.41
110,237,168.24,177.57,2,20.24,10.27
110,237,168.24,177.57,3,36.80,19.21
110,237,168.24,177.57,4,3.35,37.50
110,238,33.65,277.41,0,3.25,11.34
110,238,33.65,277.41,1,37.88,1.41
110,238,33.65,277.41,2,20.24,10.27
110,238,33.65,277.41,3,36.80,19.21
110,238,33.65,277.41,4,3.35,37.50
110,239,175.35,130.62,0,3.25,11.34
110,239,175.35,130.62,1,37.88,1.41
110,239,175.35,130.62,2,20.24,10.27
110,239,175.35,130.62,3,36.80,19.21
110,239,175.35,130.62,4,3.35,37.50
110,240,159.07,224.24,0,3.25,11.34
110,240,159.07,224.24,1,37.88,1.41
110,240,159.07,224.24,2,20.24,10.27
110,240,159.07,224.24,3,36.80,19.21
110,240,159.07,224.24,4,3.35,37.50
110,241,377.17,210.67,0,3.25,11.34
110,241,377.17,210.67,1,37.88,1.41
110,241,377.17,210.67,2,20.24,10.27
110,241,377.17,210.67,3,36.80,19.21
110,241,377.17,210.67,4,3.35,37.50
110,242,201.83,226.70,0,3.25,11.34
110,242,201.83,226.70,1,37.88,1.41
110,242,201.83,226.70,2,20.24,10.27
110,242,201.83,226.70,3,36.80,19.21
110,242,201.83,226.70,4,3.35,37.50
110,243,37.40,255.35,0,3.25,11.34
110,243,37.40,255.35,1,37.88,1.41
110,243,37.40,255.35,2,20.24,10.27
110,243,37.40,255.35,3,36.80,19.21
110,243,37.40,255.35,4,3.35,37.50
110,244,197.46,333.12,0,3.25,11.34
110,244,197.46,333.12,1,37.88,1.41
110,244,197.46,333.12,2,20.24,10.27
110,244,197.46,333.12,3,36.80,19.21
110,244,197.46,333.12,4,3.35,37.50
110,245,190.02,172.97,0,3.25,11.34
110,245,190.02,172.97,1,37.88,1.41
110,245,190.02,172.97,2,20.24,10.27
110,245,190.02,172.97,3,36.80,19.21
110,245,190.02,172.97,4,3.35,37.50
110,246,322.39,253.38,0,3.25,11.34
110,246,322.39,253.38,1,37.88,1.41
110,246,322.39,253.38,2,20.24,10.27
110,246,322.39,253.38,3,36.80,19.21
110,246,322.39,253.38,4,3.35,37.50
110,247,76.22,91.33,0,3.25,11.34
110,247,76.22,91.33,1,37.88,1.41
110,247,76.22,91.33,2,20.24,10.27
110,247,76.22,91.33,3,36.80,19.21
110,247,76.22,91.33,4,3.35,37.50
110,248,393.34,329.29,0,3.25,11.34
110,248,393.34,329.29,1,37.88,1.41
110,248,393.34,329.29,2,20.24,10.27
110,248,393.34,329.29,3,36.80,19.21
110,248,393.34,329.29,4,3.35,37.50
110,249,350.82,385.47,0,3.25,11.34
110,249,350.82,385.47,1,37.88,1.41
110,249,350.82,385.47,2,20.24,10.27
110,249,350.82,385.47,3,36.80,19.21
110,249,350.82,385.47,4,3.35,37.50
110,250,215.01,295.79,0,3.25,11.34
110,250,215.01,295.79,1,37.88,1.41
110,250,215.01,295.79,2,20.24,10.27
110,250,215.01,295.79,3,36.80,19.21
110,250,215.01,295.79,4,3.35,37.50
110,251,106.66,290.53,0,3.25,11.34
110,251,106.66,290.53,1,37.88,1.41
110,251,106.66,290.53,2,20.24,10.27
110,251,106.66,290.53,3,36.80,19.21
110,251,106.66,290.53,4,3.35,37.50
110,252,7.30,63.93,0,3.25,11.34
110,252,7.30,63.93,1,37.88,1.41
110,252,7.30,63.93,2,20.24,10.27
110,252,7.30,63.93,3,36.80,19.21
110,252,7.30,63.93,4,3.35,37.50
110,253,312.81,187.00,0,3.25,11.34
110,253,312.81,187.00,1,37.88,1.41
110,253,312.81,187.00,2,20.24,10.27
110,253,312.81,187.00,3,36.80,19.21
110,253,312.81,187.00,4,3.35,37.50
110,254,350.42,122.15,0,3.25,11.34
110,254,350.42,122.15,1,37.88,1.41
110,254,350.42,122.15,2,20.24,10.27
110,254,350.42,122.15,3,36.80,19.21
110,254,350.42,122.15,4,3.35,37.50
110,255,29.24,291.91,0,3.25,11.34
110,255,29.24,291.91,1,37.88,1.41
110,255,29.24,291.91,2,20.24,10.27
110,255,29.24,291.91,3,36.80,19.21
110,255,29.24,291.91,4,3.35,37.50
110,256,57.00,79.56,0,3.25,11.34
110,256,57.00,79.56,1,37.88,1.41
110,256,57.00,79.56,2,20.24,10.27
110,256,57.00,79.56,3,36.80,19.21
110,256,57.00,79.56,4,3.35,37.50
110,257,344.39,169.24,0,3.25,11.34
110,257,344.39,169.24,1,37.88,1.41
110,257,344.39,169.24,2,20.24,10.27
110,257,344.39,169.24,3,36.80,19.21
110,257,344.39,169.24,4,3.35,37.50
110,258,356.79,60.25,0,3.25,11.34
110,258,356.79,60.25,1,37.88,1.41
110,258,356.79,60.25,2,20.24,10.27
110,258,356.79,60.25,3,36.80,19.21
110,258,356.79,60.25,4,3.35,37.50
110,259,72.07,81.69,0,3.25,11.34
110,259,72.07,81.69,1,37.88,1.41
110,259,72.07,81.69,2,20.24,10.27
110,259,72.07,81.69,3,36.80,19.21
110,259,72.07,81.69,4,3.35,37.50
110,260,294.89,381.03,0,3.25,11.34
110,260,294.89,381.03,1,37.88,1.41
110,260,294.89,381.03,2,20.24,10.27
110,260,294.89,381.03,3,36.80,19.21
110,260,294.89,381.03,4,3.35,37.50
110,261,84.92,382.82,0,3.25,11.34
110,261,84.92,382.82,1,37.88,1.41
110,261,84.92,382.82,2,20.24,10.27
110,261,84.92,382.82,3,36.80,19.21
110,261,84.92,382.82,4,3.35,37.50
110,262,146.10,82.60,0,3.25,11.34
110,262,146.10,82.60,1,37.88,1.41
110,262,146.10,82.60,2,20.24,10.27
110,262,146.10,82.60,3,36.80,19.21
110,262,146.10,82.60,4,3.35,37.50
110,263,149.24,62.65,0,3.25,11.34
110,263,149.24,62.65,1,37.88,1.41
110,263,149.24,62.65,2,20.24,10.27
110,263,149.24,62.65,3,36.80,19.21
110,263,149.24,62.65,4,3.35,37.50
110,264,17.35,143.04,0,3.25,11.34
110,264,17.35,143.04,1,37.88,1.41
110,264,17.35,143.04,2,20.24,10.27
110,264,17.35,143.04,3,36.80,19.21
110,264,17.35,143.04,4,3.35,37.50
110,265,232.42,304.20,0,3.25,11.34
110,265,232.42,304.20,1,37.88,1.41
110,265,232.42,304.20,2,20.24,10.27
110,265,232.42,304.20,3,36.80,19.21
110,265,232.42,304.20,4,3.35,37.50
110,266,135.51,288.47,0,3.25,11.34
110,266,135.51,288.47,1,37.88,1.41
110,266,135.51,288.47,2,20.24,10.27
110,266,135.51,288.47,3,36.80,19.21
110,266,135.51,288.47,4,3.35,37.50
110,267,157.70,43.89,0,3.25,11.34
110,267,157.70,43.89,1,37.88,1.41
110,267,157.70,43.89,2,20.24,10.27
110,267,157.70,43.89,3,36.80,19.21
110,267,157.70,43.89,4,3.35,37.50
110,268,171.22,105.10,0,3.25,11.34
110,268,171.22,105.10,1,37.88,1.41
110,268,171.22,105.10,2,20.24,10.27
110,268,171.22,105.10,3,36.80,19.21
110,268,171.22,105.10,4,3.35,37.50
110,269,4.04,153.43,0,3.25,11.34
110,269,4.04,153.43,1,37.88,1.41
110,269,4.04,153.43,2,20.24,10.27
110,269,4.04,153.43,3,36.80,19.21
110,269,4.04,153.43,4,3.35,37.50
110,270,68.61,282.50,0,3.25,11.34
110,270,68.61,282.50,1,37.88,1.41
110,270,68.61,282.50,2,20.24,10.27
110,270,68.61,282.50,3,36.80,19.21
110,270,68.61,282.50,4,3.35,37.50
110,271,13.24,105.15,0,3.25,11.34
110,271,13.24,105.15,1,37.88,1.41
110,271,13.24,105.15,2,20.24,10.27
110,271,13.24,105.15,3,36.80,19.21
110,271,13.24,105.15,4,3.35,37.50
110,272,57.13,295.18,0,3.25,11.34
110,272,57.13,295.18,1,37.88,1.41
110,272,57.13,295.18,2,20.24,10.27
110,272,57.13,295.18,3,36.80,19.21
110,272,57.13,295.18,4,3.35,37.50
110,273,27.52,246.96,0,3.25,11.34
110,273,27.52,246.96,1,37.88,1.41
110,273,27.52,246.96,2,20.24,10.27
110,273,27.52,246.96,3,36.80,19.21
110,273,27.52,246.96,4,3.35,37.50
110,274,101.92,4.18,0,3.25,11.34
110,274,101.92,4.18,1,37.88,1.41
110,274,101.92,4.18,2,20.24,10.27
110,274,101.92,4.18,3,36.80,19.21
110,274,101.92,4.18,4,3.35,37.50
110,275,297.39,222.05,0,3.25,11.34
110,275,297.39,222.05,1,37.88,1.41
110,275,297.39,222.05,2,20.24,10.27
110,275,297.39,222.05,3,36.80,19.21
110,275,297.39,222.05,4,3.35,37.50
110,276,287.00,243.54,0,3.25,11.34
110,276,287.00,243.54,1,37.88,1.41
110,276,287.00,243.54,2,20.24,10.27
110,276,287.00,243.54,3,36.80,19.21
110,276,287.00,243.54,4,3.35,37.50
110,277,262.01,194.98,0,3.25,11.34
110,277,262.01,194.98,1,37.88,1.41
110,277,262.01,194.98,2,20.24,10.27
110,277,262.01,194.98,3,36.80,19.21
110,277,262.01,194.98,4,3.35,37.50
110,278,88.43,392.62,0,3.25,11.34
110,278,88.43,392.62,1,37.88,1.41
110,278,88.43,392.62,2,20.24,10.27
110,278,88.43,392.62,3,36.80,19.21
110,278,88.43,392.62,4,3.35,37.50
110,279,243.08,378.04,0,3.25,11.34
110,279,243.08,378.04,1,37.88,1.41
110,279,243.08,378.04,2,20.24,10.27
110,279,243.08,378.04,3,36.80,19.21
110,279,243.08,378.04,4,3.35,37.50
110,280,353.50,204.50,0,3.25,11.34
110,280,353.50,204.50,1,37.88,1.41
110,280,353.50,204.50,2,20.24,10.27
110,280,353.50,204.50,3,36.80,19.21
110,280,353.50,204.50,4,3.35,37.50
110,281,203.79,42.28,0,3.25,11.34
110,281,203.79,42.28,1,37.88,1.41
110,281,203.79,42.28,2,20.24,10.27
110,281,203.79,42.28,3,36.80,19.21
110,281,203.79,42.28,4,3.35,37.50
110,282,322.74,174.51,0,3.25,11.34
110,282,322.74,174.51,1,37.88,1.41
110,282,322.74,174.51,2,20.24,10.27
110,282,322.74,174.51,3,36.80,19.21
110,282,322.74,174.51,4,3.35,37.50
110,283,311.16,159.83,0,3.25,11.34
110,283,311.16,159.83,1,37.88,1.41
110,283,311.16,159.83,2,20.24,10.27
110,283,311.16,159.83,3,36.80,19.21
110,283,311.16,159.83,4,3.35,37.50
110,284,193.73,96.44,0,3.25,11.34
110,284,193.73,96.44,1,37.88,1.41
110,284,193.73,96.44,2,20.24,10.27
110,284,193.73,96.44,3,36.80,19.21
110,284,193.73,96.44,4,3.35,37.50
110,285,224.27,349.47,0,3.25,11.34
110,285,224.27,349.47,1,37.88,1.41
110,285,224.27,349.47,2,20.24,10.27
110,285,224.27,349.47,3,36.80,19.21
110,285,224.27,349.47,4,3.35,37.50
110,286,261.47,325.67,0,3.25,11.34
110,286,261.47,325.67,1,37.88,1.41
110,286,261.47,325.67,2,20.24,10.27
110,286,261.47,325.67,3,36.80,19.21
110,286,261.47,325.67,4,3.35,37.50
110,287,364.57,175.13,0,3.25,11.34
110,287,364.57,175.13,1,37.88,1.41
110,287,364.57,175.13,2,20.24,10.27
110,287,364.57,175.13,3,36.80,19.21
110,287,364.57,175.13,4,3.35,37.50
110,288,116.40,2.90,0,3.25,11.34
110,288,116.40,2.90,1,37.88,1.41
110,288,116.40,2.90,2,20.24,10.27
110,288,116.40,2.90,3,36.80,19.21
110,288,116.40,2.90,4,3.35,37.50
110,289,73.34,321.28,0,3.25,11.34
110,289,73.34,321.28,1,37.88,1.41
110,289,73.34,321.28,2,20.24,10.27
110,289,73.34,321.28,3,36.80,19.21
110,289,73.34,321.28,4,3.35,37.50
110,290,287.88,274.71,0,3.25,11.34
110,290,287.88,274.71,1,37.88,1.41
110,290,287.88,274.71,2,20.24,10.27
110,290,287.88,274.71,3,36.80,19.21
110,290,287.88,274.71,4,3.35,37.50
110,291,68.52,20.22,0,3.25,11.34
110,291,68.52,20.22,1,37.88,1.41
110,291,68.52,20.22,2,20.24,10.27
110,291,68.52,20.22,3,36.80,19.21
110,291,68.52,20.22,4,3.35,37.50
110,292,274.36,291.26,0,3.25,11.34
110,292,274.36,291.26,1,37.88,1.41
110,292,274.36,291.26,2,20.24,10.27
110,292,274.36,291.26,3,36.80,19.21
110,292,274.36,291.26,4,3.35,37.50
110,293,195.17,128.18,0,3.25,11.34
110,293,195.17,128.18,1,37.88,1.41
110,293,195.17,128.18,2,20.24,10.27
110,293,195.17,128.18,3,36.80,19.21
110,293,195.17,128.18,4,3.35,37.50
110,294,111.51,350.73,0,3.25,11.34
110,294,111.51,350.73,1,37.88,1.41
110,294,111.51,350.73,2,20.24,10.27
110,294,111.51,350.73,3,36.80,19.21
110,294,111.51,350.73,4,3.35,37.50
110,295,356.09,197.47,0,3.25,11.34
110,295,356.09,197.47,1,37.88,1.41
110,295,356.09,197.47,2,20.24,10.27
110,295,356.09,197.47,3,36.80,19.21
110,295,356.09,197.47,4,3.35,37.50
110,296,328.28,39.12,0,3.25,11.34
110,296,328.28,39.12,1,37.88,1.41
110,296,328.28,39.12,2,20.24,10.27
110,296,328.28,39.12,3,36.80,19.21
110,296,328.28,39.12,4,3.35,37.50
110,297,369.53,114.34,0,3.25,11.34
110,297,369.53,114.34,1,37.88,1.41
110,297,369.53,114.34,2,20.24,10.27
110,297,369.53,114.34,3,36.80,19.21
110,297,369.53,114.34,4,3.35,37.50
110,298,336.98,44.97,0,3.25,11.34
110,298,336.98,44.97,1,37.88,1.41
110,298,336.98,44.97,2,20.24,10.27
110,298,336.98,44.97,3,36.80,19.21
110,298,336.98,44.97,4,3.35,37.50
110,299,26.88,117.77,0,3.25,11.34
110,299,26.88,117.77,1,37.88,1.41
110,299,26.88,117.77,2,20.24,10.27
110,299,26.88,117.77,3,36.80,19.21
110,299,26.88,117.77,4,3.35,37.50
110,300,214.32,343.20,0,3.25,11.34
110,300,214.32,343.20,1,37.88,1.41
110,300,214.32,343.20,2,20.24,10.27
110,300,214.32,343.20,3,36.80,19.21
110,300,214.32,343.20,4,3.35,37.50
120,1,221.30,103.90,0,3.93,12.12
120,1,221.30,103.90,1,37.88,1.41
120,1,221.30,103.90,2,20.69,10.21
120,1,221.30,103.90,3,37.04,18.68
120,1,221.30,103.90,4,2.04,37.25
120,2,32.01,77.98,0,3.93,12.12
120,2,32.01,77.98,1,37.88,1.41
120,2,32.01,77.98,2,20.69,10.21
120,2,32.01,77.98,3,37.04,18.68
120,2,32.01,77.98,4,2.04,37.25
120,3,185.29,268.95,0,3.93,12.12
120,3,185.29,268.95,1,37.88,1.41
120,3,185.29,268.95,2,20.69,10.21
120,3,185.29,268.95,3,37.04,18.68
120,3,185.29,268.95,4,2.04,37.25
120,4,232.05,95.73,0,3.93,12.12
120,4,232.05,95.73,1,37.88,1.41
120,4,232.05,95.73,2,20.69,10.21
120,4,232.05,95.73,3,37.04,18.68
120,4,232.05,95.73,4,2.04,37.25
120,5,17.50,323.12,0,3.93,12.12
120,5,17.50,323.12,1,37.88,1.41
120,5,17.50,323.12,2,20.69,10.21
120,5,17.50,323.12,3,37.04,18.68
120,5,17.50,323.12,4,2.04,37.25
120,6,84.20,285.08,0,3.93,12.12
120,6,84.20,285.08,1,37.88,1.41
120,6,84.20,285.08,2,20.69,10.21
120,6,84.20,285.08,3,37.04,18.68
120,6,84.20,285.08,4,2.04,37.25
120,7,75.79,98.57,0,3.93,12.12
120,7,75.79,98.57,1,37.88,1.41
120,7,75.79,98.57,2,20.69,10.21
120,7,75.79,98.57,3,37.04,18.68
120,7,75.79,98.57,4,2.04,37.25
120,8,151.45,378.92,0,3.93,12.12
120,8,151.45,378.92,1,37.88,1.41
120,8,151.45,378.92,2,20.69,10.21
120,8,151.45,378.92,3,37.04,18.68
120,8,151.45,378.92,4,2.04,37.25
120,9,259.10,207.08,0,3.93,12.12
120,9,259.10,207.08,1,37.88,1.41
120,9,259.10,207.08,2,20.69,10.21
120,9,259.10,207.08,3,37.04,18.68
120,9,259.10,207.08,4,2.04,37.25
120,10,377.93,178.11,0,3.93,12.12
120,10,377.93,178.11,1,37.88,1.41
120,10,377.93,178.11,2,20.69,10.21
120,10,377.93,178.11,3,37.04,18.68
120,10,377.93,178.11,4,2.04,37.25
120,11,158.77,120.10,0,3.93,12.12
120,11,158.77,120.10,1,37.88,1.41
120,11,158.77,120.10,2,20.69,10.21
120,11,158.77,120.10,3,37.04,18.68
120,11,158.77,120.10,4,2.04,37.25
120,12,215.48,88.02,0,3.93,12.12
120,12,215.48,88.02,1,37.88,1.41
120,12,215.48,88.02,2,20.69,10.21
120,12,215.48,88.02,3,37.04,18.68
120,12,215.48,88.02,4,2.04,37.25
120,13,144.88,80.90,0,3.93,12.12
120,13,144.88,80.90,1,37.88,1.41
120,13,144.88,80.90,2,20.69,10.21
120,13,144.88,80.90,3,37.04,18.68
120,13,144.88,80.90,4,2.04,37.25
120,14,20.21,375.22,0,3.93,12.12
120,14,20.21,375.22,1,37.88,1.41
120,14,20.21,375.22,2,20.69,10.21
120,14,20.21,375.22,3,37.04,18.68
120,14,20.21,375.22,4,2.04,37.25
120,15,8.51,329.01,0,3.93,12.12
120,15,8.51,329.01,1,37.88,1.41
120,15,8.51,329.01,2,20.69,10.21
120,15,8.51,329.01,3,37.04,18.68
120,15,8.51,329.01,4,2.04,37.25
120,16,329.30,291.38,0,3.93,12.12
120,16,329.30,291.38,1,37.88,1.41
120,16,329.30,291.38,2,20.69,10.21
120,16,329.30,291.38,3,37.04,18.68
120,16,329.30,291.38,4,2.04,37.25
120,17,380.36,187.29,0,3.93,12.12
120,17,380.36,187.29,1,37.88,1.41
120,17,380.36,187.29,2,20.69,10.21
120,17,380.36,187.29,3,37.04,18.68
120,17,380.36,187.29,4,2.04,37.25
120,18,193.00,357.88,0,3.93,12.12
120,18,193.00,357.88,1,37.88,1.41
120,18,193.00,357.88,2,20.69,10.21
120,18,193.00,357.88,3,37.04,18.68
120,18,193.00,357.88,4,2.04,37.25
120,19,72.83,330.83,0,3.93,12.12
120,19,72.83,330.83,1,37.88,1.41
120,19,72.83,330.83,2,20.69,10.21
120,19,72.83,330.83,3,37.04,18.68
120,19,72.83,330.83,4,2.04,37.25
120,20,212.88,376.43,0,3.93,12.12
120,20,212.88,376.43,1,37.88,1.41
120,20,212.88,376.43,2,20.69,10.21
120,20,212.88,376.43,3,37.04,18.68
120,20,212.88,376.43,4,2.04,37.25
120,21,380.92,127.56,0,3.93,12.12
120,21,380.92,127.56,1,37.88,1.41
120,21,380.92,127.56,2,20.69,10.21
120,21,380.92,127.56,3,37.04,18.68
120,21,380.92,127.56,4,2.04,37.25
120,22,275.98,367.43,0,3.93,12.12
120,22,275.98,367.43,1,37.88,1.41
120,22,275.98,367.43,2,20.69,10.21
120,22,275.98,367.43,3,37.04,18.68
120,22,275.98,367.43,4,2.04,37.25
120,23,345.78,260.45,0,3.93,12.12
120,23,345.78,260.45,1,37.88,1.41
120,23,345.78,260.45,2,20.69,10.21
120,23,345.78,260.45,3,37.04,18.68
120,23,345.78,260.45,4,2.04,37.25
120,24,140.85,59.03,0,3.93,12.12
120,24,140.85,59.03,1,37.88,1.41
120,24,140.85,59.03,2,20.69,10.21
120,24,140.85,59.03,3,37.04,18.68
120,24,140.85,59.03,4,2.04,37.25
120,25,69.47,358.86,0,3.93,12.12
120,25,69.47,358.86,1,37.88,1.41
120,25,69.47,358.86,2,20.69,10.21
120,25,69.47,358.86,3,37.04,18.68
120,25,69.47,358.86,4,2.04,37.25
120,26,298.68,18.29,0,3.93,12.12
120,26,298.68,18.29,1,37.88,1.41
120,26,298.68,18.29,2,20.69,10.21
120,26,298.68,18.29,3,37.04,18.68
120,26,298.68,18.29,4,2.04,37.25
120,27,221.10,86.43,0,3.93,12.12
120,27,221.10,86.43,1,37.88,1.41
120,27,221.10,86.43,2,20.69,10.21
120,27,221.10,86.43,3,37.04,18.68
120,27,221.10,86.43,4,2.04,37.25
120,28,381.67,359.92,0,3.93,12.12
120,28,381.67,359.92,1,37.88,1.41
120,28,381.67,359.92,2,20.69,10.21
120,28,381.67,359.92,3,37.04,18.68
120,28,381.67,359.92,4,2.04,37.25
120,29,146.53,255.19,0,3.93,12.12
120,29,146.53,255.19,1,37.88,1.41
120,29,146.53,255.19,2,20.69,10.21
120,29,146.53,255.19,3,37.04,18.68
120,29,146.53,255.19,4,2.04,37.25
120,30,367.21,198.71,0,3.93,12.12
120,30,367.21,198.71,1,37.88,1.41
120,30,367.21,198.71,2,20.69,10.21
120,30,367.21,198.71,3,37.04,18.68
120,30,367.21,198.71,4,2.04,37.25
120,31,193.71,34.77,0,3.93,12.12
120,31,193.71,34.77,1,37.88,1.41
120,31,193.71,34.77,2,20.69,10.21
120,31,193.71,34.77,3,37.04,18.68
120,31,193.71,34.77,4,2.04,37.25
120,32,229.17,67.63,0,3.93,12.12
120,32,229.17,67.63,1,37.88,1.41
120,32,229.17,67.63,2,20.69,10.21
120,32,229.17,67.63,3,37.04,18.68
120,32,229.17,67.63,4,2.04,37.25
120,33,39.42,273.03,0,3.93,12.12
120,33,39.42,273.03,1,37.88,1.41
120,33,39.42,273.03,2,20.69,10.21
120,33,39.42,273.03,3,37.04,18.68
120,33,39.42,273.03,4,2.04,37.25
120,34,183.42,100.17,0,3.93,12.12
120,34,183.42,100.17,1,37.88,1.41
120,34,183.42,100.17,2,20.69,10.21
120,34,183.42,100.17,3,37.04,18.68
120,34,183.42,100.17,4,2.04,37.25
120,35,321.21,208.72,0,3.93,12.12
120,35,321.21,208.72,1,37.88,1.41
120,35,321.21,208.72,2,20.69,10.21
120,35,321.21,208.72,3,37.04,18.68
120,35,321.21,208.72,4,2.04,37.25
120,36,97.46,320.61,0,3.93,12.12
120,36,97.46,320.61,1,37.88,1.41
120,36,97.46,320.61,2,20.69,10.21
120,36,97.46,320.61,3,37.04,18.68
120,36,97.46,320.61,4,2.04,37.25
120,37,307.04,281.38,0,3.93,12.12
120,37,307.04,281.38,1,37.88,1.41
120,37,307.04,281.38,2,20.69,10.21
120,37,307.04,281.38,3,37.04,18.68
120,37,307.04,281.38,4,2.04,37.25
120,38,127.02,240.39,0,3.93,12.12
120,38,127.02,240.39,1,37.88,1.41
120,38,127.02,240.39,2,20.69,10.21
120,38,127.02,240.39,3,37.04,18.68
120,38,127.02,240.39,4,2.04,37.25
120,39,108.31,204.63,0,3.93,12.12
120,39,108.31,204.63,1,37.88,1.41
120,39,108.31,204.63,2,20.69,10.21
120,39,108.31,204.63,3,37.04,18.68
120,39,108.31,204.63,4,2.04,37.25
120,40,270.59,100.34,0,3.93,12.12
120,40,270.59,100.34,1,37.88,1.41
120,40,270.59,100.34,2,20.69,10.21
120,40,270.59,100.34,3,37.04,18.68
120,40,270.59,100.34,4,2.04,37.25
120,41,254.69,305.64,0,3.93,12.12
120,41,254.69,305.64,1,37.88,1.41
120,41,254.69,305.64,2,20.69,10.21
120,41,254.69,305.64,3,37.04,18.68
120,41,254.69,305.64,4,2.04,37.25
120,42,354.92,237.02,0,3.93,12.12
120,42,354.92,237.02,1,37.88,1.41
120,42,354.92,237.02,2,20.69,10.21
120,42,354.92,237.02,3,37.04,18.68
120,42,354.92,237.02,4,2.04,37.25
120,43,210.04,75.38,0,3.93,12.12
120,43,210.04,75.38,1,37.88,1.41
120,43,210.04,75.38,2,20.69,10.21
120,43,210.04,75.38,3,37.04,18.68
120,43,210.04,75.38,4,2.04,37.25
120,44,353.23,210.70,0,3.93,12.12
120,44,353.23,210.70,1,37.88,1.41
120,44,353.23,210.70,2,20.69,10.21
120,44,353.23,210.70,3,37.04,18.68
120,44,353.23,210.70,4,2.04,37.25
120,45,212.59,96.27,0,3.93,12.12
120,45,212.59,96.27,1,37.88,1.41
120,45,212.59,96.27,2,20.69,10.21
120,45,212.59,96.27,3,37.04,18.68
120,45,212.59,96.27,4,2.04,37.25
120,46,73.50,375.58,0,3.93,12.12
120,46,73.50,375.58,1,37.88,1.41
120,46,73.50,375.58,2,20.69,10.21
120,46,73.50,375.58,3,37.04,18.68
120,46,73.50,375.58,4,2.04,37.25
120,47,56.34,301.95,0,3.93,12.12
120,47,56.34,301.95,1,37.88,1.41
120,47,56.34,301.95,2,20.69,10.21
120,47,56.34,301.95,3,37.04,18.68
120,47,56.34,301.95,4,2.04,37.25
120,48,344.45,200.31,0,3.93,12.12
120,48,344.45,200.31,1,37.88,1.41
120,48,344.45,200.31,2,20.69,10.21
120,48,344.45,200.31,3,37.04,18.68
120,48,344.45,200.31,4,2.04,37.25
120,49,194.79,131.04,0,3.93,12.12
120,49,194.79,131.04,1,37.88,1.41
120,49,194.79,131.04,2,20.69,10.21
120,49,194.79,131.04,3,37.04,18.68
120,49,194.79,131.04,4,2.04,37.25
120,50,306.68,315.93,0,3.93,12.12
120,50,306.68,315.93,1,37.88,1.41
120,50,306.68,315.93,2,20.69,10.21
120,50,306.68,315.93,3,37.04,18.68
120,50,306.68,315.93,4,2.04,37.25
120,51,27.44,365.14,0,3.93,12.12
120,51,27.44,365.14,1,37.88,1.41
120,51,27.44,365.14,2,20.69,10.21
120,51,27.44,365.14,3,37.04,18.68
120,51,27.44,365.14,4,2.04,37.25
120,52,205.15,104.88,0,3.93,12.12
120,52,205.15,104.88,1,37.88,1.41
120,52,205.15,104.88,2,20.69,10.21
120,52,205.15,104.88,3,37.04,18.68
120,52,205.15,104.88,4,2.04,37.25
120,53,271.05,241.11,0,3.93,12.12
120,53,271.05,241.11,1,37.88,1.41
120,53,271.05,241.11,2,20.69,10.21
120,53,271.05,241.11,3,37.04,18.68
120,53,271.05,241.11,4,2.04,37.25
120,54,345.44,25.94,0,3.93,12.12
120,54,345.44,25.94,1,37.88,1.41
120,54,345.44,25.94,2,20.69,10.21
120,54,345.44,25.94,3,37.04,18.68
120,54,345.44,25.94,4,2.04,37.25
120,55,270.15,249.76,0,3.93,12.12
120,55,270.15,249.76,1,37.88,1.41
120,55,270.15,249.76,2,20.69,10.21
120,55,270.15,249.76,3,37.04,18.68
120,55,270.15,249.76,4,2.04,37.25
120,56,313.00,170.05,0,3.93,12.12
120,56,313.00,170.05,1,37.88,1.41
120,56,313.00,170.05,2,20.69,10.21
120,56,313.00,170.05,3,37.04,18.68
120,56,313.00,170.05,4,2.04,37.25
120,57,92.09,180.76,0,3.93,12.12
120,57,92.09,180.76,1,37.88,1.41
120,57,92.09,180.76,2,20.69,10.21
120,57,92.09,180.76,3,37.04,18.68
120,57,92.09,180.76,4,2.04,37.25
120,58,350.85,195.23,0,3.93,12.12
120,58,350.85,195.23,1,37.88,1.41
120,58,350.85,195.23,2,20.69,10.21
120,58,350.85,195.23,3,37.04,18.68
120,58,350.85,195.23,4,2.04,37.25
120,59,54.67,135.22,0,3.93,12.12
120,59,54.67,135.22,1,37.88,1.41
120,59,54.67,135.22,2,20.69,10.21
120,59,54.67,135.22,3,37.04,18.68
120,59,54.67,135.22,4,2.04,37.25
120,60,174.17,271.83,0,3.93,12.12
120,60,174.17,271.83,1,37.88,1.41
120,60,174.17,271.83,2,20.69,10.21
120,60,174.17,271.83,3,37.04,18.68
120,60,174.17,271.83,4,2.04,37.25
120,61,27.82,131.86,0,3.93,12.12
120,61,27.82,131.86,1,37.88,1.41
120,61,27.82,131.86,2,20.69,10.21
120,61,27.82,131.86,3,37.04,18.68
120,61,27.82,131.86,4,2.04,37.25
120,62,38.20,376.08,0,3.93,12.12
120,62,38.20,376.08,1,37.88,1.41
120,62,38.20,376.08,2,20.69,10.21
120,62,38.20,376.08,3,37.04,18.68
120,62,38.20,376.08,4,2.04,37.25
120,63,110.02,174.73,0,3.93,12.12
120,63,110.02,174.73,1,37.88,1.41
120,63,110.02,174.73,2,20.69,10.21
120,63,110.02,174.73,3,37.04,18.68
120,63,110.02,174.73,4,2.04,37.25
120,64,342.47,33.41,0,3.93,12.12
120,64,342.47,33.41,1,37.88,1.41
120,64,342.47,33.41,2,20.69,10.21
120,64,342.47,33.41,3,37.04,18.68
120,64,342.47,33.41,4,2.04,37.25
120,65,338.85,269.71,0,3.93,12.12
120,65,338.85,269.71,1,37.88,1.41
120,65,338.85,269.71,2,20.69,10.21
120,65,338.85,269.71,3,37.04,18.68
120,65,338.85,269.71,4,2.04,37.25
120,66,101.50,381.71,0,3.93,12.12
120,66,101.50,381.71,1,37.88,1.41
120,66,101.50,381.71,2,20.69,10.21
120,66,101.50,381.71,3,37.04,18.68
120,66,101.50,381.71,4,2.04,37.25
120,67,40.59,229.13,0,3.93,12.12
120,67,40.59,229.13,1,37.88,1.41
120,67,40.59,229.13,2,20.69,10.21
120,67,40.59,229.13,3,37.04,18.68
120,67,40.59,229.13,4,2.04,37.25
120,68,237.98,319.51,0,3.93,12.12
120,68,237.98,319.51,1,37.88,1.41
120,68,237.98,319.51,2,20.69,10.21
120,68,237.98,319.51,3,37.04,18.68
120,68,237.98,319.51,4,2.04,37.25
120,69,371.89,358.53,0,3.93,12.12
120,69,371.89,358.53,1,37.88,1.41
120,69,371.89,358.53,2,20.69,10.21
120,69,371.89,358.53,3,37.04,18.68
120,69,371.89,358.53,4,2.04,37.25
120,70,209.18,87.06,0,3.93,12.12
120,70,209.18,87.06,1,37.88,1.41
120,70,209.18,87.06,2,20.69,10.21
120,70,209.18,87.06,3,37.04,18.68
120,70,209.18,87.06,4,2.04,37.25
120,71,38.79,370.97,0,3.93,12.12
120,71,38.79,370.97,1,37.88,1.41
120,71,38.79,370.97,2,20.69,10.21
120,71,38.79,370.97,3,37.04,18.68
120,71,38.79,370.97,4,2.04,37.25
120,72,22.06,384.63,0,3.93,12.12
120,72,22.06,384.63,1,37.88,1.41
120,72,22.06,384.63,2,20.69,10.21
120,72,22.06,384.63,3,37.04,18.68
120,72,22.06,384.63,4,2.04,37.25
120,73,364.95,151.35,0,3.93,12.12
120,73,364.95,151.35,1,37.88,1.41
120,73,364.95,151.35,2,20.69,10.21
120,73,364.95,151.35,3,37.04,18.68
120,73,364.95,151.35,4,2.04,37.25
120,74,221.99,71.12,0,3.93,12.12
120,74,221.99,71.12,1,37.88,1.41
120,74,221.99,71.12,2,20.69,10.21
120,74,221.99,71.12,3,37.04,18.68
120,74,221.99,71.12,4,2.04,37.25
120,75,189.97,87.89,0,3.93,12.12
120,75,189.97,87.89,1,37.88,1.41
120,75,189.97,87.89,2,20.69,10.21
120,75,189.97,87.89,3,37.04,18.68
120,75,189.97,87.89,4,2.04,37.25
120,76,352.91,104.77,0,3.93,12.12
120,76,352.91,104.77,1,37.88,1.41
120,76,352.91,104.77,2,20.69,10.21
120,76,352.91,104.77,3,37.04,18.68
120,76,352.91,104.77,4,2.04,37.25
120,77,90.23,164.90,0,3.93,12.12
120,77,90.23,164.90,1,37.88,1.41
120,77,90.23,164.90,2,20.69,10.21
120,77,90.23,164.90,3,37.04,18.68
120,77,90.23,164.90,4,2.04,37.25
120,78,192.48,392.64,0,3.93,12.12
120,78,192.48,392.64,1,37.88,1.41
120,78,192.48,392.64,2,20.69,10.21
120,78,192.48,392.64,3,37.04,18.68
120,78,192.48,392.64,4,2.04,37.25
120,79,361.04,209.52,0,3.93,12.12
120,79,361.04,209.52,1,37.88,1.41
120,79,361.04,209.52,2,20.69,10.21
120,79,361.04,209.52,3,37.04,18.68
120,79,361.04,209.52,4,2.04,37.25
120,80,365.41,190.92,0,3.93,12.12
120,80,365.41,190.92,1,37.88,1.41
120,80,365.41,190.92,2,20.69,10.21
120,80,365.41,190.92,3,37.04,18.68
120,80,365.41,190.92,4,2.04,37.25
120,81,255.13,351.32,0,3.93,12.12
120,81,255.13,351.32,1,37.88,1.41
120,81,255.13,351.32,2,20.69,10.21
120,81,255.13,351.32,3,37.04,18.68
120,81,255.13,351.32,4,2.04,37.25
120,82,323.74,108.95,0,3.93,12.12
120,82,323.74,108.95,1,37.88,1.41
120,82,323.74,108.95,2,20.69,10.21
120,82,323.74,108.95,3,37.04,18.68
120,82,323.74,108.95,4,2.04,37.25
120,83,161.01,31.65,0,3.93,12.12
120,83,161.01,31.65,1,37.88,1.41
120,83,161.01,31.65,2,20.69,10.21
120,83,161.01,31.65,3,37.04,18.68
120,83,161.01,31.65,4,2.04,37.25
120,84,222.12,292.83,0,3.93,12.12
120,84,222.12,292.83,1,37.88,1.41
120,84,222.12,292.83,2,20.69,10.21
120,84,222.12,292.83,3,37.04,18.68
120,84,222.12,292.83,4,2.04,37.25
120,85,362.95,119.02,0,3.93,12.12
120,85,362.95,119.02,1,37.88,1.41
120,85,362.95,119.02,2,20.69,10.21
120,85,362.95,119.02,3,37.04,18.68
120,85,362.95,119.02,4,2.04,37.25
120,86,16.10,128.81,0,3.93,12.12
120,86,16.10,128.81,1,37.88,1.41
120,86,16.10,128.81,2,20.69,10.21
120,86,16.10,128.81,3,37.04,18.68
120,86,16.10,128.81,4,2.04,37.25
120,87,384.01,33.61,0,3.93,12.12
120,87,384.01,33.61,1,37.88,1.41
120,87,384.01,33.61,2,20.69,10.21
120,87,384.01,33.61,3,37.04,18.68
120,87,384.01,33.61,4,2.04,37.25
120,88,191.25,298.80,0,3.93,12.12
120,88,191.25,298.80,1,37.88,1.41
120,88,191.25,298.80,2,20.69,10.21
120,88,191.25,298.80,3,37.04,18.68
120,88,191.25,298.80,4,2.04,37.25
120,89,319.09,50.52,0,3.93,12.12
120,89,319.09,50.52,1,37.88,1.41
120,89,319.09,50.52,2,20.69,10.21
120,89,319.09,50.52,3,37.04,18.68
120,89,319.09,50.52,4,2.04,37.25
120,90,191.56,45.58,0,3.93,12.12
120,90,191.56,45.58,1,37.88,1.41
120,90,191.56,45.58,2,20.69,10.21
120,90,191.56,45.58,3,37.04,18.68
120,90,191.56,45.58,4,2.04,37.25
120,92,244.47,86.80,0,3.93,12.12
120,92,244.47,86.80,1,37.88,1.41
120,92,244.47,86.80,2,20.69,10.21
120,92,244.47,86.80,3,37.04,18.68
120,92,244.47,86.80,4,2.04,37.25
120,93,233.58,77.20,0,3.93,12.12
120,93,233.58,77.20,1,37.88,1.41
120,93,233.58,77.20,2,20.69,10.21
120,93,233.58,77.20,3,37.04,18.68
120,93,233.58,77.20,4,2.04,37.25
120,94,35.54,365.90,0,3.93,12.12
120,94,35.54,365.90,1,37.88,1.41
120,94,35.54,365.90,2,20.69,10.21
120,94,35.54,365.90,3,37.04,18.68
120,94,35.54,365.90,4,2.04,37.25
120,95,327.50,152.50,0,3.93,12.12
120,95,327.50,152.50,1,37.88,1.41
120,95,327.50,152.50,2,20.69,10.21
120,95,327.50,152.50,3,37.04,18.68
120,95,327.50,152.50,4,2.04,37.25
120,96,80.98,187.44,0,3.93,12.12
120,96,80.98,187.44,1,37.88,1.41
120,96,80.98,187.44,2,20.69,10.21
120,96,80.98,187.44,3,37.04,18.68
120,96,80.98,187.44,4,2.04,37.25
120,97,252.98,174.49,0,3.93,12.12
120,97,252.98,174.49,1,37.88,1.41
120,97,252.98,174.49,2,20.69,10.21
120,97,252.98,174.49,3,37.04,18.68
120,97,252.98,174.49,4,2.04,37.25
120,98,316.38,17.75,0,3.93,12.12
120,98,316.38,17.75,1,37.88,1.41
120,98,316.38,17.75,2,20.69,10.21
120,98,316.38,17.75,3,37.04,18.68
120,98,316.38,17.75,4,2.04,37.25
120,99,370.18,167.81,0,3.93,12.12
120,99,370.18,167.81,1,37.88,1.41
120,99,370.18,167.81,2,20.69,10.21
120,99,370.18,167.81,3,37.04,18.68
120,99,370.18,167.81,4,2.04,37.25
120,100,371.68,185.56,0,3.93,12.12
120,100,371.68,185.56,1,37.88,1.41
120,100,371.68,185.56,2,20.69,10.21
120,100,371.68,185.56,3,37.04,18.68
120,100,371.68,185.56,4,2.04,37.25
120,101,374.50,14.81,0,3.93,12.12
120,101,374.50,14.81,1,37.88,1.41
120,101,374.50,14.81,2,20.69,10.21
120,101,374.50,14.81,3,37.04,18.68
120,101,374.50,14.81,4,2.04,37.25
120,102,60.80,187.66,0,3.93,12.12
120,102,60.80,187.66,1,37.88,1.41
120,102,60.80,187.66,2,20.69,10.21
120,102,60.80,187.66,3,37.04,18.68
120,102,60.80,187.66,4,2.04,37.25
120,103,127.77,387.27,0,3.93,12.12
120,103,127.77,387.27,1,37.88,1.41
120,103,127.77,387.27,2,20.69,10.21
120,103,127.77,387.27,3,37.04,18.68
120,103,127.77,387.27,4,2.04,37.25
120,104,333.73,14.09,0,3.93,12.12
120,104,333.73,14.09,1,37.88,1.41
120,104,333.73,14.09,2,20.69,10.21
120,104,333.73,14.09,3,37.04,18.68
120,104,333.73,14.09,4,2.04,37.25
120,105,44.12,361.30,0,3.93,12.12
120,105,44.12,361.30,1,37.88,1.41
120,105,44.12,361.30,2,20.69,10.21
120,105,44.12,361.30,3,37.04,18.68
120,105,44.12,361.30,4,2.04,37.25
120,106,63.95,244.26,0,3.93,12.12
120,106,63.95,244.26,1,37.88,1.41
120,106,63.95,244.26,2,20.69,10.21
120,106,63.95,244.26,3,37.04,18.68
120,106,63.95,244.26,4,2.04,37.25
120,107,223.10,115.31,0,3.93,12.12
120,107,223.10,115.31,1,37.88,1.41
120,107,223.10,115.31,2,20.69,10.21
120,107,223.10,115.31,3,37.04,18.68
120,107,223.10,115.31,4,2.04,37.25
120,108,4.26,46.12,0,3.93,12.12
120,108,4.26,46.12,1,37.88,1.41
120,108,4.26,46.12,2,20.69,10.21
120,108,4.26,46.12,3,37.04,18.68
120,108,4.26,46.12,4,2.04,37.25
120,109,76.71,303.71,0,3.93,12.12
120,109,76.71,303.71,1,37.88,1.41
120,109,76.71,303.71,2,20.69,10.21
120,109,76.71,303.71,3,37.04,18.68
120,109,76.71,303.71,4,2.04,37.25
120,110,132.55,329.44,0,3.93,12.12
120,110,132.55,329.44,1,37.88,1.41
120,110,132.55,329.44,2,20.69,10.21
120,110,132.55,329.44,3,37.04,18.68
120,110,132.55,329.44,4,2.04,37.25
120,111,363.30,33.77,0,3.93,12.12
120,111,363.30,33.77,1,37.88,1.41
120,111,363.30,33.77,2,20.69,10.21
120,111,363.30,33.77,3,37.04,18.68
120,111,363.30,33.77,4,2.04,37.25
120,112,167.35,100.31,0,3.93,12.12
120,112,167.35,100.31,1,37.88,1.41
120,112,167.35,100.31,2,20.69,10.21
120,112,167.35,100.31,3,37.04,18.68
120,112,167.35,100.31,4,2.04,37.25
120,113,118.61,128.76,0,3.93,12.12
120,113,118.61,128.76,1,37.88,1.41
120,113,118.61,128.76,2,20.69,10.21
120,113,118.61,128.76,3,37.04,18.68
120,113,118.61,128.76,4,2.04,37.25
120,114,150.57,21.92,0,3.93,12.12
120,114,150.57,21.92,1,37.88,1.41
120,114,150.57,21.92,2,20.69,10.21
120,114,150.57,21.92,3,37.04,18.68
120,114,150.57,21.92,4,2.04,37.25
120,115,377.07,234.38,0,3.93,12.12
120,115,377.07,234.38,1,37.88,1.41
120,115,377.07,234.38,2,20.69,10.21
120,115,377.07,234.38,3,37.04,18.68
120,115,377.07,234.38,4,2.04,37.25
120,116,205.29,148.95,0,3.93,12.12
120,116,205.29,148.95,1,37.88,1.41
120,116,205.29,148.95,2,20.69,10.21
120,116,205.29,148.95,3,37.04,18.68
120,116,205.29,148.95,4,2.04,37.25
120,117,347.64,106.84,0,3.93,12.12
120,117,347.64,106.84,1,37.88,1.41
120,117,347.64,106.84,2,20.69,10.21
120,117,347.64,106.84,3,37.04,18.68
120,117,347.64,106.84,4,2.04,37.25
120,118,100.97,215.89,0,3.93,12.12
120,118,100.97,215.89,1,37.88,1.41
120,118,100.97,215.89,2,20.69,10.21
120,118,100.97,215.89,3,37.04,18.68
120,118,100.97,215.89,4,2.04,37.25
120,119,319.44,101.57,0,3.93,12.12
120,119,319.44,101.57,1,37.88,1.41
120,119,319.44,101.57,2,20.69,10.21
120,119,319.44,101.57,3,37.04,18.68
120,119,319.44,101.57,4,2.04,37.25
120,120,183.92,241.19,0,3.93,12.12
120,120,183.92,241.19,1,37.88,1.41
120,120,183.92,241.19,2,20.69,10.21
120,120,183.92,241.19,3,37.04,18.68
120,120,183.92,241.19,4,2.04,37.25
120,121,80.83,105.74,0,3.93,12.12
120,121,80.83,105.74,1,37.88,1.41
120,121,80.83,105.74,2,20.69,10.21
120,121,80.83,105.74,3,37.04,18.68
120,121,80.83,105.74,4,2.04,37.25
120,122,150.95,230.03,0,3.93,12.12
120,122,150.95,230.03,1,37.88,1.41
120,122,150.95,230.03,2,20.69,10.21
120,122,150.95,230.03,3,37.04,18.68
120,122,150.95,230.03,4,2.04,37.25
120,123,180.15,326.82,0,3.93,12.12
120,123,180.15,326.82,1,37.88,1.41
120,123,180.15,326.82,2,20.69,10.21
120,123,180.15,326.82,3,37.04,18.68
120,123,180.15,326.82,4,2.04,37.25
120,124,115.96,26.28,0,3.93,12.12
120,124,115.96,26.28,1,37.88,1.41
120,124,115.96,26.28,2,20.69,10.21
120,124,115.96,26.28,3,37.04,18.68
120,124,115.96,26.28,4,2.04,37.25
120,125,365.72,91.80,0,3.93,12.12
120,125,365.72,91.80,1,37.88,1.41
120,125,365.72,91.80,2,20.69,10.21
120,125,365.72,91.80,3,37.04,18.68
120,125,365.72,91.80,4,2.04,37.25
120,126,28.51,86.44,0,3.93,12.12
120,126,28.51,86.44,1,37.88,1.41
120,126,28.51,86.44,2,20.69,10.21
120,126,28.51,86.44,3,37.04,18.68
120,126,28.51,86.44,4,2.04,37.25
120,127,31.98,384.75,0,3.93,12.12
120,127,31.98,384.75,1,37.88,1.41
120,127,31.98,384.75,2,20.69,10.21
120,127,31.98,384.75,3,37.04,18.68
120,127,31.98,384.75,4,2.04,37.25
120,128,254.35,368.88,0,3.93,12.12
120,128,254.35,368.88,1,37.88,1.41
120,128,254.35,368.88,2,20.69,10.21
120,128,254.35,368.88,3,37.04,18.68
120,128,254.35,368.88,4,2.04,37.25
120,129,279.67,171.41,0,3.93,12.12
120,129,279.67,171.41,1,37.88,1.41
120,129,279.67,171.41,2,20.69,10.21
120,129,279.67,171.41,3,37.04,18.68
120,129,279.67,171.41,4,2.04,37.25
120,130,372.39,201.16,0,3.93,12.12
120,130,372.39,201.16,1,37.88,1.41
120,130,372.39,201.16,2,20.69,10.21
120,130,372.39,201.16,3,37.04,18.68
120,130,372.39,201.16,4,2.04,37.25
120,131,260.19,62.85,0,3.93,12.12
120,131,260.19,62.85,1,37.88,1.41
120,131,260.19,62.85,2,20.69,10.21
120,131,260.19,62.85,3,37.04,18.68
120,131,260.19,62.85,4,2.04,37.25
120,132,364.04,306.09,0,3.93,12.12
120,132,364.04,306.09,1,37.88,1.41
120,132,364.04,306.09,2,20.69,10.21
120,132,364.04,306.09,3,37.04,18.68
120,132,364.04,306.09,4,2.04,37.25
120,133,8.68,110.21,0,3.93,12.12
120,133,8.68,110.21,1,37.88,1.41
120,133,8.68,110.21,2,20.69,10.21
120,133,8.68,110.21,3,37.04,18.68
120,133,8.68,110.21,4,2.04,37.25
120,134,376.95,33.24,0,3.93,12.12
120,134,376.95,33.24,1,37.88,1.41
120,134,376.95,33.24,2,20.69,10.21
120,134,376.95,33.24,3,37.04,18.68
120,134,376.95,33.24,4,2.04,37.25
120,135,94.35,250.36,0,3.93,12.12
120,135,94.35,250.36,1,37.88,1.41
120,135,94.35,250.36,2,20.69,10.21
120,135,94.35,250.36,3,37.04,18.68
120,135,94.35,250.36,4,2.04,37.25
120,136,353.59,41.28,0,3.93,12.12
120,136,353.59,41.28,1,37.88,1.41
120,136,353.59,41.28,2,20.69,10.21
120,136,353.59,41.28,3,37.04,18.68
120,136,353.59,41.28,4,2.04,37.25
120,137,253.18,55.37,0,3.93,12.12
120,137,253.18,55.37,1,37.88,1.41
120,137,253.18,55.37,2,20.69,10.21
120,137,253.18,55.37,3,37.04,18.68
120,137,253.18,55.37,4,2.04,37.25
120,138,237.75,84.57,0,3.93,12.12
120,138,237.75,84.57,1,37.88,1.41
120,138,237.75,84.57,2,20.69,10.21
120,138,237.75,84.57,3,37.04,18.68
120,138,237.75,84.57,4,2.04,37.25
120,139,358.16,94.74,0,3.93,12.12
120,139,358.16,94.74,1,37.88,1.41
120,139,358.16,94.74,2,20.69,10.21
120,139,358.16,94.74,3,37.04,18.68
120,139,358.16,94.74,4,2.04,37.25
120,140,374.78,7.80,0,3.93,12.12
120,140,374.78,7.80,1,37.88,1.41
120,140,374.78,7.80,2,20.69,10.21
120,140,374.78,7.80,3,37.04,18.68
120,140,374.78,7.80,4,2.04,37.25
120,141,349.61,377.38,0,3.93,12.12
120,141,349.61,377.38,1,37.88,1.41
120,141,349.61,377.38,2,20.69,10.21
120,141,349.61,377.38,3,37.04,18.68
120,141,349.61,377.38,4,2.04,37.25
120,142,234.74,140.52,0,3.93,12.12
120,142,234.74,140.52,1,37.88,1.41
120,142,234.74,140.52,2,20.69,10.21
120,142,234.74,140.52,3,37.04,18.68
120,142,234.74,140.52,4,2.04,37.25
120,143,345.62,351.00,0,3.93,12.12
120,143,345.62,351.00,1,37.88,1.41
120,143,345.62,351.00,2,20.69,10.21
120,143,345.62,351.00,3,37.04,18.68
120,143,345.62,351.00,4,2.04,37.25
120,144,377.57,194.53,0,3.93,12.12
120,144,377.57,194.53,1,37.88,1.41
120,144,377.57,194.53,2,20.69,10.21
120,144,377.57,194.53,3,37.04,18.68
120,144,377.57,194.53,4,2.04,37.25
120,145,244.66,353.43,0,3.93,12.12
120,145,244.66,353.43,1,37.88,1.41
120,145,244.66,353.43,2,20.69,10.21
120,145,244.66,353.43,3,37.04,18.68
120,145,244.66,353.43,4,2.04,37.25
120,146,125.75,213.15,0,3.93,12.12
120,146,125.75,213.15,1,37.88,1.41
120,146,125.75,213.15,2,20.69,10.21
120,146,125.75,213.15,3,37.04,18.68
120,146,125.75,213.15,4,2.04,37.25
120,147,14.73,253.80,0,3.93,12.12
120,147,14.73,253.80,1,37.88,1.41
120,147,14.73,253.80,2,20.69,10.21
120,147,14.73,253.80,3,37.04,18.68
120,147,14.73,253.80,4,2.04,37.25
120,148,294.10,213.90,0,3.93,12.12
120,148,294.10,213.90,1,37.88,1.41
120,148,294.10,213.90,2,20.69,10.21
120,148,294.10,213.90,3,37.04,18.68
120,148,294.10,213.90,4,2.04,37.25
120,149,345.48,272.84,0,3.93,12.12
120,149,345.48,272.84,1,37.88,1.41
120,149,345.48,272.84,2,20.69,10.21
120,149,345.48,272.84,3,37.04,18.68
120,149,345.48,272.84,4,2.04,37.25
120,150,275.07,136.11,0,3.93,12.12
120,150,275.07,136.11,1,37.88,1.41
120,150,275.07,136.11,2,20.69,10.21
120,150,275.07,136.11,3,37.04,18.68
120,150,275.07,136.11,4,2.04,37.25
120,151,197.02,83.79,0,3.93,12.12
120,151,197.02,83.79,1,37.88,1.41
120,151,197.02,83.79,2,20.69,10.21
120,151,197.02,83.79,3,37.04,18.68
120,151,197.02,83.79,4,2.04,37.25
120,152,29.85,72.28,0,3.93,12.12
120,152,29.85,72.28,1,37.88,1.41
120,152,29.85,72.28,2,20.69,10.21
120,152,29.85,72.28,3,37.04,18.68
120,152,29.85,72.28,4,2.04,37.25
120,153,34.52,117.73,0,3.93,12.12
120,153,34.52,117.73,1,37.88,1.41
120,153,34.52,117.73,2,20.69,10.21
120,153,34.52,117.73,3,37.04,18.68
120,153,34.52,117.73,4,2.04,37.25
120,154,368.03,209.29,0,3.93,12.12
120,154,368.03,209.29,1,37.88,1.41
120,154,368.03,209.29,2,20.69,10.21
120,154,368.03,209.29,3,37.04,18.68
120,154,368.03,209.29,4,2.04,37.25
120,155,199.55,155.37,0,3.93,12.12
120,155,199.55,155.37,1,37.88,1.41
120,155,199.55,155.37,2,20.69,10.21
120,155,199.55,155.37,3,37.04,18.68
120,155,199.55,155.37,4,2.04,37.25
120,156,347.56,327.13,0,3.93,12.12
120,156,347.56,327.13,1,37.88,1.41
120,156,347.56,327.13,2,20.69,10.21
120,156,347.56,327.13,3,37.04,18.68
120,156,347.56,327.13,4,2.04,37.25
120,157,189.66,82.94,0,3.93,12.12
120,157,189.66,82.94,1,37.88,1.41
120,157,189.66,82.94,2,20.69,10.21
120,157,189.66,82.94,3,37.04,18.68
120,157,189.66,82.94,4,2.04,37.25
120,158,203.31,83.62,0,3.93,12.12
120,158,203.31,83.62,1,37.88,1.41
120,158,203.31,83.62,2,20.69,10.21
120,158,203.31,83.62,3,37.04,18.68
120,158,203.31,83.62,4,2.04,37.25
120,159,370.73,319.41,0,3.93,12.12
120,159,370.73,319.41,1,37.88,1.41
120,159,370.73,319.41,2,20.69,10.21
120,159,370.73,319.41,3,37.04,18.68
120,159,370.73,319.41,4,2.04,37.25
120,160,318.84,395.29,0,3.93,12.12
120,160,318.84,395.29,1,37.88,1.41
120,160,318.84,395.29,2,20.69,10.21
120,160,318.84,395.29,3,37.04,18.68
120,160,318.84,395.29,4,2.04,37.25
120,161,172.10,166.10,0,3.93,12.12
120,161,172.10,166.10,1,37.88,1.41
120,161,172.10,166.10,2,20.69,10.21
120,161,172.10,166.10,3,37.04,18.68
120,161,172.10,166.10,4,2.04,37.25
120,162,302.91,351.09,0,3.93,12.12
120,162,302.91,351.09,1,37.88,1.41
120,162,302.91,351.09,2,20.69,10.21
120,162,302.91,351.09,3,37.04,18.68
120,162,302.91,351.09,4,2.04,37.25
120,163,163.35,162.72,0,3.93,12.12
120,163,163.35,162.72,1,37.88,1.41
120,163,163.35,162.72,2,20.69,10.21
120,163,163.35,162.72,3,37.04,18.68
120,163,163.35,162.72,4,2.04,37.25
120,164,47.40,13.54,0,3.93,12.12
120,164,47.40,13.54,1,37.88,1.41
120,164,47.40,13.54,2,20.69,10.21
120,164,47.40,13.54,3,37.04,18.68
120,164,47.40,13.54,4,2.04,37.25
120,165,98.47,52.57,0,3.93,12.12
120,165,98.47,52.57,1,37.88,1.41
120,165,98.47,52.57,2,20.69,10.21
120,165,98.47,52.57,3,37.04,18.68
120,165,98.47,52.57,4,2.04,37.25
120,166,264.98,390.64,0,3.93,12.12
120,166,264.98,390.64,1,37.88,1.41
120,166,264.98,390.64,2,20.69,10.21
120,166,264.98,390.64,3,37.04,18.68
120,166,264.98,390.64,4,2.04,37.25
120,167,393.30,336.83,0,3.93,12.12
120,167,393.30,336.83,1,37.88,1.41
120,167,393.30,336.83,2,20.69,10.21
120,167,393.30,336.83,3,37.04,18.68
120,167,393.30,336.83,4,2.04,37.25
120,168,205.54,267.86,0,3.93,12.12
120,168,205.54,267.86,1,37.88,1.41
120,168,205.54,267.86,2,20.69,10.21
120,168,205.54,267.86,3,37.04,18.68
120,168,205.54,267.86,4,2.04,37.25
120,169,198.00,44.16,0,3.93,12.12
120,169,198.00,44.16,1,37.88,1.41
120,169,198.00,44.16,2,20.69,10.21
120,169,198.00,44.16,3,37.04,18.68
120,169,198.00,44.16,4,2.04,37.25
120,170,288.19,266.42,0,3.93,12.12
120,170,288.19,266.42,1,37.88,1.41
120,170,288.19,266.42,2,20.69,10.21
120,170,288.19,266.42,3,37.04,18.68
120,170,288.19,266.42,4,2.04,37.25
120,171,45.13,120.11,0,3.93,12.12
120,171,45.13,120.11,1,37.88,1.41
120,171,45.13,120.11,2,20.69,10.21
120,171,45.13,120.11,3,37.04,18.68
120,171,45.13,120.11,4,2.04,37.25
120,172,346.38,205.50,0,3.93,12.12
120,172,346.38,205.50,1,37.88,1.41
120,172,346.38,205.50,2,20.69,10.21
120,172,346.38,205.50,3,37.04,18.68
120,172,346.38,205.50,4,2.04,37.25
120,173,381.59,145.69,0,3.93,12.12
120,173,381.59,145.69,1,37.88,1.41
120,173,381.59,145.69,2,20.69,10.21
120,173,381.59,145.69,3,37.04,18.68
120,173,381.59,145.69,4,2.04,37.25
120,174,178.23,228.41,0,3.93,12.12
120,174,178.23,228.41,1,37.88,1.41
120,174,178.23,228.41,2,20.69,10.21
120,174,178.23,228.41,3,37.04,18.68
120,174,178.23,228.41,4,2.04,37.25
120,176,41.32,214.15,0,3.93,12.12
120,176,41.32,214.15,1,37.88,1.41
120,176,41.32,214.15,2,20.69,10.21
120,176,41.32,214.15,3,37.04,18.68
120,176,41.32,214.15,4,2.04,37.25
120,177,209.30,281.69,0,3.93,12.12
120,177,209.30,281.69,1,37.88,1.41
120,177,209.30,281.69,2,20.69,10.21
120,177,209.30,281.69,3,37.04,18.68
120,177,209.30,281.69,4,2.04,37.25
120,178,197.47,94.35,0,3.93,12.12
120,178,197.47,94.35,1,37.88,1.41
120,178,197.47,94.35,2,20.69,10.21
120,178,197.47,94.35,3,37.04,18.68
120,178,197.47,94.35,4,2.04,37.25
120,179,49.33,313.63,0,3.93,12.12
120,179,49.33,313.63,1,37.88,1.41
120,179,49.33,313.63,2,20.69,10.21
120,179,49.33,313.63,3,37.04,18.68
120,179,49.33,313.63,4,2.04,37.25
120,180,182.77,173.29,0,3.93,12.12
120,180,182.77,173.29,1,37.88,1.41
120,180,182.77,173.29,2,20.69,10.21
120,180,182.77,173.29,3,37.04,18.68
120,180,182.77,173.29,4,2.04,37.25
120,181,6.10,137.56,0,3.93,12.12
120,181,6.10,137.56,1,37.88,1.41
120,181,6.10,137.56,2,20.69,10.21
120,181,6.10,137.56,3,37.04,18.68
120,181,6.10,137.56,4,2.04,37.25
120,182,29.92,374.52,0,3.93,12.12
120,182,29.92,374.52,1,37.88,1.41
120,182,29.92,374.52,2,20.69,10.21
120,182,29.92,374.52,3,37.04,18.68
120,182,29.92,374.52,4,2.04,37.25
120,183,75.90,128.92,0,3.93,12.12
120,183,75.90,128.92,1,37.88,1.41
120,183,75.90,128.92,2,20.69,10.21
120,183,75.90,128.92,3,37.04,18.68
120,183,75.90,128.92,4,2.04,37.25
120,184,27.20,95.90,0,3.93,12.12
120,184,27.20,95.90,1,37.88,1.41
120,184,27.20,95.90,2,20.69,10.21
120,184,27.20,95.90,3,37.04,18.68
120,184,27.20,95.90,4,2.04,37.25
120,185,92.71,291.20,0,3.93,12.12
120,185,92.71,291.20,1,37.88,1.41
120,185,92.71,291.20,2,20.69,10.21
120,185,92.71,291.20,3,37.04,18.68
120,185,92.71,291.20,4,2.04,37.25
120,186,194.72,103.41,0,3.93,12.12
120,186,194.72,103.41,1,37.88,1.41
120,186,194.72,103.41,2,20.69,10.21
120,186,194.72,103.41,3,37.04,18.68
120,186,194.72,103.41,4,2.04,37.25
120,187,152.40,312.58,0,3.93,12.12
120,187,152.40,312.58,1,37.88,1.41
120,187,152.40,312.58,2,20.69,10.21
120,187,152.40,312.58,3,37.04,18.68
120,187,152.40,312.58,4,2.04,37.25
120,188,253.40,145.50,0,3.93,12.12
120,188,253.40,145.50,1,37.88,1.41
120,188,253.40,145.50,2,20.69,10.21
120,188,253.40,145.50,3,37.04,18.68
120,188,253.40,145.50,4,2.04,37.25
120,189,44.75,261.96,0,3.93,12.12
120,189,44.75,261.96,1,37.88,1.41
120,189,44.75,261.96,2,20.69,10.21
120,189,44.75,261.96,3,37.04,18.68
120,189,44.75,261.96,4,2.04,37.25
120,190,45.86,35.26,0,3.93,12.12
120,190,45.86,35.26,1,37.88,1.41
120,190,45.86,35.26,2,20.69,10.21
120,190,45.86,35.26,3,37.04,18.68
120,190,45.86,35.26,4,2.04,37.25
120,191,70.88,344.14,0,3.93,12.12
120,191,70.88,344.14,1,37.88,1.41
120,191,70.88,344.14,2,20.69,10.21
120,191,70.88,344.14,3,37.04,18.68
120,191,70.88,344.14,4,2.04,37.25
120,192,232.89,72.81,0,3.93,12.12
120,192,232.89,72.81,1,37.88,1.41
120,192,232.89,72.81,2,20.69,10.21
120,192,232.89,72.81,3,37.04,18.68
120,192,232.89,72.81,4,2.04,37.25
120,193,337.27,75.73,0,3.93,12.12
120,193,337.27,75.73,1,37.88,1.41
120,193,337.27,75.73,2,20.69,10.21
120,193,337.27,75.73,3,37.04,18.68
120,193,337.27,75.73,4,2.04,37.25
120,194,12.42,144.62,0,3.93,12.12
120,194,12.42,144.62,1,37.88,1.41
120,194,12.42,144.62,2,20.69,10.21
120,194,12.42,144.62,3,37.04,18.68
120,194,12.42,144.62,4,2.04,37.25
120,195,127.31,345.02,0,3.93,12.12
120,195,127.31,345.02,1,37.88,1.41
120,195,127.31,345.02,2,20.69,10.21
120,195,127.31,345.02,3,37.04,18.68
120,195,127.31,345.02,4,2.04,37.25
120,196,37.89,100.15,0,3.93,12.12
120,196,37.89,100.15,1,37.88,1.41
120,196,37.89,100.15,2,20.69,10.21
120,196,37.89,100.15,3,37.04,18.68
120,196,37.89,100.15,4,2.04,37.25
120,197,373.36,219.64,0,3.93,12.12
120,197,373.36,219.64,1,37.88,1.41
120,197,373.36,219.64,2,20.69,10.21
120,197,373.36,219.64,3,37.04,18.68
120,197,373.36,219.64,4,2.04,37.25
120,198,321.66,157.46,0,3.93,12.12
120,198,321.66,157.46,1,37.88,1.41
120,198,321.66,157.46,2,20.69,10.21
120,198,321.66,157.46,3,37.04,18.68
120,198,321.66,157.46,4,2.04,37.25
120,199,14.42,178.97,0,3.93,12.12
120,199,14.42,178.97,1,37.88,1.41
120,199,14.42,178.97,2,20.69,10.21
120,199,14.42,178.97,3,37.04,18.68
120,199,14.42,178.97,4,2.04,37.25
120,200,3.75,58.54,0,3.93,12.12
120,200,3.75,58.54,1,37.88,1.41
120,200,3.75,58.54,2,20.69,10.21
120,200,3.75,58.54,3,37.04,18.68
120,200,3.75,58.54,4,2.04,37.25
120,201,370.03,130.89,0,3.93,12.12
120,201,370.03,130.89,1,37.88,1.41
120,201,370.03,130.89,2,20.69,10.21
120,201,370.03,130.89,3,37.04,18.68
120,201,370.03,130.89,4,2.04,37.25
120,203,339.35,234.55,0,3.93,12.12
120,203,339.35,234.55,1,37.88,1.41
120,203,339.35,234.55,2,20.69,10.21
120,203,339.35,234.55,3,37.04,18.68
120,203,339.35,234.55,4,2.04,37.25
120,204,45.76,314.38,0,3.93,12.12
120,204,45.76,314.38,1,37.88,1.41
120,204,45.76,314.38,2,20.69,10.21
120,204,45.76,314.38,3,37.04,18.68
120,204,45.76,314.38,4,2.04,37.25
120,205,62.78,120.72,0,3.93,12.12
120,205,62.78,120.72,1,37.88,1.41
120,205,62.78,120.72,2,20.69,10.21
120,205,62.78,120.72,3,37.04,18.68
120,205,62.78,120.72,4,2.04,37.25
120,206,214.76,122.96,0,3.93,12.12
120,206,214.76,122.96,1,37.88,1.41
120,206,214.76,122.96,2,20.69,10.21
120,206,214.76,122.96,3,37.04,18.68
120,206,214.76,122.96,4,2.04,37.25
120,207,18.67,267.92,0,3.93,12.12
120,207,18.67,267.92,1,37.88,1.41
120,207,18.67,267.92,2,20.69,10.21
120,207,18.67,267.92,3,37.04,18.68
120,207,18.67,267.92,4,2.04,37.25
120,208,65.74,368.64,0,3.93,12.12
120,208,65.74,368.64,1,37.88,1.41
120,208,65.74,368.64,2,20.69,10.21
120,208,65.74,368.64,3,37.04,18.68
120,208,65.74,368.64,4,2.04,37.25
120,209,358.40,173.36,0,3.93,12.12
120,209,358.40,173.36,1,37.88,1.41
120,209,358.40,173.36,2,20.69,10.21
120,209,358.40,173.36,3,37.04,18.68
120,209,358.40,173.36,4,2.04,37.25
120,210,255.29,101.49,0,3.93,12.12
120,210,255.29,101.49,1,37.88,1.41
120,210,255.29,101.49,2,20.69,10.21
120,210,255.29,101.49,3,37.04,18.68
120,210,255.29,101.49,4,2.04,37.25
120,211,159.78,384.03,0,3.93,12.12
120,211,159.78,384.03,1,37.88,1.41
120,211,159.78,384.03,2,20.69,10.21
120,211,159.78,384.03,3,37.04,18.68
120,211,159.78,384.03,4,2.04,37.25
120,212,378.27,290.53,0,3.93,12.12
120,212,378.27,290.53,1,37.88,1.41
120,212,378.27,290.53,2,20.69,10.21
120,212,378.27,290.53,3,37.04,18.68
120,212,378.27,290.53,4,2.04,37.25
120,213,379.63,302.83,0,3.93,12.12
120,213,379.63,302.83,1,37.88,1.41
120,213,379.63,302.83,2,20.69,10.21
120,213,379.63,302.83,3,37.04,18.68
120,213,379.63,302.83,4,2.04,37.25
120,214,232.53,86.44,0,3.93,12.12
120,214,232.53,86.44,1,37.88,1.41
120,214,232.53,86.44,2,20.69,10.21
120,214,232.53,86.44,3,37.04,18.68
120,214,232.53,86.44,4,2.04,37.25
120,215,273.02,377.54,0,3.93,12.12
120,215,273.02,377.54,1,37.88,1.41
120,215,273.02,377.54,2,20.69,10.21
120,215,273.02,377.54,3,37.04,18.68
120,215,273.02,377.54,4,2.04,37.25
120,216,260.29,381.43,0,3.93,12.12
120,216,260.29,381.43,1,37.88,1.41
120,216,260.29,381.43,2,20.69,10.21
120,216,260.29,381.43,3,37.04,18.68
120,216,260.29,381.43,4,2.04,37.25
120,217,366.77,23.37,0,3.93,12.12
120,217,366.77,23.37,1,37.88,1.41
120,217,366.77,23.37,2,20.69,10.21
120,217,366.77,23.37,3,37.04,18.68
120,217,366.77,23.37,4,2.04,37.25
120,218,286.29,392.66,0,3.93,12.12
120,218,286.29,392.66,1,37.88,1.41
120,218,286.29,392.66,2,20.69,10.21
120,218,286.29,392.66,3,37.04,18.68
120,218,286.29,392.66,4,2.04,37.25
120,219,9.69,84.72,0,3.93,12.12
120,219,9.69,84.72,1,37.88,1.41
120,219,9.69,84.72,2,20.69,10.21
120,219,9.69,84.72,3,37.04,18.68
120,219,9.69,84.72,4,2.04,37.25
120,220,359.62,25.05,0,3.93,12.12
120,220,359.62,25.05,1,37.88,1.41
120,220,359.62,25.05,2,20.69,10.21
120,220,359.62,25.05,3,37.04,18.68
120,220,359.62,25.05,4,2.04,37.25
120,221,318.52,246.00,0,3.93,12.12
120,221,318.52,246.00,1,37.88,1.41
120,221,318.52,246.00,2,20.69,10.21
120,221,318.52,246.00,3,37.04,18.68
120,221,318.52,246.00,4,2.04,37.25
120,222,34.85,357.84,0,3.93,12.12
120,222,34.85,357.84,1,37.88,1.41
120,222,34.85,357.84,2,20.69,10.21
120,222,34.85,357.84,3,37.04,18.68
120,222,34.85,357.84,4,2.04,37.25
120,223,320.18,181.55,0,3.93,12.12
120,223,320.18,181.55,1,37.88,1.41
120,223,320.18,181.55,2,20.69,10.21
120,223,320.18,181.55,3,37.04,18.68
120,223,320.18,181.55,4,2.04,37.25
120,224,373.68,34.33,0,3.93,12.12
120,224,373.68,34.33,1,37.88,1.41
120,224,373.68,34.33,2,20.69,10.21
120,224,373.68,34.33,3,37.04,18.68
120,224,373.68,34.33,4,2.04,37.25
120,225,365.83,224.25,0,3.93,12.12
120,225,365.83,224.25,1,37.88,1.41
120,225,365.83,224.25,2,20.69,10.21
120,225,365.83,224.25,3,37.04,18.68
120,225,365.83,224.25,4,2.04,37.25
120,226,278.08,179.10,0,3.93,12.12
120,226,278.08,179.10,1,37.88,1.41
120,226,278.08,179.10,2,20.69,10.21
120,226,278.08,179.10,3,37.04,18.68
120,226,278.08,179.10,4,2.04,37.25
120,227,119.11,327.45,0,3.93,12.12
120,227,119.11,327.45,1,37.88,1.41
120,227,119.11,327.45,2,20.69,10.21
120,227,119.11,327.45,3,37.04,18.68
120,227,119.11,327.45,4,2.04,37.25
120,228,241.69,46.00,0,3.93,12.12
120,228,241.69,46.00,1,37.88,1.41
120,228,241.69,46.00,2,20.69,10.21
120,228,241.69,46.00,3,37.04,18.68
120,228,241.69,46.00,4,2.04,37.25
120,229,146.18,126.64,0,3.93,12.12
120,229,146.18,126.64,1,37.88,1.41
120,229,146.18,126.64,2,20.69,10.21
120,229,146.18,126.64,3,37.04,18.68
120,229,146.18,126.64,4,2.04,37.25
120,230,159.89,22.09,0,3.93,12.12
120,230,159.89,22.09,1,37.88,1.41
120,230,159.89,22.09,2,20.69,10.21
120,230,159.89,22.09,3,37.04,18.68
120,230,159.89,22.09,4,2.04,37.25
120,231,283.28,343.63,0,3.93,12.12
120,231,283.28,343.63,1,37.88,1.41
120,231,283.28,343.63,2,20.69,10.21
120,231,283.28,343.63,3,37.04,18.68
120,231,283.28,343.63,4,2.04,37.25
120,232,318.50,43.44,0,3.93,12.12
120,232,318.50,43.44,1,37.88,1.41
120,232,318.50,43.44,2,20.69,10.21
120,232,318.50,43.44,3,37.04,18.68
120,232,318.50,43.44,4,2.04,37.25
120,233,366.75,269.40,0,3.93,12.12
120,233,366.75,269.40,1,37.88,1.41
120,233,366.75,269.40,2,20.69,10.21
120,233,366.75,269.40,3,37.04,18.68
120,233,366.75,269.40,4,2.04,37.25
120,235,205.60,99.40,0,3.93,12.12
120,235,205.60,99.40,1,37.88,1.41
120,235,205.60,99.40,2,20.69,10.21
120,235,205.60,99.40,3,37.04,18.68
120,235,205.60,99.40,4,2.04,37.25
120,236,222.65,98.09,0,3.93,12.12
120,236,222.65,98.09,1,37.88,1.41
120,236,222.65,98.09,2,20.69,10.21
120,236,222.65,98.09,3,37.04,18.68
120,236,222.65,98.09,4,2.04,37.25
120,237,168.72,174.69,0,3.93,12.12
120,237,168.72,174.69,1,37.88,1.41
120,237,168.72,174.69,2,20.69,10.21
120,237,168.72,174.69,3,37.04,18.68
120,237,168.72,174.69,4,2.04,37.25
120,238,33.36,279.96,0,3.93,12.12
120,238,33.36,279.96,1,37.88,1.41
120,238,33.36,279.96,2,20.69,10.21
120,238,33.36,279.96,3,37.04,18.68
120,238,33.36,279.96,4,2.04,37.25
120,239,177.05,129.25,0,3.93,12.12
120,239,177.05,129.25,1,37.88,1.41
120,239,177.05,129.25,2,20.69,10.21
120,239,177.05,129.25,3,37.04,18.68
120,239,177.05,129.25,4,2.04,37.25
120,240,159.16,222.71,0,3.93,12.12
120,240,159.16,222.71,1,37.88,1.41
120,240,159.16,222.71,2,20.69,10.21
120,240,159.16,222.71,3,37.04,18.68
120,240,159.16,222.71,4,2.04,37.25
120,241,375.65,207.72,0,3.93,12.12
120,241,375.65,207.72,1,37.88,1.41
120,241,375.65,207.72,2,20.69,10.21
120,241,375.65,207.72,3,37.04,18.68
120,241,375.65,207.72,4,2.04,37.25
120,242,203.06,226.25,0,3.93,12.12
120,242,203.06,226.25,1,37.88,1.41
120,242,203.06,226.25,2,20.69,10.21
120,242,203.06,226.25,3,37.04,18.68
120,242,203.06,226.25,4,2.04,37.25
120,243,37.73,258.46,0,3.93,12.12
120,243,37.73,258.46,1,37.88,1.41
120,243,37.73,258.46,2,20.69,10.21
120,243,37.73,258.46,3,37.04,18.68
120,243,37.73,258.46,4,2.04,37.25
120,244,196.97,332.06,0,3.93,12.12
120,244,196.97,332.06,1,37.88,1.41
120,244,196.97,332.06,2,20.69,10.21
120,244,196.97,332.06,3,37.04,18.68
120,244,196.97,332.06,4,2.04,37.25
120,245,191.58,170.79,0,3.93,12.12
120,245,191.58,170.79,1,37.88,1.41
120,245,191.58,170.79,2,20.69,10.21
120,245,191.58,170.79,3,37.04,18.68
120,245,191.58,170.79,4,2.04,37.25
120,246,322.50,252.19,0,3.93,12.12
120,246,322.50,252.19,1,37.88,1.41
120,246,322.50,252.19,2,20.69,10.21
120,246,322.50,252.19,3,37.04,18.68
120,246,322.50,252.19,4,2.04,37.25
120,247,74.92,91.22,0,3.93,12.12
120,247,74.92,91.22,1,37.88,1.41
120,247,74.92,91.22,2,20.69,10.21
120,247,74.92,91.22,3,37.04,18.68
120,247,74.92,91.22,4,2.04,37.25
120,248,392.81,327.28,0,3.93,12.12
120,248,392.81,327.28,1,37.88,1.41
120,248,392.81,327.28,2,20.69,10.21
120,248,392.81,327.28,3,37.04,18.68
120,248,392.81,327.28,4,2.04,37.25
120,249,351.81,386.33,0,3.93,12.12
120,249,351.81,386.33,1,37.88,1.41
120,249,351.81,386.33,2,20.69,10.21
120,249,351.81,386.33,3,37.04,18.68
120,249,351.81,386.33,4,2.04,37.25
120,250,215.73,298.45,0,3.93,12.12
120,250,215.73,298.45,1,37.88,1.41
120,250,215.73,298.45,2,20.69,10.21
120,250,215.73,298.45,3,37.04,18.68
120,250,215.73,298.45,4,2.04,37.25
120,251,105.01,292.36,0,3.93,12.12
120,251,105.01,292.36,1,37.88,1.41
120,251,105.01,292.36,2,20.69,10.21
120,251,105.01,292.36,3,37.04,18.68
120,251,105.01,292.36,4,2.04,37.25
120,252,6.28,67.74,0,3.93,12.12
120,252,6.28,67.74,1,37.88,1.41
120,252,6.28,67.74,2,20.69,10.21
120,252,6.28,67.74,3,37.04,18.68
120,252,6.28,67.74,4,2.04,37.25
120,253,314.87,186.84,0,3.93,12.12
120,253,314.87,186.84,1,37.88,1.41
120,253,314.87,186.84,2,20.69,10.21
120,253,314.87,186.84,3,37.04,18.68
120,253,314.87,186.84,4,2.04,37.25
120,254,352.13,123.50,0,3.93,12.12
120,254,352.13,123.50,1,37.88,1.41
120,254,352.13,123.50,2,20.69,10.21
120,254,352.13,123.50,3,37.04,18.68
120,254,352.13,123.50,4,2.04,37.25
120,255,29.05,293.76,0,3.93,12.12
120,255,29.05,293.76,1,37.88,1.41
120,255,29.05,293.76,2,20.69,10.21
120,255,29.05,293.76,3,37.04,18.68
120,255,29.05,293.76,4,2.04,37.25
120,256,55.92,81.19,0,3.93,12.12
120,256,55.92,81.19,1,37.88,1.41
120,256,55.92,81.19,2,20.69,10.21
120,256,55.92,81.19,3,37.04,18.68
120,256,55.92,81.19,4,2.04,37.25
120,257,345.99,170.70,0,3.93,12.12
120,257,345.99,170.70,1,37.88,1.41
120,257,345.99,170.70,2,20.69,10.21
120,257,345.99,170.70,3,37.04,18.68
120,257,345.99,170.70,4,2.04,37.25
120,258,358.01,57.30,0,3.93,12.12
120,258,358.01,57.30,1,37.88,1.41
120,258,358.01,57.30,2,20.69,10.21
120,258,358.01,57.30,3,37.04,18.68
120,258,358.01,57.30,4,2.04,37.25
120,259,70.11,81.81,0,3.93,12.12
120,259,70.11,81.81,1,37.88,1.41
120,259,70.11,81.81,2,20.69,10.21
120,259,70.11,81.81,3,37.04,18.68
120,259,70.11,81.81,4,2.04,37.25
120,260,295.43,380.68,0,3.93,12.12
120,260,295.43,380.68,1,37.88,1.41
120,260,295.43,380.68,2,20.69,10.21
120,260,295.43,380.68,3,37.04,18.68
120,260,295.43,380.68,4,2.04,37.25
120,261,82.50,382.64,0,3.93,12.12
120,261,82.50,382.64,1,37.88,1.41
120,261,82.50,382.64,2,20.69,10.21
120,261,82.50,382.64,3,37.04,18.68
120,261,82.50,382.64,4,2.04,37.25
120,262,147.80,86.12,0,3.93,12.12
120,262,147.80,86.12,1,37.88,1.41
120,262,147.80,86.12,2,20.69,10.21
120,262,147.80,86.12,3,37.04,18.68
120,262,147.80,86.12,4,2.04,37.25
120,263,152.17,63.10,0,3.93,12.12
120,263,152.17,63.10,1,37.88,1.41
120,263,152.17,63.10,2,20.69,10.21
120,263,152.17,63.10,3,37.04,18.68
120,263,152.17,63.10,4,2.04,37.25
120,264,19.55,142.54,0,3.93,12.12
120,264,19.55,142.54,1,37.88,1.41
120,264,19.55,142.54,2,20.69,10.21
120,264,19.55,142.54,3,37.04,18.68
120,264,19.55,142.54,4,2.04,37.25
120,265,232.13,304.39,0,3.93,12.12
120,265,232.13,304.39,1,37.88,1.41
120,265,232.13,304.39,2,20.69,10.21
120,265,232.13,304.39,3,37.04,18.68
120,265,232.13,304.39,4,2.04,37.25
120,266,133.18,289.77,0,3.93,12.12
120,266,133.18,289.77,1,37.88,1.41
120,266,133.18,289.77,2,20.69,10.21
120,266,133.18,289.77,3,37.04,18.68
120,266,133.18,289.77,4,2.04,37.25
120,267,160.38,47.00,0,3.93,12.12
120,267,160.38,47.00,1,37.88,1.41
120,267,160.38,47.00,2,20.69,10.21
120,267,160.38,47.00,3,37.04,18.68
120,267,160.38,47.00,4,2.04,37.25
120,268,173.37,105.52,0,3.93,12.12
120,268,173.37,105.52,1,37.88,1.41
120,268,173.37,105.52,2,20.69,10.21
120,268,173.37,105.52,3,37.04,18.68
120,268,173.37,105.52,4,2.04,37.25
120,269,4.79,150.13,0,3.93,12.12
120,269,4.79,150.13,1,37.88,1.41
120,269,4.79,150.13,2,20.69,10.21
120,269,4.79,150.13,3,37.04,18.68
120,269,4.79,150.13,4,2.04,37.25
120,270,68.02,285.27,0,3.93,12.12
120,270,68.02,285.27,1,37.88,1.41
120,270,68.02,285.27,2,20.69,10.21
120,270,68.02,285.27,3,37.04,18.68
120,270,68.02,285.27,4,2.04,37.25
120,271,15.58,106.38,0,3.93,12.12
120,271,15.58,106.38,1,37.88,1.41
120,271,15.58,106.38,2,20.69,10.21
120,271,15.58,106.38,3,37.04,18.68
120,271,15.58,106.38,4,2.04,37.25
120,272,56.55,296.55,0,3.93,12.12
120,272,56.55,296.55,1,37.88,1.41
120,272,56.55,296.55,2,20.69,10.21
120,272,56.55,296.55,3,37.04,18.68
120,272,56.55,296.55,4,2.04,37.25
120,273,27.53,249.77,0,3.93,12.12
120,273,27.53,249.77,1,37.88,1.41
120,273,27.53,249.77,2,20.69,10.21
120,273,27.53,249.77,3,37.04,18.68
120,273,27.53,249.77,4,2.04,37.25
120,274,102.56,4.40,0,3.93,12.12
120,274,102.56,4.40,1,37.88,1.41
120,274,102.56,4.40,2,20.69,10.21
120,274,102.56,4.40,3,37.04,18.68
120,274,102.56,4.40,4,2.04,37.25
120,275,299.85,222.44,0,3.93,12.12
120,275,299.85,222.44,1,37.88,1.41
120,275,299.85,222.44,2,20.69,10.21
120,275,299.85,222.44,3,37.04,18.68
120,275,299.85,222.44,4,2.04,37.25
120,276,290.10,242.83,0,3.93,12.12
120,276,290.10,242.83,1,37.88,1.41
120,276,290.10,242.83,2,20.69,10.21
120,276,290.10,242.83,3,37.04,18.68
120,276,290.10,242.83,4,2.04,37.25
120,277,265.65,194.62,0,3.93,12.12
120,277,265.65,194.62,1,37.88,1.41
120,277,265.65,194.62,2,20.69,10.21
120,277,265.65,194.62,3,37.04,18.68
120,277,265.65,194.62,4,2.04,37.25
120,278,87.54,392.18,0,3.93,12.12
120,278,87.54,392.18,1,37.88,1.41
120,278,87.54,392.18,2,20.69,10.21
120,278,87.54,392.18,3,37.04,18.68
120,278,87.54,392.18,4,2.04,37.25
120,279,243.88,378.57,0,3.93,12.12
120,279,243.88,378.57,1,37.88,1.41
120,279,243.88,378.57,2,20.69,10.21
120,279,243.88,378.57,3,37.04,18.68
120,279,243.88,378.57,4,2.04,37.25
120,281,205.21,43.73,0,3.93,12.12
120,281,205.21,43.73,1,37.88,1.41
120,281,205.21,43.73,2,20.69,10.21
120,281,205.21,43.73,3,37.04,18.68
120,281,205.21,43.73,4,2.04,37.25
120,282,325.53,175.01,0,3.93,12.12
120,282,325.53,175.01,1,37.88,1.41
120,282,325.53,175.01,2,20.69,10.21
120,282,325.53,175.01,3,37.04,18.68
120,282,325.53,175.01,4,2.04,37.25
120,283,312.47,160.58,0,3.93,12.12
120,283,312.47,160.58,1,37.88,1.41
120,283,312.47,160.58,2,20.69,10.21
120,283,312.47,160.58,3,37.04,18.68
120,283,312.47,160.58,4,2.04,37.25
120,284,194.70,96.43,0,3.93,12.12
120,284,194.70,96.43,1,37.88,1.41
120,284,194.70,96.43,2,20.69,10.21
120,284,194.70,96.43,3,37.04,18.68
120,284,194.70,96.43,4,2.04,37.25
120,285,225.09,349.32,0,3.93,12.12
120,285,225.09,349.32,1,37.88,1.41
120,285,225.09,349.32,2,20.69,10.21
120,285,225.09,349.32,3,37.04,18.68
120,285,225.09,349.32,4,2.04,37.25
120,286,258.73,323.77,0,3.93,12.12
120,286,258.73,323.77,1,37.88,1.41
120,286,258.73,323.77,2,20.69,10.21
120,286,258.73,323.77,3,37.04,18.68
120,286,258.73,323.77,4,2.04,37.25
120,287,365.57,176.76,0,3.93,12.12
120,287,365.57,176.76,1,37.88,1.41
120,287,365.57,176.76,2,20.69,10.21
120,287,365.57,176.76,3,37.04,18.68
120,287,365.57,176.76,4,2.04,37.25
120,288,117.10,2.70,0,3.93,12.12
120,288,117.10,2.70,1,37.88,1.41
120,288,117.10,2.70,2,20.69,10.21
120,288,117.10,2.70,3,37.04,18.68
120,288,117.10,2.70,4,2.04,37.25
120,289,71.61,322.44,0,3.93,12.12
120,289,71.61,322.44,1,37.88,1.41
120,289,71.61,322.44,2,20.69,10.21
120,289,71.61,322.44,3,37.04,18.68
120,289,71.61,322.44,4,2.04,37.25
120,290,290.20,271.58,0,3.93,12.12
120,290,290.20,271.58,1,37.88,1.41
120,290,290.20,271.58,2,20.69,10.21
120,290,290.20,271.58,3,37.04,18.68
120,290,290.20,271.58,4,2.04,37.25
120,291,67.26,23.65,0,3.93,12.12
120,291,67.26,23.65,1,37.88,1.41
120,291,67.26,23.65,2,20.69,10.21
120,291,67.26,23.65,3,37.04,18.68
120,291,67.26,23.65,4,2.04,37.25
120,292,275.02,290.68,0,3.93,12.12
120,292,275.02,290.68,1,37.88,1.41
120,292,275.02,290.68,2,20.69,10.21
120,292,275.02,290.68,3,37.04,18.68
120,292,275.02,290.68,4,2.04,37.25
120,293,197.09,125.59,0,3.93,12.12
120,293,197.09,125.59,1,37.88,1.41
120,293,197.09,125.59,2,20.69,10.21
120,293,197.09,125.59,3,37.04,18.68
120,293,197.09,125.59,4,2.04,37.25
120,294,109.01,351.44,0,3.93,12.12
120,294,109.01,351.44,1,37.88,1.41
120,294,109.01,351.44,2,20.69,10.21
120,294,109.01,351.44,3,37.04,18.68
120,294,109.01,351.44,4,2.04,37.25
120,295,358.26,196.31,0,3.93,12.12
120,295,358.26,196.31,1,37.88,1.41
120,295,358.26,196.31,2,20.69,10.21
120,295,358.26,196.31,3,37.04,18.68
120,295,358.26,196.31,4,2.04,37.25
120,296,330.57,37.20,0,3.93,12.12
120,296,330.57,37.20,1,37.88,1.41
120,296,330.57,37.20,2,20.69,10.21
120,296,330.57,37.20,3,37.04,18.68
120,296,330.57,37.20,4,2.04,37.25
120,297,369.78,117.66,0,3.93,12.12
120,297,369.78,117.66,1,37.88,1.41
120,297,369.78,117.66,2,20.69,10.21
120,297,369.78,117.66,3,37.04,18.68
120,297,369.78,117.66,4,2.04,37.25
120,298,338.99,43.47,0,3.93,12.12
120,298,338.99,43.47,1,37.88,1.41
120,298,338.99,43.47,2,20.69,10.21
120,298,338.99,43.47,3,37.04,18.68
120,298,338.99,43.47,4,2.04,37.25
120,299,27.37,116.73,0,3.93,12.12
120,299,27.37,116.73,1,37.88,1.41
120,299,27.37,116.73,2,20.69,10.21
120,299,27.37,116.73,3,37.04,18.68
120,299,27.37,116.73,4,2.04,37.25
120,300,213.93,343.47,0,3.93,12.12
120,300,213.93,343.47,1,37.88,1.41
120,300,213.93,343.47,2,20.69,10.21
120,300,213.93,343.47,3,37.04,18.68
120,300,213.93,343.47,4,2.04,37.25
130,1,218.94,103.77,0,4.62,12.90
130,1,218.94,103.77,1,37.88,1.41
130,1,218.94,103.77,2,21.22,10.21
130,1,218.94,103.77,3,37.04,18.68
130,1,218.94,103.77,4,0.73,36.99
130,2,34.87,82.13,0,4.62,12.90
130,2,34.87,82.13,1,37.88,1.41
130,2,34.87,82.13,2,21.22,10.21
130,2,34.87,82.13,3,37.04,18.68
130,2,34.87,82.13,4,0.73,36.99
130,3,184.80,266.80,0,4.62,12.90
130,3,184.80,266.80,1,37.88,1.41
130,3,184.80,266.80,2,21.22,10.21
130,3,184.80,266.80,3,37.04,18.68
130,3,184.80,266.80,4,0.73,36.99
130,4,231.85,96.34,0,4.62,12.90
130,4,231.85,96.34,1,37.88,1.41
130,4,231.85,96.34,2,21.22,10.21
130,4,231.85,96.34,3,37.04,18.68
130,4,231.85,96.34,4,0.73,36.99
130,5,17.22,325.50,0,4.62,12.90
130,5,17.22,325.50,1,37.88,1.41
130,5,17.22,325.50,2,21.22,10.21
130,5,17.22,325.50,3,37.04,18.68
130,5,17.22,325.50,4,0.73,36.99
130,6,82.02,286.41,0,4.62,12.90
130,6,82.02,286.41,1,37.88,1.41
130,6,82.02,286.41,2,21.22,10.21
130,6,82.02,286.41,3,37.04,18.68
130,6,82.02,286.41,4,0.73,36.99
130,7,74.99,99.42,0,4.62,12.90
130,7,74.99,99.42,1,37.88,1.41
130,7,74.99,99.42,2,21.22,10.21
130,7,74.99,99.42,3,37.04,18.68
130,7,74.99,99.42,4,0.73,36.99
130,8,148.98,379.38,0,4.62,12.90
130,8,148.98,379.38,1,37.88,1.41
130,8,148.98,379.38,2,21.22,10.21
130,8,148.98,379.38,3,37.04,18.68
130,8,148.98,379.38,4,0.73,36.99
130,9,263.23,205.07,0,4.62,12.90
130,9,263.23,205.07,1,37.88,1.41
130,9,263.23,205.07,2,21.22,10.21
130,9,263.23,205.07,3,37.04,18.68
130,9,263.23,205.07,4,0.73,36.99
130,10,375.74,180.82,0,4.62,12.90
130,10,375.74,180.82,1,37.88,1.41
130,10,375.74,180.82,2,21.22,10.21
130,10,375.74,180.82,3,37.04,18.68
130,10,375.74,180.82,4,0.73,36.99
130,11,161.05,119.34,0,4.62,12.90
130,11,161.05,119.34,1,37.88,1.41
130,11,161.05,119.34,2,21.22,10.21
130,11,161.05,119.34,3,37.04,18.68
130,11,161.05,119.34,4,0.73,36.99
130,12,215.61,89.44,0,4.62,12.90
130,12,215.61,89.44,1,37.88,1.41
130,12,215.61,89.44,2,21.22,10.21
130,12,215.61,89.44,3,37.04,18.68
130,12,215.61,89.44,4,0.73,36.99
130,13,147.24,81.11,0,4.62,12.90
130,13,147.24,81.11,1,37.88,1.41
130,13,147.24,81.11,2,21.22,10.21
130,13,147.24,81.11,3,37.04,18.68
130,13,147.24,81.11,4,0.73,36.99
130,14,17.06,374.15,0,4.62,12.90
130,14,17.06,374.15,1,37.88,1.41
130,14,17.06,374.15,2,21.22,10.21
130,14,17.06,374.15,3,37.04,18.68
130,14,17.06,374.15,4,0.73,36.99
130,15,7.05,330.50,0,4.62,12.90
130,15,7.05,330.50,1,37.88,1.41
130,15,7.05,330.50,2,21.22,10.21
130,15,7.05,330.50,3,37.04,18.68
130,15,7.05,330.50,4,0.73,36.99
130,16,329.91,288.53,0,4.62,12.90
130,16,329.91,288.53,1,37.88,1.41
130,16,329.91,288.53,2,21.22,10.21
130,16,329.91,288.53,3,37.04,18.68
130,16,329.91,288.53,4,0.73,36.99
130,17,381.01,187.13,0,4.62,12.90
130,17,381.01,187.13,1,37.88,1.41
130,17,381.01,187.13,2,21.22,10.21
130,17,381.01,187.13,3,37.04,18.68
130,17,381.01,187.13,4,0.73,36.99
130,18,192.60,356.36,0,4.62,12.90
130,18,192.60,356.36,1,37.88,1.41
130,18,192.60,356.36,2,21.22,10.21
130,18,192.60,356.36,3,37.04,18.68
130,18,192.60,356.36,4,0.73,36.99
130,19,70.85,331.51,0,4.62,12.90
130,19,70.85,331.51,1,37.88,1.41
130,19,70.85,331.51,2,21.22,10.21
130,19,70.85,331.51,3,37.04,18.68
130,19,70.85,331.51,4,0.73,36.99
130,20,211.36,376.20,0,4.62,12.90
130,20,211.36,376.20,1,37.88,1.41
130,20,211.36,376.20,2,21.22,10.21
130,20,211.36,376.20,3,37.04,18.68
130,20,211.36,376.20,4,0.73,36.99
130,21,379.97,130.62,0,4.62,12.90
130,21,379.97,130.62,1,37.88,1.41
130,21,379.97,130.62,2,21.22,10.21
130,21,379.97,130.62,3,37.04,18.68
130,21,379.97,130.62,4,0.73,36.99
130,22,278.37,366.94,0,4.62,12.90
130,22,278.37,366.94,1,37.88,1.41
130,22,278.37,366.94,2,21.22,10.21
130,22,278.37,366.94,3,37.04,18.68
130,22,278.37,366.94,4,0.73,36.99
130,23,347.62,257.29,0,4.62,12.90
130,23,347.62,257.29,1,37.88,1.41
130,23,347.62,257.29,2,21.22,10.21
130,23,347.62,257.29,3,37.04,18.68
130,23,347.62,257.29,4,0.73,36.99
130,24,142.35,59.82,0,4.62,12.90
130,24,142.35,59.82,1,37.88,1.41
130,24,142.35,59.82,2,21.22,10.21
130,24,142.35,59.82,3,37.04,18.68
130,24,142.35,59.82,4,0.73,36.99
130,25,67.22,360.11,0,4.62,12.90
130,25,67.22,360.11,1,37.88,1.41
130,25,67.22,360.11,2,21.22,10.21
130,25,67.22,360.11,3,37.04,18.68
130,25,67.22,360.11,4,0.73,36.99
130,26,301.32,20.21,0,4.62,12.90
130,26,301.32,20.21,1,37.88,1.41
130,26,301.32,20.21,2,21.22,10.21
130,26,301.32,20.21,3,37.04,18.68
130,26,301.32,20.21,4,0.73,36.99
130,27,219.57,88.32,0,4.62,12.90
130,27,219.57,88.32,1,37.88,1.41
130,27,219.57,88.32,2,21.22,10.21
130,27,219.57,88.32,3,37.04,18.68
130,27,219.57,88.32,4,0.73,36.99
130,28,382.42,358.98,0,4.62,12.90
130,28,382.42,358.98,1,37.88,1.41
130,28,382.42,358.98,2,21.22,10.21
130,28,382.42,358.98,3,37.04,18.68
130,28,382.42,358.98,4,0.73,36.99
130,29,145.60,256.13,0,4.62,12.90
130,29,145.60,256.13,1,37.88,1.41
130,29,145.60,256.13,2,21.22,10.21
130,29,145.60,256.13,3,37.04,18.68
130,29,145.60,256.13,4,0.73,36.99
130,30,370.00,198.00,0,4.62,12.90
130,30,370.00,198.00,1,37.88,1.41
130,30,370.00,198.00,2,21.22,10.21
130,30,370.00,198.00,3,37.04,18.68
130,30,370.00,198.00,4,0.73,36.99
130,31,194.13,37.76,0,4.62,12.90
130,31,194.13,37.76,1,37.88,1.41
130,31,194.13,37.76,2,21.22,10.21
130,31,194.13,37.76,3,37.04,18.68
130,31,194.13,37.76,4,0.73,36.99
130,32,229.15,68.08,0,4.62,12.90
130,32,229.15,68.08,1,37.88,1.41
130,32,229.15,68.08,2,21.22,10.21
130,32,229.15,68.08,3,37.04,18.68
130,32,229.15,68.08,4,0.73,36.99
130,33,37.67,277.17,0,4.62,12.90
130,33,37.67,277.17,1,37.88,1.41
130,33,37.67,277.17,2,21.22,10.21
130,33,37.67,277.17,3,37.04,18.68
130,33,37.67,277.17,4,0.73,36.99
130,34,188.57,99.89,0,4.62,12.90
130,34,188.57,99.89,1,37.88,1.41
130,34,188.57,99.89,2,21.22,10.21
130,34,188.57,99.89,3,37.04,18.68
130,34,188.57,99.89,4,0.73,36.99
130,35,323.93,208.29,0,4.62,12.90
130,35,323.93,208.29,1,37.88,1.41
130,35,323.93,208.29,2,21.22,10.21
130,35,323.93,208.29,3,37.04,18.68
130,35,323.93,208.29,4,0.73,36.99
130,36,95.36,321.70,0,4.62,12.90
130,36,95.36,321.70,1,37.88,1.41
130,36,95.36,321.70,2,21.22,10.21
130,36,95.36,321.70,3,37.04,18.68
130,36,95.36,321.70,4,0.73,36.99
130,37,308.43,278.83,0,4.62,12.90
130,37,308.43,278.83,1,37.88,1.41
130,37,308.43,278.83,2,21.22,10.21
130,37,308.43,278.83,3,37.04,18.68
130,37,308.43,278.83,4,0.73,36.99
130,38,126.13,239.27,0,4.62,12.90
130,38,126.13,239.27,1,37.88,1.41
130,38,126.13,239.27,2,21.22,10.21
130,38,126.13,239.27,3,37.04,18.68
130,38,126.13,239.27,4,0.73,36.99
130,39,105.63,203.79,0,4.62,12.90
130,39,105.63,203.79,1,37.88,1.41
130,39,105.63,203.79,2,21.22,10.21
130,39,105.63,203.79,3,37.04,18.68
130,39,105.63,203.79,4,0.73,36.99
130,40,267.27,101.63,0,4.62,12.90
130,40,267.27,101.63,1,37.88,1.41
130,40,267.27,101.63,2,21.22,10.21
130,40,267.27,101.63,3,37.04,18.68
130,40,267.27,101.63,4,0.73,36.99
130,41,255.33,306.31,0,4.62,12.90
130,41,255.33,306.31,1,37.88,1.41
130,41,255.33,306.31,2,21.22,10.21
130,41,255.33,306.31,3,37.04,18.68
130,41,255.33,306.31,4,0.73,36.99
130,42,355.15,234.06,0,4.62,12.90
130,42,355.15,234.06,1,37.88,1.41
130,42,355.15,234.06,2,21.22,10.21
130,42,355.15,234.06,3,37.04,18.68
130,42,355.15,234.06,4,0.73,36.99
130,43,209.13,78.51,0,4.62,12.90
130,43,209.13,78.51,1,37.88,1.41
130,43,209.13,78.51,2,21.22,10.21
130,43,209.13,78.51,3,37.04,18.68
130,43,209.13,78.51,4,0.73,36.99
130,44,355.17,207.90,0,4.62,12.90
130,44,355.17,207.90,1,37.88,1.41
130,44,355.17,207.90,2,21.22,10.21
130,44,355.17,207.90,3,37.04,18.68
130,44,355.17,207.90,4,0.73,36.99
130,45,211.07,97.81,0,4.62,12.90
130,45,211.07,97.81,1,37.88,1.41
130,45,211.07,97.81,2,21.22,10.21
130,45,211.07,97.81,3,37.04,18.68
130,45,211.07,97.81,4,0.73,36.99
130,46,70.15,374.17,0,4.62,12.90
130,46,70.15,374.17,1,37.88,1.41
130,46,70.15,374.17,2,21.22,10.21
130,46,70.15,374.17,3,37.04,18.68
130,46,70.15,374.17,4,0.73,36.99
130,47,56.25,305.42,0,4.62,12.90
130,47,56.25,305.42,1,37.88,1.41
130,47,56.25,305.42,2,21.22,10.21
130,47,56.25,305.42,3,37.04,18.68
130,47,56.25,305.42,4,0.73,36.99
130,48,346.54,198.29,0,4.62,12.90
130,48,346.54,198.29,1,37.88,1.41
130,48,346.54,198.29,2,21.22,10.21
130,48,346.54,198.29,3,37.04,18.68
130,48,346.54,198.29,4,0.73,36.99
130,49,195.42,130.11,0,4.62,12.90
130,49,195.42,130.11,1,37.88,1.41
130,49,195.42,130.11,2,21.22,10.21
130,49,195.42,130.11,3,37.04,18.68
130,49,195.42,130.11,4,0.73,36.99
130,50,306.99,313.99,0,4.62,12.90
130,50,306.99,313.99,1,37.88,1.41
130,50,306.99,313.99,2,21.22,10.21
130,50,306.99,313.99,3,37.04,18.68
130,50,306.99,313.99,4,0.73,36.99
130,51,24.01,366.05,0,4.62,12.90
130,51,24.01,366.05,1,37.88,1.41
130,51,24.01,366.05,2,21.22,10.21
130,51,24.01,366.05,3,37.04,18.68
130,51,24.01,366.05,4,0.73,36.99
130,52,206.51,105.15,0,4.62,12.90
130,52,206.51,105.15,1,37.88,1.41
130,52,206.51,105.15,2,21.22,10.21
130,52,206.51,105.15,3,37.04,18.68
130,52,206.51,105.15,4,0.73,36.99
130,53,274.13,239.59,0,4.62,12.90
130,53,274.13,239.59,1,37.88,1.41
130,53,274.13,239.59,2,21.22,10.21
130,53,274.13,239.59,3,37.04,18.68
130,53,274.13,239.59,4,0.73,36.99
130,54,348.65,24.36,0,4.62,12.90
130,54,348.65,24.36,1,37.88,1.41
130,54,348.65,24.36,2,21.22,10.21
130,54,348.65,24.36,3,37.04,18.68
130,54,348.65,24.36,4,0.73,36.99
130,55,271.98,248.60,0,4.62,12.90
130,55,271.98,248.60,1,37.88,1.41
130,55,271.98,248.60,2,21.22,10.21
130,55,271.98,248.60,3,37.04,18.68
130,55,271.98,248.60,4,0.73,36.99
130,56,315.13,170.42,0,4.62,12.90
130,56,315.13,170.42,1,37.88,1.41
130,56,315.13,170.42,2,21.22,10.21
130,56,315.13,170.42,3,37.04,18.68
130,56,315.13,170.42,4,0.73,36.99
130,57,89.08,179.29,0,4.62,12.90
130,57,89.08,179.29,1,37.88,1.41
130,57,89.08,179.29,2,21.22,10.21
130,57,89.08,179.29,3,37.04,18.68
130,57,89.08,179.29,4,0.73,36.99
130,58,350.52,191.79,0,4.62,12.90
130,58,350.52,191.79,1,37.88,1.41
130,58,350.52,191.79,2,21.22,10.21
130,58,350.52,191.79,3,37.04,18.68
130,58,350.52,191.79,4,0.73,36.99
130,59,53.27,134.02,0,4.62,12.90
130,59,53.27,134.02,1,37.88,1.41
130,59,53.27,134.02,2,21.22,10.21
130,59,53.27,134.02,3,37.04,18.68
130,59,53.27,134.02,4,0.73,36.99
130,60,176.40,272.59,0,4.62,12.90
130,60,176.40,272.59,1,37.88,1.41
130,60,176.40,272.59,2,21.22,10.21
130,60,176.40,272.59,3,37.04,18.68
130,60,176.40,272.59,4,0.73,36.99
130,61,29.75,131.79,0,4.62,12.90
130,61,29.75,131.79,1,37.88,1.41
130,61,29.75,131.79,2,21.22,10.21
130,61,29.75,131.79,3,37.04,18.68
130,61,29.75,131.79,4,0.73,36.99
130,62,34.32,375.30,0,4.62,12.90
130,62,34.32,375.30,1,37.88,1.41
130,62,34.32,375.30,2,21.22,10.21
130,62,34.32,375.30,3,37.04,18.68
130,62,34.32,375.30,4,0.73,36.99
130,63,108.59,174.24,0,4.62,12.90
130,63,108.59,174.24,1,37.88,1.41
130,63,108.59,174.24,2,21.22,10.21
130,63,108.59,174.24,3,37.04,18.68
130,63,108.59,174.24,4,0.73,36.99
130,64,344.30,31.23,0,4.62,12.90
130,64,344.30,31.23,1,37.88,1.41
130,64,344.30,31.23,2,21.22,10.21
130,64,344.30,31.23,3,37.04,18.68
130,64,344.30,31.23,4,0.73,36.99
130,65,339.86,266.43,0,4.62,12.90
130,65,339.86,266.43,1,37.88,1.41
130,65,339.86,266.43,2,21.22,10.21
130,65,339.86,266.43,3,37.04,18.68
130,65,339.86,266.43,4,0.73,36.99
130,66,98.99,381.44,0,4.62,12.90
130,66,98.99,381.44,1,37.88,1.41
130,66,98.99,381.44,2,21.22,10.21
130,66,98.99,381.44,3,37.04,18.68
130,66,98.99,381.44,4,0.73,36.99
130,67,39.20,227.67,0,4.62,12.90
130,67,39.20,227.67,1,37.88,1.41
130,67,39.20,227.67,2,21.22,10.21
130,67,39.20,227.67,3,37.04,18.68
130,67,39.20,227.67,4,0.73,36.99
130,68,237.64,319.62,0,4.62,12.90
130,68,237.64,319.62,1,37.88,1.41
130,68,237.64,319.62,2,21.22,10.21
130,68,237.64,319.62,3,37.04,18.68
130,68,237.64,319.62,4,0.73,36.99
130,69,376.04,352.70,0,4.62,12.90
130,69,376.04,352.70,1,37.88,1.41
130,69,376.04,352.70,2,21.22,10.21
130,69,376.04,352.70,3,37.04,18.68
130,69,376.04,352.70,4,0.73,36.99
130,70,209.01,89.66,0,4.62,12.90
130,70,209.01,89.66,1,37.88,1.41
130,70,209.01,89.66,2,21.22,10.21
130,70,209.01,89.66,3,37.04,18.68
130,70,209.01,89.66,4,0.73,36.99
130,71,32.72,373.96,0,4.62,12.90
130,71,32.72,373.96,1,37.88,1.41
130,71,32.72,373.96,2,21.22,10.21
130,71,32.72,373.96,3,37.04,18.68
130,71,32.72,373.96,4,0.73,36.99
130,72,19.87,384.15,0,4.62,12.90
130,72,19.87,384.15,1,37.88,1.41
130,72,19.87,384.15,2,21.22,10.21
130,72,19.87,384.15,3,37.04,18.68
130,72,19.87,384.15,4,0.73,36.99
130,73,365.77,155.05,0,4.62,12.90
130,73,365.77,155.05,1,37.88,1.41
130,73,365.77,155.05,2,21.22,10.21
130,73,365.77,155.05,3,37.04,18.68
130,73,365.77,155.05,4,0.73,36.99
130,74,222.58,73.96,0,4.62,12.90
130,74,222.58,73.96,1,37.88,1.41
130,74,222.58,73.96,2,21.22,10.21
130,74,222.58,73.96,3,37.04,18.68
130,74,222.58,73.96,4,0.73,36.99
130,75,190.81,89.23,0,4.62,12.90
130,75,190.81,89.23,1,37.88,1.41
130,75,190.81,89.23,2,21.22,10.21
130,75,190.81,89.23,3,37.04,18.68
130,75,190.81,89.23,4,0.73,36.99
130,76,355.04,108.35,0,4.62,12.90
130,76,355.04,108.35,1,37.88,1.41
130,76,355.04,108.35,2,21.22,10.21
130,76,355.04,108.35,3,37.04,18.68
130,76,355.04,108.35,4,0.73,36.99
130,77,87.68,163.14,0,4.62,12.90
130,77,87.68,163.14,1,37.88,1.41
130,77,87.68,163.14,2,21.22,10.21
130,77,87.68,163.14,3,37.04,18.68
130,77,87.68,163.14,4,0.73,36.99
130,78,195.77,391.21,0,4.62,12.90
130,78,195.77,391.21,1,37.88,1.41
130,78,195.77,391.21,2,21.22,10.21
130,78,195.77,391.21,3,37.04,18.68
130,78,195.77,391.21,4,0.73,36.99
130,79,362.72,206.36,0,4.62,12.90
130,79,362.72,206.36,1,37.88,1.41
130,79,362.72,206.36,2,21.22,10.21
130,79,362.72,206.36,3,37.04,18.68
130,79,362.72,206.36,4,0.73,36.99
130,80,366.71,188.42,0,4.62,12.90
130,80,366.71,188.42,1,37.88,1.41
130,80,366.71,188.42,2,21.22,10.21
130,80,366.71,188.42,3,37.04,18.68
130,80,366.71,188.42,4,0.73,36.99
130,81,256.56,351.84,0,4.62,12.90
130,81,256.56,351.84,1,37.88,1.41
130,81,256.56,351.84,2,21.22,10.21
130,81,256.56,351.84,3,37.04,18.68
130,81,256.56,351.84,4,0.73,36.99
130,82,324.41,112.34,0,4.62,12.90
130,82,324.41,112.34,1,37.88,1.41
130,82,324.41,112.34,2,21.22,10.21
130,82,324.41,112.34,3,37.04,18.68
130,82,324.41,112.34,4,0.73,36.99
130,83,163.05,34.54,0,4.62,12.90
130,83,163.05,34.54,1,37.88,1.41
130,83,163.05,34.54,2,21.22,10.21
130,83,163.05,34.54,3,37.04,18.68
130,83,163.05,34.54,4,0.73,36.99
130,84,218.94,291.25,0,4.62,12.90
130,84,218.94,291.25,1,37.88,1.41
130,84,218.94,291.25,2,21.22,10.21
130,84,218.94,291.25,3,37.04,18.68
130,84,218.94,291.25,4,0.73,36.99
130,85,363.51,122.21,0,4.62,12.90
130,85,363.51,122.21,1,37.88,1.41
130,85,363.51,122.21,2,21.22,10.21
130,85,363.51,122.21,3,37.04,18.68
130,85,363.51,122.21,4,0.73,36.99
130,86,20.34,127.83,0,4.62,12.90
130,86,20.34,127.83,1,37.88,1.41
130,86,20.34,127.83,2,21.22,10.21
130,86,20.34,127.83,3,37.04,18.68
130,86,20.34,127.83,4,0.73,36.99
130,87,383.49,32.50,0,4.62,12.90
130,87,383.49,32.50,1,37.88,1.41
130,87,383.49,32.50,2,21.22,10.21
130,87,383.49,32.50,3,37.04,18.68
130,87,383.49,32.50,4,0.73,36.99
130,88,192.44,300.38,0,4.62,12.90
130,88,192.44,300.38,1,37.88,1.41
130,88,192.44,300.38,2,21.22,10.21
130,88,192.44,300.38,3,37.04,18.68
130,88,192.44,300.38,4,0.73,36.99
130,89,319.21,49.76,0,4.62,12.90
130,89,319.21,49.76,1,37.88,1.41
130,89,319.21,49.76,2,21.22,10.21
130,89,319.21,49.76,3,37.04,18.68
130,89,319.21,49.76,4,0.73,36.99
130,90,190.23,45.51,0,4.62,12.90
130,90,190.23,45.51,1,37.88,1.41
130,90,190.23,45.51,2,21.22,10.21
130,90,190.23,45.51,3,37.04,18.68
130,90,190.23,45.51,4,0.73,36.99
130,92,243.99,86.86,0,4.62,12.90
130,92,243.99,86.86,1,37.88,1.41
130,92,243.99,86.86,2,21.22,10.21
130,92,243.99,86.86,3,37.04,18.68
130,92,243.99,86.86,4,0.73,36.99
130,93,233.79,77.69,0,4.62,12.90
130,93,233.79,77.69,1,37.88,1.41
130,93,233.79,77.69,2,21.22,10.21
130,93,233.79,77.69,3,37.04,18.68
130,93,233.79,77.69,4,0.73,36.99
130,94,33.42,366.79,0,4.62,12.90
130,94,33.42,366.79,1,37.88,1.41
130,94,33.42,366.79,2,21.22,10.21
130,94,33.42,366.79,3,37.04,18.68
130,94,33.42,366.79,4,0.73,36.99
130,95,329.52,152.17,0,4.62,12.90
130,95,329.52,152.17,1,37.88,1.41
130,95,329.52,152.17,2,21.22,10.21
130,95,329.52,152.17,3,37.04,18.68
130,95,329.52,152.17,4,0.73,36.99
130,96,80.29,184.65,0,4.62,12.90
130,96,80.29,184.65,1,37.88,1.41
130,96,80.29,184.65,2,21.22,10.21
130,96,80.29,184.65,3,37.04,18.68
130,96,80.29,184.65,4,0.73,36.99
130,97,253.50,173.84,0,4.62,12.90
130,97,253.50,173.84,1,37.88,1.41
130,97,253.50,173.84,2,21.22,10.21
130,97,253.50,173.84,3,37.04,18.68
130,97,253.50,173.84,4,0.73,36.99
130,98,321.54,16.70,0,4.62,12.90
130,98,321.54,16.70,1,37.88,1.41
130,98,321.54,16.70,2,21.22,10.21
130,98,321.54,16.70,3,37.04,18.68
130,98,321.54,16.70,4,0.73,36.99
130,99,369.16,170.40,0,4.62,12.90
130,99,369.16,170.40,1,37.88,1.41
130,99,369.16,170.40,2,21.22,10.21
130,99,369.16,170.40,3,37.04,18.68
130,99,369.16,170.40,4,0.73,36.99
130,100,370.75,188.50,0,4.62,12.90
130,100,370.75,188.50,1,37.88,1.41
130,100,370.75,188.50,2,21.22,10.21
130,100,370.75,188.50,3,37.04,18.68
130,100,370.75,188.50,4,0.73,36.99
130,101,375.03,14.09,0,4.62,12.90
130,101,375.03,14.09,1,37.88,1.41
130,101,375.03,14.09,2,21.22,10.21
130,101,375.03,14.09,3,37.04,18.68
130,101,375.03,14.09,4,0.73,36.99
130,102,59.30,183.48,0,4.62,12.90
130,102,59.30,183.48,1,37.88,1.41
130,102,59.30,183.48,2,21.22,10.21
130,102,59.30,183.48,3,37.04,18.68
130,102,59.30,183.48,4,0.73,36.99
130,103,125.09,386.47,0,4.62,12.90
130,103,125.09,386.47,1,37.88,1.41
130,103,125.09,386.47,2,21.22,10.21
130,103,125.09,386.47,3,37.04,18.68
130,103,125.09,386.47,4,0.73,36.99
130,104,336.42,14.44,0,4.62,12.90
130,104,336.42,14.44,1,37.88,1.41
130,104,336.42,14.44,2,21.22,10.21
130,104,336.42,14.44,3,37.04,18.68
130,104,336.42,14.44,4,0.73,36.99
130,105,41.35,362.00,0,4.62,12.90
130,105,41.35,362.00,1,37.88,1.41
130,105,41.35,362.00,2,21.22,10.21
130,105,41.35,362.00,3,37.04,18.68
130,105,41.35,362.00,4,0.73,36.99
130,106,61.25,246.58,0,4.62,12.90
130,106,61.25,246.58,1,37.88,1.41
130,106,61.25,246.58,2,21.22,10.21
130,106,61.25,246.58,3,37.04,18.68
130,106,61.25,246.58,4,0.73,36.99
130,107,219.76,112.39,0,4.62,12.90
130,107,219.76,112.39,1,37.88,1.41
130,107,219.76,112.39,2,21.22,10.21
130,107,219.76,112.39,3,37.04,18.68
130,107,219.76,112.39,4,0.73,36.99
130,108,4.14,49.49,0,4.62,12.90
130,108,4.14,49.49,1,37.88,1.41
130,108,4.14,49.49,2,21.22,10.21
130,108,4.14,49.49,3,37.04,18.68
130,108,4.14,49.49,4,0.73,36.99
130,109,75.53,305.57,0,4.62,12.90
130,109,75.53,305.57,1,37.88,1.41
130,109,75.53,305.57,2,21.22,10.21
130,109,75.53,305.57,3,37.04,18.68
130,109,75.53,305.57,4,0.73,36.99
130,110,129.91,332.37,0,4.62,12.90
130,110,129.91,332.37,1,37.88,1.41
130,110,129.91,332.37,2,21.22,10.21
130,110,129.91,332.37,3,37.04,18.68
130,110,129.91,332.37,4,0.73,36.99
130,111,366.85,31.78,0,4.62,12.90
130,111,366.85,31.78,1,37.88,1.41
130,111,366.85,31.78,2,21.22,10.21
130,111,366.85,31.78,3,37.04,18.68
130,111,366.85,31.78,4,0.73,36.99
130,112,171.47,100.38,0,4.62,12.90
130,112,171.47,100.38,1,37.88,1.41
130,112,171.47,100.38,2,21.22,10.21
130,112,171.47,100.38,3,37.04,18.68
130,112,171.47,100.38,4,0.73,36.99
130,113,115.66,128.17,0,4.62,12.90
130,113,115.66,128.17,1,37.88,1.41
130,113,115.66,128.17,2,21.22,10.21
130,113,115.66,128.17,3,37.04,18.68
130,113,115.66,128.17,4,0.73,36.99
130,114,152.68,24.63,0,4.62,12.90
130,114,152.68,24.63,1,37.88,1.41
130,114,152.68,24.63,2,21.22,10.21
130,114,152.68,24.63,3,37.04,18.68
130,114,152.68,24.63,4,0.73,36.99
130,115,375.79,232.00,0,4.62,12.90
130,115,375.79,232.00,1,37.88,1.41
130,115,375.79,232.00,2,21.22,10.21
130,115,375.79,232.00,3,37.04,18.68
130,115,375.79,232.00,4,0.73,36.99
130,116,206.00,146.63,0,4.62,12.90
130,116,206.00,146.63,1,37.88,1.41
130,116,206.00,146.63,2,21.22,10.21
130,116,206.00,146.63,3,37.04,18.68
130,116,206.00,146.63,4,0.73,36.99
130,117,347.70,108.25,0,4.62,12.90
130,117,347.70,108.25,1,37.88,1.41
130,117,347.70,108.25,2,21.22,10.21
130,117,347.70,108.25,3,37.04,18.68
130,117,347.70,108.25,4,0.73,36.99
130,118,95.83,212.09,0,4.62,12.90
130,118,95.83,212.09,1,37.88,1.41
130,118,95.83,212.09,2,21.22,10.21
130,118,95.83,212.09,3,37.04,18.68
130,118,95.83,212.09,4,0.73,36.99
130,119,321.83,105.36,0,4.62,12.90
130,119,321.83,105.36,1,37.88,1.41
130,119,321.83,105.36,2,21.22,10.21
130,119,321.83,105.36,3,37.04,18.68
130,119,321.83,105.36,4,0.73,36.99
130,120,184.18,239.57,0,4.62,12.90
130,120,184.18,239.57,1,37.88,1.41
130,120,184.18,239.57,2,21.22,10.21
130,120,184.18,239.57,3,37.04,18.68
130,120,184.18,239.57,4,0.73,36.99
130,121,78.13,106.78,0,4.62,12.90
130,121,78.13,106.78,1,37.88,1.41
130,121,78.13,106.78,2,21.22,10.21
130,121,78.13,106.78,3,37.04,18.68
130,121,78.13,106.78,4,0.73,36.99
130,122,148.49,229.77,0,4.62,12.90
130,122,148.49,229.77,1,37.88,1.41
130,122,148.49,229.77,2,21.22,10.21
130,122,148.49,229.77,3,37.04,18.68
130,122,148.49,229.77,4,0.73,36.99
130,123,178.60,328.93,0,4.62,12.90
130,123,178.60,328.93,1,37.88,1.41
130,123,178.60,328.93,2,21.22,10.21
130,123,178.60,328.93,3,37.04,18.68
130,123,178.60,328.93,4,0.73,36.99
130,124,114.43,27.03,0,4.62,12.90
130,124,114.43,27.03,1,37.88,1.41
130,124,114.43,27.03,2,21.22,10.21
130,124,114.43,27.03,3,37.04,18.68
130,124,114.43,27.03,4,0.73,36.99
130,125,365.55,93.41,0,4.62,12.90
130,125,365.55,93.41,1,37.88,1.41
130,125,365.55,93.41,2,21.22,10.21
130,125,365.55,93.41,3,37.04,18.68
130,125,365.55,93.41,4,0.73,36.99
130,126,27.81,90.81,0,4.62,12.90
130,126,27.81,90.81,1,37.88,1.41
130,126,27.81,90.81,2,21.22,10.21
130,126,27.81,90.81,3,37.04,18.68
130,126,27.81,90.81,4,0.73,36.99
130,127,29.09,383.96,0,4.62,12.90
130,127,29.09,383.96,1,37.88,1.41
130,127,29.09,383.96,2,21.22,10.21
130,127,29.09,383.96,3,37.04,18.68
130,127,29.09,383.96,4,0.73,36.99
130,128,253.33,366.93,0,4.62,12.90
130,128,253.33,366.93,1,37.88,1.41
130,128,253.33,366.93,2,21.22,10.21
130,128,253.33,366.93,3,37.04,18.68
130,128,253.33,366.93,4,0.73,36.99
130,129,282.42,171.79,0,4.62,12.90
130,129,282.42,171.79,1,37.88,1.41
130,129,282.42,171.79,2,21.22,10.21
130,129,282.42,171.79,3,37.04,18.68
130,129,282.42,171.79,4,0.73,36.99
130,130,373.09,198.26,0,4.62,12.90
130,130,373.09,198.26,1,37.88,1.41
130,130,373.09,198.26,2,21.22,10.21
130,130,373.09,198.26,3,37.04,18.68
130,130,373.09,198.26,4,0.73,36.99
130,131,258.57,65.70,0,4.62,12.90
130,131,258.57,65.70,1,37.88,1.41
130,131,258.57,65.70,2,21.22,10.21
130,131,258.57,65.70,3,37.04,18.68
130,131,258.57,65.70,4,0.73,36.99
130,132,365.07,302.28,0,4.62,12.90
130,132,365.07,302.28,1,37.88,1.41
130,132,365.07,302.28,2,21.22,10.21
130,132,365.07,302.28,3,37.04,18.68
130,132,365.07,302.28,4,0.73,36.99
130,133,9.38,111.07,0,4.62,12.90
130,133,9.38,111.07,1,37.88,1.41
130,133,9.38,111.07,2,21.22,10.21
130,133,9.38,111.07,3,37.04,18.68
130,133,9.38,111.07,4,0.73,36.99
130,134,376.11,29.93,0,4.62,12.90
130,134,376.11,29.93,1,37.88,1.41
130,134,376.11,29.93,2,21.22,10.21
130,134,376.11,29.93,3,37.04,18.68
130,134,376.11,29.93,4,0.73,36.99
130,135,92.62,252.57,0,4.62,12.90
130,135,92.62,252.57,1,37.88,1.41
130,135,92.62,252.57,2,21.22,10.21
130,135,92.62,252.57,3,37.04,18.68
130,135,92.62,252.57,4,0.73,36.99
130,136,358.28,37.93,0,4.62,12.90
130,136,358.28,37.93,1,37.88,1.41
130,136,358.28,37.93,2,21.22,10.21
130,136,358.28,37.93,3,37.04,18.68
130,136,358.28,37.93,4,0.73,36.99
130,137,250.53,56.44,0,4.62,12.90
130,137,250.53,56.44,1,37.88,1.41
130,137,250.53,56.44,2,21.22,10.21
130,137,250.53,56.44,3,37.04,18.68
130,137,250.53,56.44,4,0.73,36.99
130,138,236.25,84.86,0,4.62,12.90
130,138,236.25,84.86,1,37.88,1.41
130,138,236.25,84.86,2,21.22,10.21
130,138,236.25,84.86,3,37.04,18.68
130,138,236.25,84.86,4,0.73,36.99
130,139,358.13,97.09,0,4.62,12.90
130,139,358.13,97.09,1,37.88,1.41
130,139,358.13,97.09,2,21.22,10.21
130,139,358.13,97.09,3,37.04,18.68
130,139,358.13,97.09,4,0.73,36.99
130,140,374.40,7.40,0,4.62,12.90
130,140,374.40,7.40,1,37.88,1.41
130,140,374.40,7.40,2,21.22,10.21
130,140,374.40,7.40,3,37.04,18.68
130,140,374.40,7.40,4,0.73,36.99
130,141,348.87,376.08,0,4.62,12.90
130,141,348.87,376.08,1,37.88,1.41
130,141,348.87,376.08,2,21.22,10.21
130,141,348.87,376.08,3,37.04,18.68
130,141,348.87,376.08,4,0.73,36.99
130,142,233.43,137.95,0,4.62,12.90
130,142,233.43,137.95,1,37.88,1.41
130,142,233.43,137.95,2,21.22,10.21
130,142,233.43,137.95,3,37.04,18.68
130,142,233.43,137.95,4,0.73,36.99
130,143,345.58,348.81,0,4.62,12.90
130,143,345.58,348.81,1,37.88,1.41
130,143,345.58,348.81,2,21.22,10.21
130,143,345.58,348.81,3,37.04,18.68
130,143,345.58,348.81,4,0.73,36.99
130,144,378.39,193.97,0,4.62,12.90
130,144,378.39,193.97,1,37.88,1.41
130,144,378.39,193.97,2,21.22,10.21
130,144,378.39,193.97,3,37.04,18.68
130,144,378.39,193.97,4,0.73,36.99
130,145,243.33,352.09,0,4.62,12.90
130,145,243.33,352.09,1,37.88,1.41
130,145,243.33,352.09,2,21.22,10.21
130,145,243.33,352.09,3,37.04,18.68
130,145,243.33,352.09,4,0.73,36.99
130,146,124.50,212.52,0,4.62,12.90
130,146,124.50,212.52,1,37.88,1.41
130,146,124.50,212.52,2,21.22,10.21
130,146,124.50,212.52,3,37.04,18.68
130,146,124.50,212.52,4,0.73,36.99
130,147,15.66,256.38,0,4.62,12.90
130,147,15.66,256.38,1,37.88,1.41
130,147,15.66,256.38,2,21.22,10.21
130,147,15.66,256.38,3,37.04,18.68
130,147,15.66,256.38,4,0.73,36.99
130,148,296.89,213.79,0,4.62,12.90
130,148,296.89,213.79,1,37.88,1.41
130,148,296.89,213.79,2,21.22,10.21
130,148,296.89,213.79,3,37.04,18.68
130,148,296.89,213.79,4,0.73,36.99
130,149,345.73,270.55,0,4.62,12.90
130,149,345.73,270.55,1,37.88,1.41
130,149,345.73,270.55,2,21.22,10.21
130,149,345.73,270.55,3,37.04,18.68
130,149,345.73,270.55,4,0.73,36.99
130,150,271.01,135.00,0,4.62,12.90
130,150,271.01,135.00,1,37.88,1.41
130,150,271.01,135.00,2,21.22,10.21
130,150,271.01,135.00,3,37.04,18.68
130,150,271.01,135.00,4,0.73,36.99
130,151,197.85,84.45,0,4.62,12.90
130,151,197.85,84.45,1,37.88,1.41
130,151,197.85,84.45,2,21.22,10.21
130,151,197.85,84.45,3,37.04,18.68
130,151,197.85,84.45,4,0.73,36.99
130,152,30.53,75.84,0,4.62,12.90
130,152,30.53,75.84,1,37.88,1.41
130,152,30.53,75.84,2,21.22,10.21
130,152,30.53,75.84,3,37.04,18.68
130,152,30.53,75.84,4,0.73,36.99
130,153,35.41,117.75,0,4.62,12.90
130,153,35.41,117.75,1,37.88,1.41
130,153,35.41,117.75,2,21.22,10.21
130,153,35.41,117.75,3,37.04,18.68
130,153,35.41,117.75,4,0.73,36.99
130,154,369.52,205.54,0,4.62,12.90
130,154,369.52,205.54,1,37.88,1.41
130,154,369.52,205.54,2,21.22,10.21
130,154,369.52,205.54,3,37.04,18.68
130,154,369.52,205.54,4,0.73,36.99
130,155,199.88,153.90,0,4.62,12.90
130,155,199.88,153.90,1,37.88,1.41
130,155,199.88,153.90,2,21.22,10.21
130,155,199.88,153.90,3,37.04,18.68
130,155,199.88,153.90,4,0.73,36.99
130,156,347.74,325.58,0,4.62,12.90
130,156,347.74,325.58,1,37.88,1.41
130,156,347.74,325.58,2,21.22,10.21
130,156,347.74,325.58,3,37.04,18.68
130,156,347.74,325.58,4,0.73,36.99
130,157,190.90,83.76,0,4.62,12.90
130,157,190.90,83.76,1,37.88,1.41
130,157,190.90,83.76,2,21.22,10.21
130,157,190.90,83.76,3,37.04,18.68
130,157,190.90,83.76,4,0.73,36.99
130,158,204.49,86.54,0,4.62,12.90
130,158,204.49,86.54,1,37.88,1.41
130,158,204.49,86.54,2,21.22,10.21
130,158,204.49,86.54,3,37.04,18.68
130,158,204.49,86.54,4,0.73,36.99
130,159,370.28,318.32,0,4.62,12.90
130,159,370.28,318.32,1,37.88,1.41
130,159,370.28,318.32,2,21.22,10.21
130,159,370.28,318.32,3,37.04,18.68
130,159,370.28,318.32,4,0.73,36.99
130,160,321.09,395.44,0,4.62,12.90
130,160,321.09,395.44,1,37.88,1.41
130,160,321.09,395.44,2,21.22,10.21
130,160,321.09,395.44,3,37.04,18.68
130,160,321.09,395.44,4,0.73,36.99
130,161,173.89,163.76,0,4.62,12.90
130,161,173.89,163.76,1,37.88,1.41
130,161,173.89,163.76,2,21.22,10.21
130,161,173.89,163.76,3,37.04,18.68
130,161,173.89,163.76,4,0.73,36.99
130,162,301.30,351.30,0,4.62,12.90
130,162,301.30,351.30,1,37.88,1.41
130,162,301.30,351.30,2,21.22,10.21
130,162,301.30,351.30,3,37.04,18.68
130,162,301.30,351.30,4,0.73,36.99
130,163,164.61,159.92,0,4.62,12.90
130,163,164.61,159.92,1,37.88,1.41
130,163,164.61,159.92,2,21.22,10.21
130,163,164.61,159.92,3,37.04,18.68
130,163,164.61,159.92,4,0.73,36.99
130,164,45.65,15.05,0,4.62,12.90
130,164,45.65,15.05,1,37.88,1.41
130,164,45.65,15.05,2,21.22,10.21
130,164,45.65,15.05,3,37.04,18.68
130,164,45.65,15.05,4,0.73,36.99
130,165,97.04,54.24,0,4.62,12.90
130,165,97.04,54.24,1,37.88,1.41
130,165,97.04,54.24,2,21.22,10.21
130,165,97.04,54.24,3,37.04,18.68
130,165,97.04,54.24,4,0.73,36.99
130,166,266.34,388.63,0,4.62,12.90
130,166,266.34,388.63,1,37.88,1.41
130,166,266.34,388.63,2,21.22,10.21
130,166,266.34,388.63,3,37.04,18.68
130,166,266.34,388.63,4,0.73,36.99
130,167,392.43,333.98,0,4.62,12.90
130,167,392.43,333.98,1,37.88,1.41
130,167,392.43,333.98,2,21.22,10.21
130,167,392.43,333.98,3,37.04,18.68
130,167,392.43,333.98,4,0.73,36.99
130,168,204.88,267.73,0,4.62,12.90
130,168,204.88,267.73,1,37.88,1.41
130,168,204.88,267.73,2,21.22,10.21
130,168,204.88,267.73,3,37.04,18.68
130,168,204.88,267.73,4,0.73,36.99
130,169,196.88,48.06,0,4.62,12.90
130,169,196.88,48.06,1,37.88,1.41
130,169,196.88,48.06,2,21.22,10.21
130,169,196.88,48.06,3,37.04,18.68
130,169,196.88,48.06,4,0.73,36.99
130,170,290.13,265.07,0,4.62,12.90
130,170,290.13,265.07,1,37.88,1.41
130,170,290.13,265.07,2,21.22,10.21
130,170,290.13,265.07,3,37.04,18.68
130,170,290.13,265.07,4,0.73,36.99
130,171,45.08,121.38,0,4.62,12.90
130,171,45.08,121.38,1,37.88,1.41
130,171,45.08,121.38,2,21.22,10.21
130,171,45.08,121.38,3,37.04,18.68
130,171,45.08,121.38,4,0.73,36.99
130,172,349.19,203.91,0,4.62,12.90
130,172,349.19,203.91,1,37.88,1.41
130,172,349.19,203.91,2,21.22,10.21
130,172,349.19,203.91,3,37.04,18.68
130,172,349.19,203.91,4,0.73,36.99
130,173,381.51,148.55,0,4.62,12.90
130,173,381.51,148.55,1,37.88,1.41
130,173,381.51,148.55,2,21.22,10.21
130,173,381.51,148.55,3,37.04,18.68
130,173,381.51,148.55,4,0.73,36.99
130,174,177.60,228.17,0,4.62,12.90
130,174,177.60,228.17,1,37.88,1.41
130,174,177.60,228.17,2,21.22,10.21
130,174,177.60,228.17,3,37.04,18.68
130,174,177.60,228.17,4,0.73,36.99
130,176,42.01,212.13,0,4.62,12.90
130,176,42.01,212.13,1,37.88,1.41
130,176,42.01,212.13,2,21.22,10.21
130,176,42.01,212.13,3,37.04,18.68
130,176,42.01,212.13,4,0.73,36.99
130,177,209.14,282.18,0,4.62,12.90
130,177,209.14,282.18,1,37.88,1.41
130,177,209.14,282.18,2,21.22,10.21
130,177,209.14,282.18,3,37.04,18.68
130,177,209.14,282.18,4,0.73,36.99
130,178,198.27,94.73,0,4.62,12.90
130,178,198.27,94.73,1,37.88,1.41
130,178,198.27,94.73,2,21.22,10.21
130,178,198.27,94.73,3,37.04,18.68
130,178,198.27,94.73,4,0.73,36.99
130,179,50.44,315.34,0,4.62,12.90
130,179,50.44,315.34,1,37.88,1.41
130,179,50.44,315.34,2,21.22,10.21
130,179,50.44,315.34,3,37.04,18.68
130,179,50.44,315.34,4,0.73,36.99
130,180,182.28,171.76,0,4.62,12.90
130,180,182.28,171.76,1,37.88,1.41
130,180,182.28,171.76,2,21.22,10.21
130,180,182.28,171.76,3,37.04,18.68
130,180,182.28,171.76,4,0.73,36.99
130,181,6.93,138.08,0,4.62,12.90
130,181,6.93,138.08,1,37.88,1.41
130,181,6.93,138.08,2,21.22,10.21
130,181,6.93,138.08,3,37.04,18.68
130,181,6.93,138.08,4,0.73,36.99
130,182,23.97,374.40,0,4.62,12.90
130,182,23.97,374.40,1,37.88,1.41
130,182,23.97,374.40,2,21.22,10.21
130,182,23.97,374.40,3,37.04,18.68
130,182,23.97,374.40,4,0.73,36.99
130,183,71.47,128.62,0,4.62,12.90
130,183,71.47,128.62,1,37.88,1.41
130,183,71.47,128.62,2,21.22,10.21
130,183,71.47,128.62,3,37.04,18.68
130,183,71.47,128.62,4,0.73,36.99
130,184,28.72,98.78,0,4.62,12.90
130,184,28.72,98.78,1,37.88,1.41
130,184,28.72,98.78,2,21.22,10.21
130,184,28.72,98.78,3,37.04,18.68
130,184,28.72,98.78,4,0.73,36.99
130,185,90.33,292.10,0,4.62,12.90
130,185,90.33,292.10,1,37.88,1.41
130,185,90.33,292.10,2,21.22,10.21
130,185,90.33,292.10,3,37.04,18.68
130,185,90.33,292.10,4,0.73,36.99
130,186,197.70,105.42,0,4.62,12.90
130,186,197.70,105.42,1,37.88,1.41
130,186,197.70,105.42,2,21.22,10.21
130,186,197.70,105.42,3,37.04,18.68
130,186,197.70,105.42,4,0.73,36.99
130,187,150.85,313.43,0,4.62,12.90
130,187,150.85,313.43,1,37.88,1.41
130,187,150.85,313.43,2,21.22,10.21
130,187,150.85,313.43,3,37.04,18.68
130,187,150.85,313.43,4,0.73,36.99
130,188,251.88,143.10,0,4.62,12.90
130,188,251.88,143.10,1,37.88,1.41
130,188,251.88,143.10,2,21.22,10.21
130,188,251.88,143.10,3,37.04,18.68
130,188,251.88,143.10,4,0.73,36.99
130,189,43.56,265.20,0,4.62,12.90
130,189,43.56,265.20,1,37.88,1.41
130,189,43.56,265.20,2,21.22,10.21
130,189,43.56,265.20,3,37.04,18.68
130,189,43.56,265.20,4,0.73,36.99
130,190,45.34,37.44,0,4.62,12.90
130,190,45.34,37.44,1,37.88,1.41
130,190,45.34,37.44,2,21.22,10.21
130,190,45.34,37.44,3,37.04,18.68
130,190,45.34,37.44,4,0.73,36.99
130,191,68.24,345.05,0,4.62,12.90
130,191,68.24,345.05,1,37.88,1.41
130,191,68.24,345.05,2,21.22,10.21
130,191,68.24,345.05,3,37.04,18.68
130,191,68.24,345.05,4,0.73,36.99
130,192,230.72,75.55,0,4.62,12.90
130,192,230.72,75.55,1,37.88,1.41
130,192,230.72,75.55,2,21.22,10.21
130,192,230.72,75.55,3,37.04,18.68
130,192,230.72,75.55,4,0.73,36.99
130,193,338.14,77.33,0,4.62,12.90
130,193,338.14,77.33,1,37.88,1.41
130,193,338.14,77.33,2,21.22,10.21
130,193,338.14,77.33,3,37.04,18.68
130,193,338.14,77.33,4,0.73,36.99
130,194,15.18,140.57,0,4.62,12.90
130,194,15.18,140.57,1,37.88,1.41
130,194,15.18,140.57,2,21.22,10.21
130,194,15.18,140.57,3,37.04,18.68
130,194,15.18,140.57,4,0.73,36.99
130,195,123.47,346.25,0,4.62,12.90
130,195,123.47,346.25,1,37.88,1.41
130,195,123.47,346.25,2,21.22,10.21
130,195,123.47,346.25,3,37.04,18.68
130,195,123.47,346.25,4,0.73,36.99
130,196,37.27,101.49,0,4.62,12.90
130,196,37.27,101.49,1,37.88,1.41
130,196,37.27,101.49,2,21.22,10.21
130,196,37.27,101.49,3,37.04,18.68
130,196,37.27,101.49,4,0.73,36.99
130,197,372.54,216.56,0,4.62,12.90
130,197,372.54,216.56,1,37.88,1.41
130,197,372.54,216.56,2,21.22,10.21
130,197,372.54,216.56,3,37.04,18.68
130,197,372.54,216.56,4,0.73,36.99
130,198,324.07,157.45,0,4.62,12.90
130,198,324.07,157.45,1,37.88,1.41
130,198,324.07,157.45,2,21.22,10.21
130,198,324.07,157.45,3,37.04,18.68
130,198,324.07,157.45,4,0.73,36.99
130,199,14.90,172.77,0,4.62,12.90
130,199,14.90,172.77,1,37.88,1.41
130,199,14.90,172.77,2,21.22,10.21
130,199,14.90,172.77,3,37.04,18.68
130,199,14.90,172.77,4,0.73,36.99
130,200,4.44,62.27,0,4.62,12.90
130,200,4.44,62.27,1,37.88,1.41
130,200,4.44,62.27,2,21.22,10.21
130,200,4.44,62.27,3,37.04,18.68
130,200,4.44,62.27,4,0.73,36.99
130,201,369.78,133.01,0,4.62,12.90
130,201,369.78,133.01,1,37.88,1.41
130,201,369.78,133.01,2,21.22,10.21
130,201,369.78,133.01,3,37.04,18.68
130,201,369.78,133.01,4,0.73,36.99
130,203,340.27,231.51,0,4.62,12.90
130,203,340.27,231.51,1,37.88,1.41
130,203,340.27,231.51,2,21.22,10.21
130,203,340.27,231.51,3,37.04,18.68
130,203,340.27,231.51,4,0.73,36.99
130,204,44.55,316.63,0,4.62,12.90
130,204,44.55,316.63,1,37.88,1.41
130,204,44.55,316.63,2,21.22,10.21
130,204,44.55,316.63,3,37.04,18.68
130,204,44.55,316.63,4,0.73,36.99
130,205,60.91,121.04,0,4.62,12.90
130,205,60.91,121.04,1,37.88,1.41
130,205,60.91,121.04,2,21.22,10.21
130,205,60.91,121.04,3,37.04,18.68
130,205,60.91,121.04,4,0.73,36.99
130,206,214.42,120.12,0,4.62,12.90
130,206,214.42,120.12,1,37.88,1.41
130,206,214.42,120.12,2,21.22,10.21
130,206,214.42,120.12,3,37.04,18.68
130,206,214.42,120.12,4,0.73,36.99
130,207,18.81,270.57,0,4.62,12.90
130,207,18.81,270.57,1,37.88,1.41
130,207,18.81,270.57,2,21.22,10.21
130,207,18.81,270.57,3,37.04,18.68
130,207,18.81,270.57,4,0.73,36.99
130,208,63.66,367.65,0,4.62,12.90
130,208,63.66,367.65,1,37.88,1.41
130,208,63.66,367.65,2,21.22,10.21
130,208,63.66,367.65,3,37.04,18.68
130,208,63.66,367.65,4,0.73,36.99
130,209,359.97,175.30,0,4.62,12.90
130,209,359.97,175.30,1,37.88,1.41
130,209,359.97,175.30,2,21.22,10.21
130,209,359.97,175.30,3,37.04,18.68
130,209,359.97,175.30,4,0.73,36.99
130,210,253.22,102.86,0,4.62,12.90
130,210,253.22,102.86,1,37.88,1.41
130,210,253.22,102.86,2,21.22,10.21
130,210,253.22,102.86,3,37.04,18.68
130,210,253.22,102.86,4,0.73,36.99
130,211,157.98,383.82,0,4.62,12.90
130,211,157.98,383.82,1,37.88,1.41
130,211,157.98,383.82,2,21.22,10.21
130,211,157.98,383.82,3,37.04,18.68
130,211,157.98,383.82,4,0.73,36.99
130,212,378.85,287.88,0,4.62,12.90
130,212,378.85,287.88,1,37.88,1.41
130,212,378.85,287.88,2,21.22,10.21
130,212,378.85,287.88,3,37.04,18.68
130,212,378.85,287.88,4,0.73,36.99
130,213,379.10,298.77,0,4.62,12.90
130,213,379.10,298.77,1,37.88,1.41
130,213,379.10,298.77,2,21.22,10.21
130,213,379.10,298.77,3,37.04,18.68
130,213,379.10,298.77,4,0.73,36.99
130,214,230.50,86.60,0,4.62,12.90
130,214,230.50,86.60,1,37.88,1.41
130,214,230.50,86.60,2,21.22,10.21
130,214,230.50,86.60,3,37.04,18.68
130,214,230.50,86.60,4,0.73,36.99
130,215,273.17,377.34,0,4.62,12.90
130,215,273.17,377.34,1,37.88,1.41
130,215,273.17,377.34,2,21.22,10.21
130,215,273.17,377.34,3,37.04,18.68
130,215,273.17,377.34,4,0.73,36.99
130,216,259.48,381.25,0,4.62,12.90
130,216,259.48,381.25,1,37.88,1.41
130,216,259.48,381.25,2,21.22,10.21
130,216,259.48,381.25,3,37.04,18.68
130,216,259.48,381.25,4,0.73,36.99
130,217,367.06,19.24,0,4.62,12.90
130,217,367.06,19.24,1,37.88,1.41
130,217,367.06,19.24,2,21.22,10.21
130,217,367.06,19.24,3,37.04,18.68
130,217,367.06,19.24,4,0.73,36.99
130,218,287.13,391.60,0,4.62,12.90
130,218,287.13,391.60,1,37.88,1.41
130,218,287.13,391.60,2,21.22,10.21
130,218,287.13,391.60,3,37.04,18.68
130,218,287.13,391.60,4,0.73,36.99
130,219,10.96,86.29,0,4.62,12.90
130,219,10.96,86.29,1,37.88,1.41
130,219,10.96,86.29,2,21.22,10.21
130,219,10.96,86.29,3,37.04,18.68
130,219,10.96,86.29,4,0.73,36.99
130,220,362.08,24.10,0,4.62,12.90
130,220,362.08,24.10,1,37.88,1.41
130,220,362.08,24.10,2,21.22,10.21
130,220,362.08,24.10,3,37.04,18.68
130,220,362.08,24.10,4,0.73,36.99
130,221,319.58,244.44,0,4.62,12.90
130,221,319.58,244.44,1,37.88,1.41
130,221,319.58,244.44,2,21.22,10.21
130,221,319.58,244.44,3,37.04,18.68
130,221,319.58,244.44,4,0.73,36.99
130,222,32.16,358.70,0,4.62,12.90
130,222,32.16,358.70,1,37.88,1.41
130,222,32.16,358.70,2,21.22,10.21
130,222,32.16,358.70,3,37.04,18.68
130,222,32.16,358.70,4,0.73,36.99
130,223,322.02,181.34,0,4.62,12.90
130,223,322.02,181.34,1,37.88,1.41
130,223,322.02,181.34,2,21.22,10.21
130,223,322.02,181.34,3,37.04,18.68
130,223,322.02,181.34,4,0.73,36.99
130,224,373.96,32.46,0,4.62,12.90
130,224,373.96,32.46,1,37.88,1.41
130,224,373.96,32.46,2,21.22,10.21
130,224,373.96,32.46,3,37.04,18.68
130,224,373.96,32.46,4,0.73,36.99
130,225,364.65,220.45,0,4.62,12.90
130,225,364.65,220.45,1,37.88,1.41
130,225,364.65,220.45,2,21.22,10.21
130,225,364.65,220.45,3,37.04,18.68
130,225,364.65,220.45,4,0.73,36.99
130,226,280.12,178.24,0,4.62,12.90
130,226,280.12,178.24,1,37.88,1.41
130,226,280.12,178.24,2,21.22,10.21
130,226,280.12,178.24,3,37.04,18.68
130,226,280.12,178.24,4,0.73,36.99
130,227,116.28,328.78,0,4.62,12.90
130,227,116.28,328.78,1,37.88,1.41
130,227,116.28,328.78,2,21.22,10.21
130,227,116.28,328.78,3,37.04,18.68
130,227,116.28,328.78,4,0.73,36.99
130,228,239.78,48.28,0,4.62,12.90
130,228,239.78,48.28,1,37.88,1.41
130,228,239.78,48.28,2,21.22,10.21
130,228,239.78,48.28,3,37.04,18.68
130,228,239.78,48.28,4,0.73,36.99
130,229,148.47,126.51,0,4.62,12.90
130,229,148.47,126.51,1,37.88,1.41
130,229,148.47,126.51,2,21.22,10.21
130,229,148.47,126.51,3,37.04,18.68
130,229,148.47,126.51,4,0.73,36.99
130,230,160.79,24.64,0,4.62,12.90
130,230,160.79,24.64,1,37.88,1.41
130,230,160.79,24.64,2,21.22,10.21
130,230,160.79,24.64,3,37.04,18.68
130,230,160.79,24.64,4,0.73,36.99
130,231,283.87,344.01,0,4.62,12.90
130,231,283.87,344.01,1,37.88,1.41
130,231,283.87,344.01,2,21.22,10.21
130,231,283.87,344.01,3,37.04,18.68
130,231,283.87,344.01,4,0.73,36.99
130,232,322.64,42.09,0,4.62,12.90
130,232,322.64,42.09,1,37.88,1.41
130,232,322.64,42.09,2,21.22,10.21
130,232,322.64,42.09,3,37.04,18.68
130,232,322.64,42.09,4,0.73,36.99
130,233,365.60,266.27,0,4.62,12.90
130,233,365.60,266.27,1,37.88,1.41
130,233,365.60,266.27,2,21.22,10.21
130,233,365.60,266.27,3,37.04,18.68
130,233,365.60,266.27,4,0.73,36.99
130,236,223.41,99.88,0,4.62,12.90
130,236,223.41,99.88,1,37.88,1.41
130,236,223.41,99.88,2,21.22,10.21
130,236,223.41,99.88,3,37.04,18.68
130,236,223.41,99.88,4,0.73,36.99
130,237,169.55,170.45,0,4.62,12.90
130,237,169.55,170.45,1,37.88,1.41
130,237,169.55,170.45,2,21.22,10.21
130,237,169.55,170.45,3,37.04,18.68
130,237,169.55,170.45,4,0.73,36.99
130,238,31.52,281.67,0,4.62,12.90
130,238,31.52,281.67,1,37.88,1.41
130,238,31.52,281.67,2,21.22,10.21
130,238,31.52,281.67,3,37.04,18.68
130,238,31.52,281.67,4,0.73,36.99
130,239,179.19,128.12,0,4.62,12.90
130,239,179.19,128.12,1,37.88,1.41
130,239,179.19,128.12,2,21.22,10.21
130,239,179.19,128.12,3,37.04,18.68
130,239,179.19,128.12,4,0.73,36.99
130,240,158.69,222.59,0,4.62,12.90
130,240,158.69,222.59,1,37.88,1.41
130,240,158.69,222.59,2,21.22,10.21
130,240,158.69,222.59,3,37.04,18.68
130,240,158.69,222.59,4,0.73,36.99
130,241,374.39,203.08,0,4.62,12.90
130,241,374.39,203.08,1,37.88,1.41
130,241,374.39,203.08,2,21.22,10.21
130,241,374.39,203.08,3,37.04,18.68
130,241,374.39,203.08,4,0.73,36.99
130,242,204.33,228.06,0,4.62,12.90
130,242,204.33,228.06,1,37.88,1.41
130,242,204.33,228.06,2,21.22,10.21
130,242,204.33,228.06,3,37.04,18.68
130,242,204.33,228.06,4,0.73,36.99
130,243,37.49,261.38,0,4.62,12.90
130,243,37.49,261.38,1,37.88,1.41
130,243,37.49,261.38,2,21.22,10.21
130,243,37.49,261.38,3,37.04,18.68
130,243,37.49,261.38,4,0.73,36.99
130,244,197.83,330.79,0,4.62,12.90
130,244,197.83,330.79,1,37.88,1.41
130,244,197.83,330.79,2,21.22,10.21
130,244,197.83,330.79,3,37.04,18.68
130,244,197.83,330.79,4,0.73,36.99
130,245,192.16,169.05,0,4.62,12.90
130,245,192.16,169.05,1,37.88,1.41
130,245,192.16,169.05,2,21.22,10.21
130,245,192.16,169.05,3,37.04,18.68
130,245,192.16,169.05,4,0.73,36.99
130,246,322.32,249.94,0,4.62,12.90
130,246,322.32,249.94,1,37.88,1.41
130,246,322.32,249.94,2,21.22,10.21
130,246,322.32,249.94,3,37.04,18.68
130,246,322.32,249.94,4,0.73,36.99
130,247,74.16,92.32,0,4.62,12.90
130,247,74.16,92.32,1,37.88,1.41
130,247,74.16,92.32,2,21.22,10.21
130,247,74.16,92.32,3,37.04,18.68
130,247,74.16,92.32,4,0.73,36.99
130,248,392.32,325.94,0,4.62,12.90
130,248,392.32,325.94,1,37.88,1.41
130,248,392.32,325.94,2,21.22,10.21
130,248,392.32,325.94,3,37.04,18.68
130,248,392.32,325.94,4,0.73,36.99
130,249,351.77,388.20,0,4.62,12.90
130,249,351.77,388.20,1,37.88,1.41
130,249,351.77,388.20,2,21.22,10.21
130,249,351.77,388.20,3,37.04,18.68
130,249,351.77,388.20,4,0.73,36.99
130,250,216.35,299.98,0,4.62,12.90
130,250,216.35,299.98,1,37.88,1.41
130,250,216.35,299.98,2,21.22,10.21
130,250,216.35,299.98,3,37.04,18.68
130,250,216.35,299.98,4,0.73,36.99
130,251,101.82,294.50,0,4.62,12.90
130,251,101.82,294.50,1,37.88,1.41
130,251,101.82,294.50,2,21.22,10.21
130,251,101.82,294.50,3,37.04,18.68
130,251,101.82,294.50,4,0.73,36.99
130,252,6.19,72.01,0,4.62,12.90
130,252,6.19,72.01,1,37.88,1.41
130,252,6.19,72.01,2,21.22,10.21
130,252,6.19,72.01,3,37.04,18.68
130,252,6.19,72.01,4,0.73,36.99
130,253,317.13,187.14,0,4.62,12.90
130,253,317.13,187.14,1,37.88,1.41
130,253,317.13,187.14,2,21.22,10.21
130,253,317.13,187.14,3,37.04,18.68
130,253,317.13,187.14,4,0.73,36.99
130,254,351.50,125.78,0,4.62,12.90
130,254,351.50,125.78,1,37.88,1.41
130,254,351.50,125.78,2,21.22,10.21
130,254,351.50,125.78,3,37.04,18.68
130,254,351.50,125.78,4,0.73,36.99
130,255,29.46,296.88,0,4.62,12.90
130,255,29.46,296.88,1,37.88,1.41
130,255,29.46,296.88,2,21.22,10.21
130,255,29.46,296.88,3,37.04,18.68
130,255,29.46,296.88,4,0.73,36.99
130,256,54.90,83.48,0,4.62,12.90
130,256,54.90,83.48,1,37.88,1.41
130,256,54.90,83.48,2,21.22,10.21
130,256,54.90,83.48,3,37.04,18.68
130,256,54.90,83.48,4,0.73,36.99
130,257,347.24,171.99,0,4.62,12.90
130,257,347.24,171.99,1,37.88,1.41
130,257,347.24,171.99,2,21.22,10.21
130,257,347.24,171.99,3,37.04,18.68
130,257,347.24,171.99,4,0.73,36.99
130,258,359.50,55.98,0,4.62,12.90
130,258,359.50,55.98,1,37.88,1.41
130,258,359.50,55.98,2,21.22,10.21
130,258,359.50,55.98,3,37.04,18.68
130,258,359.50,55.98,4,0.73,36.99
130,259,69.23,84.47,0,4.62,12.90
130,259,69.23,84.47,1,37.88,1.41
130,259,69.23,84.47,2,21.22,10.21
130,259,69.23,84.47,3,37.04,18.68
130,259,69.23,84.47,4,0.73,36.99
130,260,296.63,380.95,0,4.62,12.90
130,260,296.63,380.95,1,37.88,1.41
130,260,296.63,380.95,2,21.22,10.21
130,260,296.63,380.95,3,37.04,18.68
130,260,296.63,380.95,4,0.73,36.99
130,261,78.67,380.97,0,4.62,12.90
130,261,78.67,380.97,1,37.88,1.41
130,261,78.67,380.97,2,21.22,10.21
130,261,78.67,380.97,3,37.04,18.68
130,261,78.67,380.97,4,0.73,36.99
130,262,149.46,88.73,0,4.62,12.90
130,262,149.46,88.73,1,37.88,1.41
130,262,149.46,88.73,2,21.22,10.21
130,262,149.46,88.73,3,37.04,18.68
130,262,149.46,88.73,4,0.73,36.99
130,263,153.65,64.47,0,4.62,12.90
130,263,153.65,64.47,1,37.88,1.41
130,263,153.65,64.47,2,21.22,10.21
130,263,153.65,64.47,3,37.04,18.68
130,263,153.65,64.47,4,0.73,36.99
130,264,22.53,142.30,0,4.62,12.90
130,264,22.53,142.30,1,37.88,1.41
130,264,22.53,142.30,2,21.22,10.21
130,264,22.53,142.30,3,37.04,18.68
130,264,22.53,142.30,4,0.73,36.99
130,265,232.35,304.09,0,4.62,12.90
130,265,232.35,304.09,1,37.88,1.41
130,265,232.35,304.09,2,21.22,10.21
130,265,232.35,304.09,3,37.04,18.68
130,265,232.35,304.09,4,0.73,36.99
130,266,130.92,291.69,0,4.62,12.90
130,266,130.92,291.69,1,37.88,1.41
130,266,130.92,291.69,2,21.22,10.21
130,266,130.92,291.69,3,37.04,18.68
130,266,130.92,291.69,4,0.73,36.99
130,267,162.19,48.57,0,4.62,12.90
130,267,162.19,48.57,1,37.88,1.41
130,267,162.19,48.57,2,21.22,10.21
130,267,162.19,48.57,3,37.04,18.68
130,267,162.19,48.57,4,0.73,36.99
130,268,177.16,104.97,0,4.62,12.90
130,268,177.16,104.97,1,37.88,1.41
130,268,177.16,104.97,2,21.22,10.21
130,268,177.16,104.97,3,37.04,18.68
130,268,177.16,104.97,4,0.73,36.99
130,269,4.82,148.03,0,4.62,12.90
130,269,4.82,148.03,1,37.88,1.41
130,269,4.82,148.03,2,21.22,10.21
130,269,4.82,148.03,3,37.04,18.68
130,269,4.82,148.03,4,0.73,36.99
130,270,67.07,286.93,0,4.62,12.90
130,270,67.07,286.93,1,37.88,1.41
130,270,67.07,286.93,2,21.22,10.21
130,270,67.07,286.93,3,37.04,18.68
130,270,67.07,286.93,4,0.73,36.99
130,271,17.59,107.68,0,4.62,12.90
130,271,17.59,107.68,1,37.88,1.41
130,271,17.59,107.68,2,21.22,10.21
130,271,17.59,107.68,3,37.04,18.68
130,271,17.59,107.68,4,0.73,36.99
130,272,55.14,299.82,0,4.62,12.90
130,272,55.14,299.82,1,37.88,1.41
130,272,55.14,299.82,2,21.22,10.21
130,272,55.14,299.82,3,37.04,18.68
130,272,55.14,299.82,4,0.73,36.99
130,273,26.79,252.75,0,4.62,12.90
130,273,26.79,252.75,1,37.88,1.41
130,273,26.79,252.75,2,21.22,10.21
130,273,26.79,252.75,3,37.04,18.68
130,273,26.79,252.75,4,0.73,36.99
130,274,102.63,3.29,0,4.62,12.90
130,274,102.63,3.29,1,37.88,1.41
130,274,102.63,3.29,2,21.22,10.21
130,274,102.63,3.29,3,37.04,18.68
130,274,102.63,3.29,4,0.73,36.99
130,275,302.43,221.17,0,4.62,12.90
130,275,302.43,221.17,1,37.88,1.41
130,275,302.43,221.17,2,21.22,10.21
130,275,302.43,221.17,3,37.04,18.68
130,275,302.43,221.17,4,0.73,36.99
130,276,293.09,241.75,0,4.62,12.90
130,276,293.09,241.75,1,37.88,1.41
130,276,293.09,241.75,2,21.22,10.21
130,276,293.09,241.75,3,37.04,18.68
130,276,293.09,241.75,4,0.73,36.99
130,277,268.23,194.35,0,4.62,12.90
130,277,268.23,194.35,1,37.88,1.41
130,277,268.23,194.35,2,21.22,10.21
130,277,268.23,194.35,3,37.04,18.68
130,277,268.23,194.35,4,0.73,36.99
130,278,85.62,391.05,0,4.62,12.90
130,278,85.62,391.05,1,37.88,1.41
130,278,85.62,391.05,2,21.22,10.21
130,278,85.62,391.05,3,37.04,18.68
130,278,85.62,391.05,4,0.73,36.99
130,279,243.50,380.17,0,4.62,12.90
130,279,243.50,380.17,1,37.88,1.41
130,279,243.50,380.17,2,21.22,10.21
130,279,243.50,380.17,3,37.04,18.68
130,279,243.50,380.17,4,0.73,36.99
130,281,205.52,45.37,0,4.62,12.90
130,281,205.52,45.37,1,37.88,1.41
130,281,205.52,45.37,2,21.22,10.21
130,281,205.52,45.37,3,37.04,18.68
130,281,205.52,45.37,4,0.73,36.99
130,282,326.65,176.34,0,4.62,12.90
130,282,326.65,176.34,1,37.88,1.41
130,282,326.65,176.34,2,21.22,10.21
130,282,326.65,176.34,3,37.04,18.68
130,282,326.65,176.34,4,0.73,36.99
130,283,313.44,160.44,0,4.62,12.90
130,283,313.44,160.44,1,37.88,1.41
130,283,313.44,160.44,2,21.22,10.21
130,283,313.44,160.44,3,37.04,18.68
130,283,313.44,160.44,4,0.73,36.99
130,284,194.52,96.00,0,4.62,12.90
130,284,194.52,96.00,1,37.88,1.41
130,284,194.52,96.00,2,21.22,10.21
130,284,194.52,96.00,3,37.04,18.68
130,284,194.52,96.00,4,0.73,36.99
130,285,227.06,348.16,0,4.62,12.90
130,285,227.06,348.16,1,37.88,1.41
130,285,227.06,348.16,2,21.22,10.21
130,285,227.06,348.16,3,37.04,18.68
130,285,227.06,348.16,4,0.73,36.99
130,286,257.46,324.06,0,4.62,12.90
130,286,257.46,324.06,1,37.88,1.41
130,286,257.46,324.06,2,21.22,10.21
130,286,257.46,324.06,3,37.04,18.68
130,286,257.46,324.06,4,0.73,36.99
130,287,365.76,179.24,0,4.62,12.90
130,287,365.76,179.24,1,37.88,1.41
130,287,365.76,179.24,2,21.22,10.21
130,287,365.76,179.24,3,37.04,18.68
130,287,365.76,179.24,4,0.73,36.99
130,288,119.41,2.56,0,4.62,12.90
130,288,119.41,2.56,1,37.88,1.41
130,288,119.41,2.56,2,21.22,10.21
130,288,119.41,2.56,3,37.04,18.68
130,288,119.41,2.56,4,0.73,36.99
130,289,68.39,321.47,0,4.62,12.90
130,289,68.39,321.47,1,37.88,1.41
130,289,68.39,321.47,2,21.22,10.21
130,289,68.39,321.47,3,37.04,18.68
130,289,68.39,321.47,4,0.73,36.99
130,290,292.38,270.17,0,4.62,12.90
130,290,292.38,270.17,1,37.88,1.41
130,290,292.38,270.17,2,21.22,10.21
130,290,292.38,270.17,3,37.04,18.68
130,290,292.38,270.17,4,0.73,36.99
130,291,66.50,26.70,0,4.62,12.90
130,291,66.50,26.70,1,37.88,1.41
130,291,66.50,26.70,2,21.22,10.21
130,291,66.50,26.70,3,37.04,18.68
130,291,66.50,26.70,4,0.73,36.99
130,292,274.33,289.26,0,4.62,12.90
130,292,274.33,289.26,1,37.88,1.41
130,292,274.33,289.26,2,21.22,10.21
130,292,274.33,289.26,3,37.04,18.68
130,292,274.33,289.26,4,0.73,36.99
130,293,197.78,124.44,0,4.62,12.90
130,293,197.78,124.44,1,37.88,1.41
130,293,197.78,124.44,2,21.22,10.21
130,293,197.78,124.44,3,37.04,18.68
130,293,197.78,124.44,4,0.73,36.99
130,294,105.76,352.09,0,4.62,12.90
130,294,105.76,352.09,1,37.88,1.41
130,294,105.76,352.09,2,21.22,10.21
130,294,105.76,352.09,3,37.04,18.68
130,294,105.76,352.09,4,0.73,36.99
130,295,360.07,193.07,0,4.62,12.90
130,295,360.07,193.07,1,37.88,1.41
130,295,360.07,193.07,2,21.22,10.21
130,295,360.07,193.07,3,37.04,18.68
130,295,360.07,193.07,4,0.73,36.99
130,296,334.23,36.92,0,4.62,12.90
130,296,334.23,36.92,1,37.88,1.41
130,296,334.23,36.92,2,21.22,10.21
130,296,334.23,36.92,3,37.04,18.68
130,296,334.23,36.92,4,0.73,36.99
130,297,368.91,117.98,0,4.62,12.90
130,297,368.91,117.98,1,37.88,1.41
130,297,368.91,117.98,2,21.22,10.21
130,297,368.91,117.98,3,37.04,18.68
130,297,368.91,117.98,4,0.73,36.99
130,298,341.29,42.29,0,4.62,12.90
130,298,341.29,42.29,1,37.88,1.41
130,298,341.29,42.29,2,21.22,10.21
130,298,341.29,42.29,3,37.04,18.68
130,298,341.29,42.29,4,0.73,36.99
130,299,28.91,118.97,0,4.62,12.90
130,299,28.91,118.97,1,37.88,1.41
130,299,28.91,118.97,2,21.22,10.21
130,299,28.91,118.97,3,37.04,18.68
130,299,28.91,118.97,4,0.73,36.99
130,300,211.20,344.41,0,4.62,12.90
130,300,211.20,344.41,1,37.88,1.41
130,300,211.20,344.41,2,21.22,10.21
130,300,211.20,344.41,3,37.04,18.68
130,300,211.20,344.41,4,0.73,36.99
140,1,218.12,103.59,0,5.31,13.68
140,1,218.12,103.59,1,37.88,1.41
140,1,218.12,103.59,2,21.93,10.37
140,1,218.12,103.59,3,37.04,18.68
140,1,218.12,103.59,4,0.52,36.74
140,2,36.71,83.75,0,5.31,13.68
140,2,36.71,83.75,1,37.88,1.41
140,2,36.71,83.75,2,21.93,10.37
140,2,36.71,83.75,3,37.04,18.68
140,2,36.71,83.75,4,0.52,36.74
140,3,184.72,265.05,0,5.31,13.68
140,3,184.72,265.05,1,37.88,1.41
140,3,184.72,265.05,2,21.93,10.37
140,3,184.72,265.05,3,37.04,18.68
140,3,184.72,265.05,4,0.52,36.74
140,4,232.05,97.14,0,5.31,13.68
140,4,232.05,97.14,1,37.88,1.41
140,4,232.05,97.14,2,21.93,10.37
140,4,232.05,97.14,3,37.04,18.68
140,4,232.05,97.14,4,0.52,36.74
140,5,17.06,328.24,0,5.31,13.68
140,5,17.06,328.24,1,37.88,1.41
140,5,17.06,328.24,2,21.93,10.37
140,5,17.06,328.24,3,37.04,18.68
140,5,17.06,328.24,4,0.52,36.74
140,6,81.04,288.17,0,5.31,13.68
140,6,81.04,288.17,1,37.88,1.41
140,6,81.04,288.17,2,21.93,10.37
140,6,81.04,288.17,3,37.04,18.68
140,6,81.04,288.17,4,0.52,36.74
140,7,73.45,102.59,0,5.31,13.68
140,7,73.45,102.59,1,37.88,1.41
140,7,73.45,102.59,2,21.93,10.37
140,7,73.45,102.59,3,37.04,18.68
140,7,73.45,102.59,4,0.52,36.74
140,8,146.25,379.84,0,5.31,13.68
140,8,146.25,379.84,1,37.88,1.41
140,8,146.25,379.84,2,21.93,10.37
140,8,146.25,379.84,3,37.04,18.68
140,8,146.25,379.84,4,0.52,36.74
140,9,265.06,203.47,0,5.31,13.68
140,9,265.06,203.47,1,37.88,1.41
140,9,265.06,203.47,2,21.93,10.37
140,9,265.06,203.47,3,37.04,18.68
140,9,265.06,203.47,4,0.52,36.74
140,10,375.37,180.46,0,5.31,13.68
140,10,375.37,180.46,1,37.88,1.41
140,10,375.37,180.46,2,21.93,10.37
140,10,375.37,180.46,3,37.04,18.68
140,10,375.37,180.46,4,0.52,36.74
140,11,163.37,118.76,0,5.31,13.68
140,11,163.37,118.76,1,37.88,1.41
140,11,163.37,118.76,2,21.93,10.37
140,11,163.37,118.76,3,37.04,18.68
140,11,163.37,118.76,4,0.52,36.74
140,12,215.51,90.92,0,5.31,13.68
140,12,215.51,90.92,1,37.88,1.41
140,12,215.51,90.92,2,21.93,10.37
140,12,215.51,90.92,3,37.04,18.68
140,12,215.51,90.92,4,0.52,36.74
140,13,148.57,82.92,0,5.31,13.68
140,13,148.57,82.92,1,37.88,1.41
140,13,148.57,82.92,2,21.93,10.37
140,13,148.57,82.92,3,37.04,18.68
140,13,148.57,82.92,4,0.52,36.74
140,14,13.37,372.83,0,5.31,13.68
140,14,13.37,372.83,1,37.88,1.41
140,14,13.37,372.83,2,21.93,10.37
140,14,13.37,372.83,3,37.04,18.68
140,14,13.37,372.83,4,0.52,36.74
140,15,6.15,333.54,0,5.31,13.68
140,15,6.15,333.54,1,37.88,1.41
140,15,6.15,333.54,2,21.93,10.37
140,15,6.15,333.54,3,37.04,18.68
140,15,6.15,333.54,4,0.52,36.74
140,16,330.76,285.66,0,5.31,13.68
140,16,330.76,285.66,1,37.88,1.41
140,16,330.76,285.66,2,21.93,10.37
140,16,330.76,285.66,3,37.04,18.68
140,16,330.76,285.66,4,0.52,36.74
140,17,379.84,186.44,0,5.31,13.68
140,17,379.84,186.44,1,37.88,1.41
140,17,379.84,186.44,2,21.93,10.37
140,17,379.84,186.44,3,37.04,18.68
140,17,379.84,186.44,4,0.52,36.74
140,18,192.55,355.95,0,5.31,13.68
140,18,192.55,355.95,1,37.88,1.41
140,18,192.55,355.95,2,21.93,10.37
140,18,192.55,355.95,3,37.04,18.68
140,18,192.55,355.95,4,0.52,36.74
140,19,67.94,332.62,0,5.31,13.68
140,19,67.94,332.62,1,37.88,1.41
140,19,67.94,332.62,2,21.93,10.37
140,19,67.94,332.62,3,37.04,18.68
140,19,67.94,332.62,4,0.52,36.74
140,20,210.82,375.91,0,5.31,13.68
140,20,210.82,375.91,1,37.88,1.41
140,20,210.82,375.91,2,21.93,10.37
140,20,210.82,375.91,3,37.04,18.68
140,20,210.82,375.91,4,0.52,36.74
140,21,378.22,133.94,0,5.31,13.68
140,21,378.22,133.94,1,37.88,1.41
140,21,378.22,133.94,2,21.93,10.37
140,21,378.22,133.94,3,37.04,18.68
140,21,378.22,133.94,4,0.52,36.74
140,22,279.84,366.89,0,5.31,13.68
140,22,279.84,366.89,1,37.88,1.41
140,22,279.84,366.89,2,21.93,10.37
140,22,279.84,366.89,3,37.04,18.68
140,22,279.84,366.89,4,0.52,36.74
140,23,349.65,255.93,0,5.31,13.68
140,23,349.65,255.93,1,37.88,1.41
140,23,349.65,255.93,2,21.93,10.37
140,23,349.65,255.93,3,37.04,18.68
140,23,349.65,255.93,4,0.52,36.74
140,24,144.85,61.32,0,5.31,13.68
140,24,144.85,61.32,1,37.88,1.41
140,24,144.85,61.32,2,21.93,10.37
140,24,144.85,61.32,3,37.04,18.68
140,24,144.85,61.32,4,0.52,36.74
140,25,65.72,360.91,0,5.31,13.68
140,25,65.72,360.91,1,37.88,1.41
140,25,65.72,360.91,2,21.93,10.37
140,25,65.72,360.91,3,37.04,18.68
140,25,65.72,360.91,4,0.52,36.74
140,26,301.79,22.16,0,5.31,13.68
140,26,301.79,22.16,1,37.88,1.41
140,26,301.79,22.16,2,21.93,10.37
140,26,301.79,22.16,3,37.04,18.68
140,26,301.79,22.16,4,0.52,36.74
140,27,218.11,88.42,0,5.31,13.68
140,27,218.11,88.42,1,37.88,1.41
140,27,218.11,88.42,2,21.93,10.37
140,27,218.11,88.42,3,37.04,18.68
140,27,218.11,88.42,4,0.52,36.74
140,28,386.73,357.95,0,5.31,13.68
140,28,386.73,357.95,1,37.88,1.41
140,28,386.73,357.95,2,21.93,10.37
140,28,386.73,357.95,3,37.04,18.68
140,28,386.73,357.95,4,0.52,36.74
140,29,146.01,257.41,0,5.31,13.68
140,29,146.01,257.41,1,37.88,1.41
140,29,146.01,257.41,2,21.93,10.37
140,29,146.01,257.41,3,37.04,18.68
140,29,146.01,257.41,4,0.52,36.74
140,31,195.67,42.04,0,5.31,13.68
140,31,195.67,42.04,1,37.88,1.41
140,31,195.67,42.04,2,21.93,10.37
140,31,195.67,42.04,3,37.04,18.68
140,31,195.67,42.04,4,0.52,36.74
140,32,228.11,71.87,0,5.31,13.68
140,32,228.11,71.87,1,37.88,1.41
140,32,228.11,71.87,2,21.93,10.37
140,32,228.11,71.87,3,37.04,18.68
140,32,228.11,71.87,4,0.52,36.74
140,33,36.21,280.64,0,5.31,13.68
140,33,36.21,280.64,1,37.88,1.41
140,33,36.21,280.64,2,21.93,10.37
140,33,36.21,280.64,3,37.04,18.68
140,33,36.21,280.64,4,0.52,36.74
140,34,192.69,100.72,0,5.31,13.68
140,34,192.69,100.72,1,37.88,1.41
140,34,192.69,100.72,2,21.93,10.37
140,34,192.69,100.72,3,37.04,18.68
140,34,192.69,100.72,4,0.52,36.74
140,35,325.83,208.38,0,5.31,13.68
140,35,325.83,208.38,1,37.88,1.41
140,35,325.83,208.38,2,21.93,10.37
140,35,325.83,208.38,3,37.04,18.68
140,35,325.83,208.38,4,0.52,36.74
140,36,94.02,322.62,0,5.31,13.68
140,36,94.02,322.62,1,37.88,1.41
140,36,94.02,322.62,2,21.93,10.37
140,36,94.02,322.62,3,37.04,18.68
140,36,94.02,322.62,4,0.52,36.74
140,37,310.56,277.43,0,5.31,13.68
140,37,310.56,277.43,1,37.88,1.41
140,37,310.56,277.43,2,21.93,10.37
140,37,310.56,277.43,3,37.04,18.68
140,37,310.56,277.43,4,0.52,36.74
140,38,124.07,237.08,0,5.31,13.68
140,38,124.07,237.08,1,37.88,1.41
140,38,124.07,237.08,2,21.93,10.37
140,38,124.07,237.08,3,37.04,18.68
140,38,124.07,237.08,4,0.52,36.74
140,39,104.63,201.07,0,5.31,13.68
140,39,104.63,201.07,1,37.88,1.41
140,39,104.63,201.07,2,21.93,10.37
140,39,104.63,201.07,3,37.04,18.68
140,39,104.63,201.07,4,0.52,36.74
140,40,263.54,101.84,0,5.31,13.68
140,40,263.54,101.84,1,37.88,1.41
140,40,263.54,101.84,2,21.93,10.37
140,40,263.54,101.84,3,37.04,18.68
140,40,263.54,101.84,4,0.52,36.74
140,41,257.30,308.03,0,5.31,13.68
140,41,257.30,308.03,1,37.88,1.41
140,41,257.30,308.03,2,21.93,10.37
140,41,257.30,308.03,3,37.04,18.68
140,41,257.30,308.03,4,0.52,36.74
140,42,355.07,231.67,0,5.31,13.68
140,42,355.07,231.67,1,37.88,1.41
140,42,355.07,231.67,2,21.93,10.37
140,42,355.07,231.67,3,37.04,18.68
140,42,355.07,231.67,4,0.52,36.74
140,43,209.46,78.75,0,5.31,13.68
140,43,209.46,78.75,1,37.88,1.41
140,43,209.46,78.75,2,21.93,10.37
140,43,209.46,78.75,3,37.04,18.68
140,43,209.46,78.75,4,0.52,36.74
140,44,357.30,204.83,0,5.31,13.68
140,44,357.30,204.83,1,37.88,1.41
140,44,357.30,204.83,2,21.93,10.37
140,44,357.30,204.83,3,37.04,18.68
140,44,357.30,204.83,4,0.52,36.74
140,45,212.43,98.71,0,5.31,13.68
140,45,212.43,98.71,1,37.88,1.41
140,45,212.43,98.71,2,21.93,10.37
140,45,212.43,98.71,3,37.04,18.68
140,45,212.43,98.71,4,0.52,36.74
140,46,65.81,373.53,0,5.31,13.68
140,46,65.81,373.53,1,37.88,1.41
140,46,65.81,373.53,2,21.93,10.37
140,46,65.81,373.53,3,37.04,18.68
140,46,65.81,373.53,4,0.52,36.74
140,47,53.84,307.90,0,5.31,13.68
140,47,53.84,307.90,1,37.88,1.41
140,47,53.84,307.90,2,21.93,10.37
140,47,53.84,307.90,3,37.04,18.68
140,47,53.84,307.90,4,0.52,36.74
140,48,348.18,197.43,0,5.31,13.68
140,48,348.18,197.43,1,37.88,1.41
140,48,348.18,197.43,2,21.93,10.37
140,48,348.18,197.43,3,37.04,18.68
140,48,348.18,197.43,4,0.52,36.74
140,49,197.29,128.17,0,5.31,13.68
140,49,197.29,128.17,1,37.88,1.41
140,49,197.29,128.17,2,21.93,10.37
140,49,197.29,128.17,3,37.04,18.68
140,49,197.29,128.17,4,0.52,36.74
140,50,307.62,313.70,0,5.31,13.68
140,50,307.62,313.70,1,37.88,1.41
140,50,307.62,313.70,2,21.93,10.37
140,50,307.62,313.70,3,37.04,18.68
140,50,307.62,313.70,4,0.52,36.74
140,51,20.84,366.65,0,5.31,13.68
140,51,20.84,366.65,1,37.88,1.41
140,51,20.84,366.65,2,21.93,10.37
140,51,20.84,366.65,3,37.04,18.68
140,51,20.84,366.65,4,0.52,36.74
140,52,208.78,106.15,0,5.31,13.68
140,52,208.78,106.15,1,37.88,1.41
140,52,208.78,106.15,2,21.93,10.37
140,52,208.78,106.15,3,37.04,18.68
140,52,208.78,106.15,4,0.52,36.74
140,53,275.23,238.11,0,5.31,13.68
140,53,275.23,238.11,1,37.88,1.41
140,53,275.23,238.11,2,21.93,10.37
140,53,275.23,238.11,3,37.04,18.68
140,53,275.23,238.11,4,0.52,36.74
140,54,349.82,22.78,0,5.31,13.68
140,54,349.82,22.78,1,37.88,1.41
140,54,349.82,22.78,2,21.93,10.37
140,54,349.82,22.78,3,37.04,18.68
140,54,349.82,22.78,4,0.52,36.74
140,55,274.34,246.76,0,5.31,13.68
140,55,274.34,246.76,1,37.88,1.41
140,55,274.34,246.76,2,21.93,10.37
140,55,274.34,246.76,3,37.04,18.68
140,55,274.34,246.76,4,0.52,36.74
140,56,319.39,172.73,0,5.31,13.68
140,56,319.39,172.73,1,37.88,1.41
140,56,319.39,172.73,2,21.93,10.37
140,56,319.39,172.73,3,37.04,18.68
140,56,319.39,172.73,4,0.52,36.74
140,57,87.25,176.87,0,5.31,13.68
140,57,87.25,176.87,1,37.88,1.41
140,57,87.25,176.87,2,21.93,10.37
140,57,87.25,176.87,3,37.04,18.68
140,57,87.25,176.87,4,0.52,36.74
140,58,352.45,190.39,0,5.31,13.68
140,58,352.45,190.39,1,37.88,1.41
140,58,352.45,190.39,2,21.93,10.37
140,58,352.45,190.39,3,37.04,18.68
140,58,352.45,190.39,4,0.52,36.74
140,59,53.56,134.47,0,5.31,13.68
140,59,53.56,134.47,1,37.88,1.41
140,59,53.56,134.47,2,21.93,10.37
140,59,53.56,134.47,3,37.04,18.68
140,59,53.56,134.47,4,0.52,36.74
140,60,179.57,273.72,0,5.31,13.68
140,60,179.57,273.72,1,37.88,1.41
140,60,179.57,273.72,2,21.93,10.37
140,60,179.57,273.72,3,37.04,18.68
140,60,179.57,273.72,4,0.52,36.74
140,61,34.21,131.61,0,5.31,13.68
140,61,34.21,131.61,1,37.88,1.41
140,61,34.21,131.61,2,21.93,10.37
140,61,34.21,131.61,3,37.04,18.68
140,61,34.21,131.61,4,0.52,36.74
140,62,32.68,375.35,0,5.31,13.68
140,62,32.68,375.35,1,37.88,1.41
140,62,32.68,375.35,2,21.93,10.37
140,62,32.68,375.35,3,37.04,18.68
140,62,32.68,375.35,4,0.52,36.74
140,63,105.91,172.38,0,5.31,13.68
140,63,105.91,172.38,1,37.88,1.41
140,63,105.91,172.38,2,21.93,10.37
140,63,105.91,172.38,3,37.04,18.68
140,63,105.91,172.38,4,0.52,36.74
140,64,347.92,29.92,0,5.31,13.68
140,64,347.92,29.92,1,37.88,1.41
140,64,347.92,29.92,2,21.93,10.37
140,64,347.92,29.92,3,37.04,18.68
140,64,347.92,29.92,4,0.52,36.74
140,65,340.59,264.64,0,5.31,13.68
140,65,340.59,264.64,1,37.88,1.41
140,65,340.59,264.64,2,21.93,10.37
140,65,340.59,264.64,3,37.04,18.68
140,65,340.59,264.64,4,0.52,36.74
140,66,96.54,380.84,0,5.31,13.68
140,66,96.54,380.84,1,37.88,1.41
140,66,96.54,380.84,2,21.93,10.37
140,66,96.54,380.84,3,37.04,18.68
140,66,96.54,380.84,4,0.52,36.74
140,67,37.61,224.10,0,5.31,13.68
140,67,37.61,224.10,1,37.88,1.41
140,67,37.61,224.10,2,21.93,10.37
140,67,37.61,224.10,3,37.04,18.68
140,67,37.61,224.10,4,0.52,36.74
140,68,236.20,320.62,0,5.31,13.68
140,68,236.20,320.62,1,37.88,1.41
140,68,236.20,320.62,2,21.93,10.37
140,68,236.20,320.62,3,37.04,18.68
140,68,236.20,320.62,4,0.52,36.74
140,69,374.90,351.45,0,5.31,13.68
140,69,374.90,351.45,1,37.88,1.41
140,69,374.90,351.45,2,21.93,10.37
140,69,374.90,351.45,3,37.04,18.68
140,69,374.90,351.45,4,0.52,36.74
140,70,211.32,92.75,0,5.31,13.68
140,70,211.32,92.75,1,37.88,1.41
140,70,211.32,92.75,2,21.93,10.37
140,70,211.32,92.75,3,37.04,18.68
140,70,211.32,92.75,4,0.52,36.74
140,71,29.79,373.85,0,5.31,13.68
140,71,29.79,373.85,1,37.88,1.41
140,71,29.79,373.85,2,21.93,10.37
140,71,29.79,373.85,3,37.04,18.68
140,71,29.79,373.85,4,0.52,36.74
140,72,17.40,382.41,0,5.31,13.68
140,72,17.40,382.41,1,37.88,1.41
140,72,17.40,382.41,2,21.93,10.37
140,72,17.40,382.41,3,37.04,18.68
140,72,17.40,382.41,4,0.52,36.74
140,73,366.69,158.24,0,5.31,13.68
140,73,366.69,158.24,1,37.88,1.41
140,73,366.69,158.24,2,21.93,10.37
140,73,366.69,158.24,3,37.04,18.68
140,73,366.69,158.24,4,0.52,36.74
140,74,219.78,76.54,0,5.31,13.68
140,74,219.78,76.54,1,37.88,1.41
140,74,219.78,76.54,2,21.93,10.37
140,74,219.78,76.54,3,37.04,18.68
140,74,219.78,76.54,4,0.52,36.74
140,75,190.92,90.44,0,5.31,13.68
140,75,190.92,90.44,1,37.88,1.41
140,75,190.92,90.44,2,21.93,10.37
140,75,190.92,90.44,3,37.04,18.68
140,75,190.92,90.44,4,0.52,36.74
140,76,357.01,111.74,0,5.31,13.68
140,76,357.01,111.74,1,37.88,1.41
140,76,357.01,111.74,2,21.93,10.37
140,76,357.01,111.74,3,37.04,18.68
140,76,357.01,111.74,4,0.52,36.74
140,77,85.65,160.72,0,5.31,13.68
140,77,85.65,160.72,1,37.88,1.41
140,77,85.65,160.72,2,21.93,10.37
140,77,85.65,160.72,3,37.04,18.68
140,77,85.65,160.72,4,0.52,36.74
140,78,200.48,389.06,0,5.31,13.68
140,78,200.48,389.06,1,37.88,1.41
140,78,200.48,389.06,2,21.93,10.37
140,78,200.48,389.06,3,37.04,18.68
140,78,200.48,389.06,4,0.52,36.74
140,79,362.51,206.91,0,5.31,13.68
140,79,362.51,206.91,1,37.88,1.41
140,79,362.51,206.91,2,21.93,10.37
140,79,362.51,206.91,3,37.04,18.68
140,79,362.51,206.91,4,0.52,36.74
140,80,367.73,188.18,0,5.31,13.68
140,80,367.73,188.18,1,37.88,1.41
140,80,367.73,188.18,2,21.93,10.37
140,80,367.73,188.18,3,37.04,18.68
140,80,367.73,188.18,4,0.52,36.74
140,81,259.93,352.65,0,5.31,13.68
140,81,259.93,352.65,1,37.88,1.41
140,81,259.93,352.65,2,21.93,10.37
140,81,259.93,352.65,3,37.04,18.68
140,81,259.93,352.65,4,0.52,36.74
140,82,325.89,113.90,0,5.31,13.68
140,82,325.89,113.90,1,37.88,1.41
140,82,325.89,113.90,2,21.93,10.37
140,82,325.89,113.90,3,37.04,18.68
140,82,325.89,113.90,4,0.52,36.74
140,83,164.89,36.80,0,5.31,13.68
140,83,164.89,36.80,1,37.88,1.41
140,83,164.89,36.80,2,21.93,10.37
140,83,164.89,36.80,3,37.04,18.68
140,83,164.89,36.80,4,0.52,36.74
140,84,214.78,289.43,0,5.31,13.68
140,84,214.78,289.43,1,37.88,1.41
140,84,214.78,289.43,2,21.93,10.37
140,84,214.78,289.43,3,37.04,18.68
140,84,214.78,289.43,4,0.52,36.74
140,85,363.50,126.34,0,5.31,13.68
140,85,363.50,126.34,1,37.88,1.41
140,85,363.50,126.34,2,21.93,10.37
140,85,363.50,126.34,3,37.04,18.68
140,85,363.50,126.34,4,0.52,36.74
140,86,22.34,127.69,0,5.31,13.68
140,86,22.34,127.69,1,37.88,1.41
140,86,22.34,127.69,2,21.93,10.37
140,86,22.34,127.69,3,37.04,18.68
140,86,22.34,127.69,4,0.52,36.74
140,87,384.03,30.74,0,5.31,13.68
140,87,384.03,30.74,1,37.88,1.41
140,87,384.03,30.74,2,21.93,10.37
140,87,384.03,30.74,3,37.04,18.68
140,87,384.03,30.74,4,0.52,36.74
140,88,192.65,301.33,0,5.31,13.68
140,88,192.65,301.33,1,37.88,1.41
140,88,192.65,301.33,2,21.93,10.37
140,88,192.65,301.33,3,37.04,18.68
140,88,192.65,301.33,4,0.52,36.74
140,89,318.79,48.09,0,5.31,13.68
140,89,318.79,48.09,1,37.88,1.41
140,89,318.79,48.09,2,21.93,10.37
140,89,318.79,48.09,3,37.04,18.68
140,89,318.79,48.09,4,0.52,36.74
140,90,190.90,48.48,0,5.31,13.68
140,90,190.90,48.48,1,37.88,1.41
140,90,190.90,48.48,2,21.93,10.37
140,90,190.90,48.48,3,37.04,18.68
140,90,190.90,48.48,4,0.52,36.74
140,92,243.13,87.92,0,5.31,13.68
140,92,243.13,87.92,1,37.88,1.41
140,92,243.13,87.92,2,21.93,10.37
140,92,243.13,87.92,3,37.04,18.68
140,92,243.13,87.92,4,0.52,36.74
140,93,233.62,81.30,0,5.31,13.68
140,93,233.62,81.30,1,37.88,1.41
140,93,233.62,81.30,2,21.93,10.37
140,93,233.62,81.30,3,37.04,18.68
140,93,233.62,81.30,4,0.52,36.74
140,94,27.68,366.45,0,5.31,13.68
140,94,27.68,366.45,1,37.88,1.41
140,94,27.68,366.45,2,21.93,10.37
140,94,27.68,366.45,3,37.04,18.68
140,94,27.68,366.45,4,0.52,36.74
140,95,330.53,152.15,0,5.31,13.68
140,95,330.53,152.15,1,37.88,1.41
140,95,330.53,152.15,2,21.93,10.37
140,95,330.53,152.15,3,37.04,18.68
140,95,330.53,152.15,4,0.52,36.74
140,96,79.52,182.98,0,5.31,13.68
140,96,79.52,182.98,1,37.88,1.41
140,96,79.52,182.98,2,21.93,10.37
140,96,79.52,182.98,3,37.04,18.68
140,96,79.52,182.98,4,0.52,36.74
140,97,253.03,172.30,0,5.31,13.68
140,97,253.03,172.30,1,37.88,1.41
140,97,253.03,172.30,2,21.93,10.37
140,97,253.03,172.30,3,37.04,18.68
140,97,253.03,172.30,4,0.52,36.74
140,98,327.56,14.91,0,5.31,13.68
140,98,327.56,14.91,1,37.88,1.41
140,98,327.56,14.91,2,21.93,10.37
140,98,327.56,14.91,3,37.04,18.68
140,98,327.56,14.91,4,0.52,36.74
140,99,369.83,171.41,0,5.31,13.68
140,99,369.83,171.41,1,37.88,1.41
140,99,369.83,171.41,2,21.93,10.37
140,99,369.83,171.41,3,37.04,18.68
140,99,369.83,171.41,4,0.52,36.74
140,101,376.13,13.80,0,5.31,13.68
140,101,376.13,13.80,1,37.88,1.41
140,101,376.13,13.80,2,21.93,10.37
140,101,376.13,13.80,3,37.04,18.68
140,101,376.13,13.80,4,0.52,36.74
140,102,58.19,182.36,0,5.31,13.68
140,102,58.19,182.36,1,37.88,1.41
140,102,58.19,182.36,2,21.93,10.37
140,102,58.19,182.36,3,37.04,18.68
140,102,58.19,182.36,4,0.52,36.74
140,103,121.29,386.52,0,5.31,13.68
140,103,121.29,386.52,1,37.88,1.41
140,103,121.29,386.52,2,21.93,10.37
140,103,121.29,386.52,3,37.04,18.68
140,103,121.29,386.52,4,0.52,36.74
140,104,338.44,13.28,0,5.31,13.68
140,104,338.44,13.28,1,37.88,1.41
140,104,338.44,13.28,2,21.93,10.37
140,104,338.44,13.28,3,37.04,18.68
140,104,338.44,13.28,4,0.52,36.74
140,105,36.44,363.48,0,5.31,13.68
140,105,36.44,363.48,1,37.88,1.41
140,105,36.44,363.48,2,21.93,10.37
140,105,36.44,363.48,3,37.04,18.68
140,105,36.44,363.48,4,0.52,36.74
140,106,58.93,248.50,0,5.31,13.68
140,106,58.93,248.50,1,37.88,1.41
140,106,58.93,248.50,2,21.93,10.37
140,106,58.93,248.50,3,37.04,18.68
140,106,58.93,248.50,4,0.52,36.74
140,107,219.02,109.72,0,5.31,13.68
140,107,219.02,109.72,1,37.88,1.41
140,107,219.02,109.72,2,21.93,10.37
140,107,219.02,109.72,3,37.04,18.68
140,107,219.02,109.72,4,0.52,36.74
140,108,4.36,51.63,0,5.31,13.68
140,108,4.36,51.63,1,37.88,1.41
140,108,4.36,51.63,2,21.93,10.37
140,108,4.36,51.63,3,37.04,18.68
140,108,4.36,51.63,4,0.52,36.74
140,109,72.84,307.88,0,5.31,13.68
140,109,72.84,307.88,1,37.88,1.41
140,109,72.84,307.88,2,21.93,10.37
140,109,72.84,307.88,3,37.04,18.68
140,109,72.84,307.88,4,0.52,36.74
140,110,127.32,333.07,0,5.31,13.68
140,110,127.32,333.07,1,37.88,1.41
140,110,127.32,333.07,2,21.93,10.37
140,110,127.32,333.07,3,37.04,18.68
140,110,127.32,333.07,4,0.52,36.74
140,111,369.19,28.82,0,5.31,13.68
140,111,369.19,28.82,1,37.88,1.41
140,111,369.19,28.82,2,21.93,10.37
140,111,369.19,28.82,3,37.04,18.68
140,111,369.19,28.82,4,0.52,36.74
140,112,174.48,100.14,0,5.31,13.68
140,112,174.48,100.14,1,37.88,1.41
140,112,174.48,100.14,2,21.93,10.37
140,112,174.48,100.14,3,37.04,18.68
140,112,174.48,100.14,4,0.52,36.74
140,113,113.31,128.23,0,5.31,13.68
140,113,113.31,128.23,1,37.88,1.41
140,113,113.31,128.23,2,21.93,10.37
140,113,113.31,128.23,3,37.04,18.68
140,113,113.31,128.23,4,0.52,36.74
140,114,154.43,26.75,0,5.31,13.68
140,114,154.43,26.75,1,37.88,1.41
140,114,154.43,26.75,2,21.93,10.37
140,114,154.43,26.75,3,37.04,18.68
140,114,154.43,26.75,4,0.52,36.74
140,115,374.61,229.22,0,5.31,13.68
140,115,374.61,229.22,1,37.88,1.41
140,115,374.61,229.22,2,21.93,10.37
140,115,374.61,229.22,3,37.04,18.68
140,115,374.61,229.22,4,0.52,36.74
140,116,207.18,143.89,0,5.31,13.68
140,116,207.18,143.89,1,37.88,1.41
140,116,207.18,143.89,2,21.93,10.37
140,116,207.18,143.89,3,37.04,18.68
140,116,207.18,143.89,4,0.52,36.74
140,117,349.39,110.50,0,5.31,13.68
140,117,349.39,110.50,1,37.88,1.41
140,117,349.39,110.50,2,21.93,10.37
140,117,349.39,110.50,3,37.04,18.68
140,117,349.39,110.50,4,0.52,36.74
140,118,94.43,208.86,0,5.31,13.68
140,118,94.43,208.86,1,37.88,1.41
140,118,94.43,208.86,2,21.93,10.37
140,118,94.43,208.86,3,37.04,18.68
140,118,94.43,208.86,4,0.52,36.74
140,119,323.23,108.37,0,5.31,13.68
140,119,323.23,108.37,1,37.88,1.41
140,119,323.23,108.37,2,21.93,10.37
140,119,323.23,108.37,3,37.04,18.68
140,119,323.23,108.37,4,0.52,36.74
140,120,185.16,238.15,0,5.31,13.68
140,120,185.16,238.15,1,37.88,1.41
140,120,185.16,238.15,2,21.93,10.37
140,120,185.16,238.15,3,37.04,18.68
140,120,185.16,238.15,4,0.52,36.74
140,121,78.16,108.71,0,5.31,13.68
140,121,78.16,108.71,1,37.88,1.41
140,121,78.16,108.71,2,21.93,10.37
140,121,78.16,108.71,3,37.04,18.68
140,121,78.16,108.71,4,0.52,36.74
140,122,147.08,230.70,0,5.31,13.68
140,122,147.08,230.70,1,37.88,1.41
140,122,147.08,230.70,2,21.93,10.37
140,122,147.08,230.70,3,37.04,18.68
140,122,147.08,230.70,4,0.52,36.74
140,123,177.70,328.14,0,5.31,13.68
140,123,177.70,328.14,1,37.88,1.41
140,123,177.70,328.14,2,21.93,10.37
140,123,177.70,328.14,3,37.04,18.68
140,123,177.70,328.14,4,0.52,36.74
140,124,114.71,26.79,0,5.31,13.68
140,124,114.71,26.79,1,37.88,1.41
140,124,114.71,26.79,2,21.93,10.37
140,124,114.71,26.79,3,37.04,18.68
140,124,114.71,26.79,4,0.52,36.74
140,125,365.31,95.90,0,5.31,13.68
140,125,365.31,95.90,1,37.88,1.41
140,125,365.31,95.90,2,21.93,10.37
140,125,365.31,95.90,3,37.04,18.68
140,125,365.31,95.90,4,0.52,36.74
140,126,27.04,93.30,0,5.31,13.68
140,126,27.04,93.30,1,37.88,1.41
140,126,27.04,93.30,2,21.93,10.37
140,126,27.04,93.30,3,37.04,18.68
140,126,27.04,93.30,4,0.52,36.74
140,127,26.14,381.74,0,5.31,13.68
140,127,26.14,381.74,1,37.88,1.41
140,127,26.14,381.74,2,21.93,10.37
140,127,26.14,381.74,3,37.04,18.68
140,127,26.14,381.74,4,0.52,36.74
140,128,251.52,365.29,0,5.31,13.68
140,128,251.52,365.29,1,37.88,1.41
140,128,251.52,365.29,2,21.93,10.37
140,128,251.52,365.29,3,37.04,18.68
140,128,251.52,365.29,4,0.52,36.74
140,129,283.31,171.65,0,5.31,13.68
140,129,283.31,171.65,1,37.88,1.41
140,129,283.31,171.65,2,21.93,10.37
140,129,283.31,171.65,3,37.04,18.68
140,129,283.31,171.65,4,0.52,36.74
140,130,373.09,196.24,0,5.31,13.68
140,130,373.09,196.24,1,37.88,1.41
140,130,373.09,196.24,2,21.93,10.37
140,130,373.09,196.24,3,37.04,18.68
140,130,373.09,196.24,4,0.52,36.74
140,131,257.32,67.16,0,5.31,13.68
140,131,257.32,67.16,1,37.88,1.41
140,131,257.32,67.16,2,21.93,10.37
140,131,257.32,67.16,3,37.04,18.68
140,131,257.32,67.16,4,0.52,36.74
140,132,365.66,299.76,0,5.31,13.68
140,132,365.66,299.76,1,37.88,1.41
140,132,365.66,299.76,2,21.93,10.37
140,132,365.66,299.76,3,37.04,18.68
140,132,365.66,299.76,4,0.52,36.74
140,133,11.38,111.31,0,5.31,13.68
140,133,11.38,111.31,1,37.88,1.41
140,133,11.38,111.31,2,21.93,10.37
140,133,11.38,111.31,3,37.04,18.68
140,133,11.38,111.31,4,0.52,36.74
140,134,376.68,31.79,0,5.31,13.68
140,134,376.68,31.79,1,37.88,1.41
140,134,376.68,31.79,2,21.93,10.37
140,134,376.68,31.79,3,37.04,18.68
140,134,376.68,31.79,4,0.52,36.74
140,135,90.53,254.16,0,5.31,13.68
140,135,90.53,254.16,1,37.88,1.41
140,135,90.53,254.16,2,21.93,10.37
140,135,90.53,254.16,3,37.04,18.68
140,135,90.53,254.16,4,0.52,36.74
140,136,361.35,36.59,0,5.31,13.68
140,136,361.35,36.59,1,37.88,1.41
140,136,361.35,36.59,2,21.93,10.37
140,136,361.35,36.59,3,37.04,18.68
140,136,361.35,36.59,4,0.52,36.74
140,137,248.94,58.88,0,5.31,13.68
140,137,248.94,58.88,1,37.88,1.41
140,137,248.94,58.88,2,21.93,10.37
140,137,248.94,58.88,3,37.04,18.68
140,137,248.94,58.88,4,0.52,36.74
140,138,238.54,83.86,0,5.31,13.68
140,138,238.54,83.86,1,37.88,1.41
140,138,238.54,83.86,2,21.93,10.37
140,138,238.54,83.86,3,37.04,18.68
140,138,238.54,83.86,4,0.52,36.74
140,139,358.17,100.68,0,5.31,13.68
140,139,358.17,100.68,1,37.88,1.41
140,139,358.17,100.68,2,21.93,10.37
140,139,358.17,100.68,3,37.04,18.68
140,139,358.17,100.68,4,0.52,36.74
140,140,374.59,7.79,0,5.31,13.68
140,140,374.59,7.79,1,37.88,1.41
140,140,374.59,7.79,2,21.93,10.37
140,140,374.59,7.79,3,37.04,18.68
140,140,374.59,7.79,4,0.52,36.74
140,141,348.69,375.77,0,5.31,13.68
140,141,348.69,375.77,1,37.88,1.41
140,141,348.69,375.77,2,21.93,10.37
140,141,348.69,375.77,3,37.04,18.68
140,141,348.69,375.77,4,0.52,36.74
140,142,231.45,135.55,0,5.31,13.68
140,142,231.45,135.55,1,37.88,1.41
140,142,231.45,135.55,2,21.93,10.37
140,142,231.45,135.55,3,37.04,18.68
140,142,231.45,135.55,4,0.52,36.74
140,143,347.45,346.60,0,5.31,13.68
140,143,347.45,346.60,1,37.88,1.41
140,143,347.45,346.60,2,21.93,10.37
140,143,347.45,346.60,3,37.04,18.68
140,143,347.45,346.60,4,0.52,36.74
140,144,379.22,193.66,0,5.31,13.68
140,144,379.22,193.66,1,37.88,1.41
140,144,379.22,193.66,2,21.93,10.37
140,144,379.22,193.66,3,37.04,18.68
140,144,379.22,193.66,4,0.52,36.74
140,145,239.66,351.07,0,5.31,13.68
140,145,239.66,351.07,1,37.88,1.41
140,145,239.66,351.07,2,21.93,10.37
140,145,239.66,351.07,3,37.04,18.68
140,145,239.66,351.07,4,0.52,36.74
140,146,122.48,211.00,0,5.31,13.68
140,146,122.48,211.00,1,37.88,1.41
140,146,122.48,211.00,2,21.93,10.37
140,146,122.48,211.00,3,37.04,18.68
140,146,122.48,211.00,4,0.52,36.74
140,147,16.15,260.69,0,5.31,13.68
140,147,16.15,260.69,1,37.88,1.41
140,147,16.15,260.69,2,21.93,10.37
140,147,16.15,260.69,3,37.04,18.68
140,147,16.15,260.69,4,0.52,36.74
140,148,300.49,214.07,0,5.31,13.68
140,148,300.49,214.07,1,37.88,1.41
140,148,300.49,214.07,2,21.93,10.37
140,148,300.49,214.07,3,37.04,18.68
140,148,300.49,214.07,4,0.52,36.74
140,149,346.64,268.16,0,5.31,13.68
140,149,346.64,268.16,1,37.88,1.41
140,149,346.64,268.16,2,21.93,10.37
140,149,346.64,268.16,3,37.04,18.68
140,149,346.64,268.16,4,0.52,36.74
140,150,270.53,135.52,0,5.31,13.68
140,150,270.53,135.52,1,37.88,1.41
140,150,270.53,135.52,2,21.93,10.37
140,150,270.53,135.52,3,37.04,18.68
140,150,270.53,135.52,4,0.52,36.74
140,151,200.38,85.63,0,5.31,13.68
140,151,200.38,85.63,1,37.88,1.41
140,151,200.38,85.63,2,21.93,10.37
140,151,200.38,85.63,3,37.04,18.68
140,151,200.38,85.63,4,0.52,36.74
140,152,31.37,80.09,0,5.31,13.68
140,152,31.37,80.09,1,37.88,1.41
140,152,31.37,80.09,2,21.93,10.37
140,152,31.37,80.09,3,37.04,18.68
140,152,31.37,80.09,4,0.52,36.74
140,153,36.97,117.99,0,5.31,13.68
140,153,36.97,117.99,1,37.88,1.41
140,153,36.97,117.99,2,21.93,10.37
140,153,36.97,117.99,3,37.04,18.68
140,153,36.97,117.99,4,0.52,36.74
140,154,369.98,201.10,0,5.31,13.68
140,154,369.98,201.10,1,37.88,1.41
140,154,369.98,201.10,2,21.93,10.37
140,154,369.98,201.10,3,37.04,18.68
140,154,369.98,201.10,4,0.52,36.74
140,155,199.48,152.22,0,5.31,13.68
140,155,199.48,152.22,1,37.88,1.41
140,155,199.48,152.22,2,21.93,10.37
140,155,199.48,152.22,3,37.04,18.68
140,155,199.48,152.22,4,0.52,36.74
140,156,348.17,324.99,0,5.31,13.68
140,156,348.17,324.99,1,37.88,1.41
140,156,348.17,324.99,2,21.93,10.37
140,156,348.17,324.99,3,37.04,18.68
140,156,348.17,324.99,4,0.52,36.74
140,157,191.80,83.90,0,5.31,13.68
140,157,191.80,83.90,1,37.88,1.41
140,157,191.80,83.90,2,21.93,10.37
140,157,191.80,83.90,3,37.04,18.68
140,157,191.80,83.90,4,0.52,36.74
140,158,206.34,89.28,0,5.31,13.68
140,158,206.34,89.28,1,37.88,1.41
140,158,206.34,89.28,2,21.93,10.37
140,158,206.34,89.28,3,37.04,18.68
140,158,206.34,89.28,4,0.52,36.74
140,159,370.45,317.25,0,5.31,13.68
140,159,370.45,317.25,1,37.88,1.41
140,159,370.45,317.25,2,21.93,10.37
140,159,370.45,317.25,3,37.04,18.68
140,159,370.45,317.25,4,0.52,36.74
140,160,319.67,395.19,0,5.31,13.68
140,160,319.67,395.19,1,37.88,1.41
140,160,319.67,395.19,2,21.93,10.37
140,160,319.67,395.19,3,37.04,18.68
140,160,319.67,395.19,4,0.52,36.74
140,161,176.50,160.64,0,5.31,13.68
140,161,176.50,160.64,1,37.88,1.41
140,161,176.50,160.64,2,21.93,10.37
140,161,176.50,160.64,3,37.04,18.68
140,161,176.50,160.64,4,0.52,36.74
140,162,299.59,350.31,0,5.31,13.68
140,162,299.59,350.31,1,37.88,1.41
140,162,299.59,350.31,2,21.93,10.37
140,162,299.59,350.31,3,37.04,18.68
140,162,299.59,350.31,4,0.52,36.74
140,163,166.36,157.69,0,5.31,13.68
140,163,166.36,157.69,1,37.88,1.41
140,163,166.36,157.69,2,21.93,10.37
140,163,166.36,157.69,3,37.04,18.68
140,163,166.36,157.69,4,0.52,36.74
140,164,43.83,16.46,0,5.31,13.68
140,164,43.83,16.46,1,37.88,1.41
140,164,43.83,16.46,2,21.93,10.37
140,164,43.83,16.46,3,37.04,18.68
140,164,43.83,16.46,4,0.52,36.74
140,165,96.48,55.74,0,5.31,13.68
140,165,96.48,55.74,1,37.88,1.41
140,165,96.48,55.74,2,21.93,10.37
140,165,96.48,55.74,3,37.04,18.68
140,165,96.48,55.74,4,0.52,36.74
140,166,266.64,386.81,0,5.31,13.68
140,166,266.64,386.81,1,37.88,1.41
140,166,266.64,386.81,2,21.93,10.37
140,166,266.64,386.81,3,37.04,18.68
140,166,266.64,386.81,4,0.52,36.74
140,167,391.22,333.65,0,5.31,13.68
140,167,391.22,333.65,1,37.88,1.41
140,167,391.22,333.65,2,21.93,10.37
140,167,391.22,333.65,3,37.04,18.68
140,167,391.22,333.65,4,0.52,36.74
140,168,205.30,268.39,0,5.31,13.68
140,168,205.30,268.39,1,37.88,1.41
140,168,205.30,268.39,2,21.93,10.37
140,168,205.30,268.39,3,37.04,18.68
140,168,205.30,268.39,4,0.52,36.74
140,169,198.51,50.55,0,5.31,13.68
140,169,198.51,50.55,1,37.88,1.41
140,169,198.51,50.55,2,21.93,10.37
140,169,198.51,50.55,3,37.04,18.68
140,169,198.51,50.55,4,0.52,36.74
140,170,291.50,262.98,0,5.31,13.68
140,170,291.50,262.98,1,37.88,1.41
140,170,291.50,262.98,2,21.93,10.37
140,170,291.50,262.98,3,37.04,18.68
140,170,291.50,262.98,4,0.52,36.74
140,171,46.49,123.79,0,5.31,13.68
140,171,46.49,123.79,1,37.88,1.41
140,171,46.49,123.79,2,21.93,10.37
140,171,46.49,123.79,3,37.04,18.68
140,171,46.49,123.79,4,0.52,36.74
140,172,350.61,203.00,0,5.31,13.68
140,172,350.61,203.00,1,37.88,1.41
140,172,350.61,203.00,2,21.93,10.37
140,172,350.61,203.00,3,37.04,18.68
140,172,350.61,203.00,4,0.52,36.74
140,173,381.50,150.26,0,5.31,13.68
140,173,381.50,150.26,1,37.88,1.41
140,173,381.50,150.26,2,21.93,10.37
140,173,381.50,150.26,3,37.04,18.68
140,173,381.50,150.26,4,0.52,36.74
140,174,176.11,228.15,0,5.31,13.68
140,174,176.11,228.15,1,37.88,1.41
140,174,176.11,228.15,2,21.93,10.37
140,174,176.11,228.15,3,37.04,18.68
140,174,176.11,228.15,4,0.52,36.74
140,176,41.42,210.46,0,5.31,13.68
140,176,41.42,210.46,1,37.88,1.41
140,176,41.42,210.46,2,21.93,10.37
140,176,41.42,210.46,3,37.04,18.68
140,176,41.42,210.46,4,0.52,36.74
140,177,208.63,281.14,0,5.31,13.68
140,177,208.63,281.14,1,37.88,1.41
140,177,208.63,281.14,2,21.93,10.37
140,177,208.63,281.14,3,37.04,18.68
140,177,208.63,281.14,4,0.52,36.74
140,178,197.88,94.00,0,5.31,13.68
140,178,197.88,94.00,1,37.88,1.41
140,178,197.88,94.00,2,21.93,10.37
140,178,197.88,94.00,3,37.04,18.68
140,178,197.88,94.00,4,0.52,36.74
140,179,49.38,316.85,0,5.31,13.68
140,179,49.38,316.85,1,37.88,1.41
140,179,49.38,316.85,2,21.93,10.37
140,179,49.38,316.85,3,37.04,18.68
140,179,49.38,316.85,4,0.52,36.74
140,180,183.33,169.70,0,5.31,13.68
140,180,183.33,169.70,1,37.88,1.41
140,180,183.33,169.70,2,21.93,10.37
140,180,183.33,169.70,3,37.04,18.68
140,180,183.33,169.70,4,0.52,36.74
140,181,9.14,137.11,0,5.31,13.68
140,181,9.14,137.11,1,37.88,1.41
140,181,9.14,137.11,2,21.93,10.37
140,181,9.14,137.11,3,37.04,18.68
140,181,9.14,137.11,4,0.52,36.74
140,182,19.60,373.27,0,5.31,13.68
140,182,19.60,373.27,1,37.88,1.41
140,182,19.60,373.27,2,21.93,10.37
140,182,19.60,373.27,3,37.04,18.68
140,182,19.60,373.27,4,0.52,36.74
140,183,68.91,128.94,0,5.31,13.68
140,183,68.91,128.94,1,37.88,1.41
140,183,68.91,128.94,2,21.93,10.37
140,183,68.91,128.94,3,37.04,18.68
140,183,68.91,128.94,4,0.52,36.74
140,184,28.80,101.75,0,5.31,13.68
140,184,28.80,101.75,1,37.88,1.41
140,184,28.80,101.75,2,21.93,10.37
140,184,28.80,101.75,3,37.04,18.68
140,184,28.80,101.75,4,0.52,36.74
140,185,88.78,292.65,0,5.31,13.68
140,185,88.78,292.65,1,37.88,1.41
140,185,88.78,292.65,2,21.93,10.37
140,185,88.78,292.65,3,37.04,18.68
140,185,88.78,292.65,4,0.52,36.74
140,186,200.24,105.25,0,5.31,13.68
140,186,200.24,105.25,1,37.88,1.41
140,186,200.24,105.25,2,21.93,10.37
140,186,200.24,105.25,3,37.04,18.68
140,186,200.24,105.25,4,0.52,36.74
140,187,150.89,314.60,0,5.31,13.68
140,187,150.89,314.60,1,37.88,1.41
140,187,150.89,314.60,2,21.93,10.37
140,187,150.89,314.60,3,37.04,18.68
140,187,150.89,314.60,4,0.52,36.74
140,188,249.12,141.70,0,5.31,13.68
140,188,249.12,141.70,1,37.88,1.41
140,188,249.12,141.70,2,21.93,10.37
140,188,249.12,141.70,3,37.04,18.68
140,188,249.12,141.70,4,0.52,36.74
140,189,44.14,267.35,0,5.31,13.68
140,189,44.14,267.35,1,37.88,1.41
140,189,44.14,267.35,2,21.93,10.37
140,189,44.14,267.35,3,37.04,18.68
140,189,44.14,267.35,4,0.52,36.74
140,190,44.53,40.89,0,5.31,13.68
140,190,44.53,40.89,1,37.88,1.41
140,190,44.53,40.89,2,21.93,10.37
140,190,44.53,40.89,3,37.04,18.68
140,190,44.53,40.89,4,0.52,36.74
140,191,65.36,345.37,0,5.31,13.68
140,191,65.36,345.37,1,37.88,1.41
140,191,65.36,345.37,2,21.93,10.37
140,191,65.36,345.37,3,37.04,18.68
140,191,65.36,345.37,4,0.52,36.74
140,192,230.79,78.39,0,5.31,13.68
140,192,230.79,78.39,1,37.88,1.41
140,192,230.79,78.39,2,21.93,10.37
140,192,230.79,78.39,3,37.04,18.68
140,192,230.79,78.39,4,0.52,36.74
140,193,338.56,80.29,0,5.31,13.68
140,193,338.56,80.29,1,37.88,1.41
140,193,338.56,80.29,2,21.93,10.37
140,193,338.56,80.29,3,37.04,18.68
140,193,338.56,80.29,4,0.52,36.74
140,194,18.46,139.62,0,5.31,13.68
140,194,18.46,139.62,1,37.88,1.41
140,194,18.46,139.62,2,21.93,10.37
140,194,18.46,139.62,3,37.04,18.68
140,194,18.46,139.62,4,0.52,36.74
140,195,120.31,346.60,0,5.31,13.68
140,195,120.31,346.60,1,37.88,1.41
140,195,120.31,346.60,2,21.93,10.37
140,195,120.31,346.60,3,37.04,18.68
140,195,120.31,346.60,4,0.52,36.74
140,196,38.07,103.53,0,5.31,13.68
140,196,38.07,103.53,1,37.88,1.41
140,196,38.07,103.53,2,21.93,10.37
140,196,38.07,103.53,3,37.04,18.68
140,196,38.07,103.53,4,0.52,36.74
140,197,371.73,213.55,0,5.31,13.68
140,197,371.73,213.55,1,37.88,1.41
140,197,371.73,213.55,2,21.93,10.37
140,197,371.73,213.55,3,37.04,18.68
140,197,371.73,213.55,4,0.52,36.74
140,198,326.03,157.81,0,5.31,13.68
140,198,326.03,157.81,1,37.88,1.41
140,198,326.03,157.81,2,21.93,10.37
140,198,326.03,157.81,3,37.04,18.68
140,198,326.03,157.81,4,0.52,36.74
140,199,16.47,171.33,0,5.31,13.68
140,199,16.47,171.33,1,37.88,1.41
140,199,16.47,171.33,2,21.93,10.37
140,199,16.47,171.33,3,37.04,18.68
140,199,16.47,171.33,4,0.52,36.74
140,200,5.22,64.10,0,5.31,13.68
140,200,5.22,64.10,1,37.88,1.41
140,200,5.22,64.10,2,21.93,10.37
140,200,5.22,64.10,3,37.04,18.68
140,200,5.22,64.10,4,0.52,36.74
140,201,369.48,136.02,0,5.31,13.68
140,201,369.48,136.02,1,37.88,1.41
140,201,369.48,136.02,2,21.93,10.37
140,201,369.48,136.02,3,37.04,18.68
140,201,369.48,136.02,4,0.52,36.74
140,203,341.47,228.12,0,5.31,13.68
140,203,341.47,228.12,1,37.88,1.41
140,203,341.47,228.12,2,21.93,10.37
140,203,341.47,228.12,3,37.04,18.68
140,203,341.47,228.12,4,0.52,36.74
140,204,40.32,318.57,0,5.31,13.68
140,204,40.32,318.57,1,37.88,1.41
140,204,40.32,318.57,2,21.93,10.37
140,204,40.32,318.57,3,37.04,18.68
140,204,40.32,318.57,4,0.52,36.74
140,205,58.51,122.86,0,5.31,13.68
140,205,58.51,122.86,1,37.88,1.41
140,205,58.51,122.86,2,21.93,10.37
140,205,58.51,122.86,3,37.04,18.68
140,205,58.51,122.86,4,0.52,36.74
140,206,215.21,117.30,0,5.31,13.68
140,206,215.21,117.30,1,37.88,1.41
140,206,215.21,117.30,2,21.93,10.37
140,206,215.21,117.30,3,37.04,18.68
140,206,215.21,117.30,4,0.52,36.74
140,207,17.89,273.89,0,5.31,13.68
140,207,17.89,273.89,1,37.88,1.41
140,207,17.89,273.89,2,21.93,10.37
140,207,17.89,273.89,3,37.04,18.68
140,207,17.89,273.89,4,0.52,36.74
140,208,58.80,367.62,0,5.31,13.68
140,208,58.80,367.62,1,37.88,1.41
140,208,58.80,367.62,2,21.93,10.37
140,208,58.80,367.62,3,37.04,18.68
140,208,58.80,367.62,4,0.52,36.74
140,209,361.95,178.06,0,5.31,13.68
140,209,361.95,178.06,1,37.88,1.41
140,209,361.95,178.06,2,21.93,10.37
140,209,361.95,178.06,3,37.04,18.68
140,209,361.95,178.06,4,0.52,36.74
140,210,249.43,103.25,0,5.31,13.68
140,210,249.43,103.25,1,37.88,1.41
140,210,249.43,103.25,2,21.93,10.37
140,210,249.43,103.25,3,37.04,18.68
140,210,249.43,103.25,4,0.52,36.74
140,211,154.93,384.04,0,5.31,13.68
140,211,154.93,384.04,1,37.88,1.41
140,211,154.93,384.04,2,21.93,10.37
140,211,154.93,384.04,3,37.04,18.68
140,211,154.93,384.04,4,0.52,36.74
140,212,379.16,285.68,0,5.31,13.68
140,212,379.16,285.68,1,37.88,1.41
140,212,379.16,285.68,2,21.93,10.37
140,212,379.16,285.68,3,37.04,18.68
140,212,379.16,285.68,4,0.52,36.74
140,213,378.34,296.62,0,5.31,13.68
140,213,378.34,296.62,1,37.88,1.41
140,213,378.34,296.62,2,21.93,10.37
140,213,378.34,296.62,3,37.04,18.68
140,213,378.34,296.62,4,0.52,36.74
140,214,229.91,87.21,0,5.31,13.68
140,214,229.91,87.21,1,37.88,1.41
140,214,229.91,87.21,2,21.93,10.37
140,214,229.91,87.21,3,37.04,18.68
140,214,229.91,87.21,4,0.52,36.74
140,215,272.47,377.56,0,5.31,13.68
140,215,272.47,377.56,1,37.88,1.41
140,215,272.47,377.56,2,21.93,10.37
140,215,272.47,377.56,3,37.04,18.68
140,215,272.47,377.56,4,0.52,36.74
140,216,257.04,383.66,0,5.31,13.68
140,216,257.04,383.66,1,37.88,1.41
140,216,257.04,383.66,2,21.93,10.37
140,216,257.04,383.66,3,37.04,18.68
140,216,257.04,383.66,4,0.52,36.74
140,217,369.48,16.57,0,5.31,13.68
140,217,369.48,16.57,1,37.88,1.41
140,217,369.48,16.57,2,21.93,10.37
140,217,369.48,16.57,3,37.04,18.68
140,217,369.48,16.57,4,0.52,36.74
140,218,288.18,389.94,0,5.31,13.68
140,218,288.18,389.94,1,37.88,1.41
140,218,288.18,389.94,2,21.93,10.37
140,218,288.18,389.94,3,37.04,18.68
140,218,288.18,389.94,4,0.52,36.74
140,219,12.73,86.41,0,5.31,13.68
140,219,12.73,86.41,1,37.88,1.41
140,219,12.73,86.41,2,21.93,10.37
140,219,12.73,86.41,3,37.04,18.68
140,219,12.73,86.41,4,0.52,36.74
140,220,364.13,22.95,0,5.31,13.68
140,220,364.13,22.95,1,37.88,1.41
140,220,364.13,22.95,2,21.93,10.37
140,220,364.13,22.95,3,37.04,18.68
140,220,364.13,22.95,4,0.52,36.74
140,221,319.32,243.85,0,5.31,13.68
140,221,319.32,243.85,1,37.88,1.41
140,221,319.32,243.85,2,21.93,10.37
140,221,319.32,243.85,3,37.04,18.68
140,221,319.32,243.85,4,0.52,36.74
140,222,28.36,358.56,0,5.31,13.68
140,222,28.36,358.56,1,37.88,1.41
140,222,28.36,358.56,2,21.93,10.37
140,222,28.36,358.56,3,37.04,18.68
140,222,28.36,358.56,4,0.52,36.74
140,223,323.89,183.44,0,5.31,13.68
140,223,323.89,183.44,1,37.88,1.41
140,223,323.89,183.44,2,21.93,10.37
140,223,323.89,183.44,3,37.04,18.68
140,223,323.89,183.44,4,0.52,36.74
140,224,375.02,29.75,0,5.31,13.68
140,224,375.02,29.75,1,37.88,1.41
140,224,375.02,29.75,2,21.93,10.37
140,224,375.02,29.75,3,37.04,18.68
140,224,375.02,29.75,4,0.52,36.74
140,225,364.42,219.07,0,5.31,13.68
140,225,364.42,219.07,1,37.88,1.41
140,225,364.42,219.07,2,21.93,10.37
140,225,364.42,219.07,3,37.04,18.68
140,225,364.42,219.07,4,0.52,36.74
140,226,282.46,178.75,0,5.31,13.68
140,226,282.46,178.75,1,37.88,1.41
140,226,282.46,178.75,2,21.93,10.37
140,226,282.46,178.75,3,37.04,18.68
140,226,282.46,178.75,4,0.52,36.74
140,227,113.83,329.37,0,5.31,13.68
140,227,113.83,329.37,1,37.88,1.41
140,227,113.83,329.37,2,21.93,10.37
140,227,113.83,329.37,3,37.04,18.68
140,227,113.83,329.37,4,0.52,36.74
140,228,239.47,49.65,0,5.31,13.68
140,228,239.47,49.65,1,37.88,1.41
140,228,239.47,49.65,2,21.93,10.37
140,228,239.47,49.65,3,37.04,18.68
140,228,239.47,49.65,4,0.52,36.74
140,229,150.59,124.64,0,5.31,13.68
140,229,150.59,124.64,1,37.88,1.41
140,229,150.59,124.64,2,21.93,10.37
140,229,150.59,124.64,3,37.04,18.68
140,229,150.59,124.64,4,0.52,36.74
140,230,162.89,27.25,0,5.31,13.68
140,230,162.89,27.25,1,37.88,1.41
140,230,162.89,27.25,2,21.93,10.37
140,230,162.89,27.25,3,37.04,18.68
140,230,162.89,27.25,4,0.52,36.74
140,231,283.41,344.62,0,5.31,13.68
140,231,283.41,344.62,1,37.88,1.41
140,231,283.41,344.62,2,21.93,10.37
140,231,283.41,344.62,3,37.04,18.68
140,231,283.41,344.62,4,0.52,36.74
140,232,327.02,40.33,0,5.31,13.68
140,232,327.02,40.33,1,37.88,1.41
140,232,327.02,40.33,2,21.93,10.37
140,232,327.02,40.33,3,37.04,18.68
140,232,327.02,40.33,4,0.52,36.74
140,233,365.20,264.12,0,5.31,13.68
140,233,365.20,264.12,1,37.88,1.41
140,233,365.20,264.12,2,21.93,10.37
140,233,365.20,264.12,3,37.04,18.68
140,233,365.20,264.12,4,0.52,36.74
140,236,225.51,102.14,0,5.31,13.68
140,236,225.51,102.14,1,37.88,1.41
140,236,225.51,102.14,2,21.93,10.37
140,236,225.51,102.14,3,37.04,18.68
140,236,225.51,102.14,4,0.52,36.74
140,237,171.33,167.44,0,5.31,13.68
140,237,171.33,167.44,1,37.88,1.41
140,237,171.33,167.44,2,21.93,10.37
140,237,171.33,167.44,3,37.04,18.68
140,237,171.33,167.44,4,0.52,36.74
140,238,29.39,282.96,0,5.31,13.68
140,238,29.39,282.96,1,37.88,1.41
140,238,29.39,282.96,2,21.93,10.37
140,238,29.39,282.96,3,37.04,18.68
140,238,29.39,282.96,4,0.52,36.74
140,239,181.89,127.74,0,5.31,13.68
140,239,181.89,127.74,1,37.88,1.41
140,239,181.89,127.74,2,21.93,10.37
140,239,181.89,127.74,3,37.04,18.68
140,239,181.89,127.74,4,0.52,36.74
140,240,156.34,224.11,0,5.31,13.68
140,240,156.34,224.11,1,37.88,1.41
140,240,156.34,224.11,2,21.93,10.37
140,240,156.34,224.11,3,37.04,18.68
140,240,156.34,224.11,4,0.52,36.74
140,241,376.37,203.43,0,5.31,13.68
140,241,376.37,203.43,1,37.88,1.41
140,241,376.37,203.43,2,21.93,10.37
140,241,376.37,203.43,3,37.04,18.68
140,241,376.37,203.43,4,0.52,36.74
140,242,205.83,228.92,0,5.31,13.68
140,242,205.83,228.92,1,37.88,1.41
140,242,205.83,228.92,2,21.93,10.37
140,242,205.83,228.92,3,37.04,18.68
140,242,205.83,228.92,4,0.52,36.74
140,243,38.01,265.06,0,5.31,13.68
140,243,38.01,265.06,1,37.88,1.41
140,243,38.01,265.06,2,21.93,10.37
140,243,38.01,265.06,3,37.04,18.68
140,243,38.01,265.06,4,0.52,36.74
140,244,197.05,328.75,0,5.31,13.68
140,244,197.05,328.75,1,37.88,1.41
140,244,197.05,328.75,2,21.93,10.37
140,244,197.05,328.75,3,37.04,18.68
140,244,197.05,328.75,4,0.52,36.74
140,245,193.80,167.17,0,5.31,13.68
140,245,193.80,167.17,1,37.88,1.41
140,245,193.80,167.17,2,21.93,10.37
140,245,193.80,167.17,3,37.04,18.68
140,245,193.80,167.17,4,0.52,36.74
140,246,323.48,247.78,0,5.31,13.68
140,246,323.48,247.78,1,37.88,1.41
140,246,323.48,247.78,2,21.93,10.37
140,246,323.48,247.78,3,37.04,18.68
140,246,323.48,247.78,4,0.52,36.74
140,247,74.02,94.48,0,5.31,13.68
140,247,74.02,94.48,1,37.88,1.41
140,247,74.02,94.48,2,21.93,10.37
140,247,74.02,94.48,3,37.04,18.68
140,247,74.02,94.48,4,0.52,36.74
140,248,392.71,326.35,0,5.31,13.68
140,248,392.71,326.35,1,37.88,1.41
140,248,392.71,326.35,2,21.93,10.37
140,248,392.71,326.35,3,37.04,18.68
140,248,392.71,326.35,4,0.52,36.74
140,249,351.17,389.95,0,5.31,13.68
140,249,351.17,389.95,1,37.88,1.41
140,249,351.17,389.95,2,21.93,10.37
140,249,351.17,389.95,3,37.04,18.68
140,249,351.17,389.95,4,0.52,36.74
140,250,216.84,300.72,0,5.31,13.68
140,250,216.84,300.72,1,37.88,1.41
140,250,216.84,300.72,2,21.93,10.37
140,250,216.84,300.72,3,37.04,18.68
140,250,216.84,300.72,4,0.52,36.74
140,251,98.36,296.15,0,5.31,13.68
140,251,98.36,296.15,1,37.88,1.41
140,251,98.36,296.15,2,21.93,10.37
140,251,98.36,296.15,3,37.04,18.68
140,251,98.36,296.15,4,0.52,36.74
140,252,6.05,73.80,0,5.31,13.68
140,252,6.05,73.80,1,37.88,1.41
140,252,6.05,73.80,2,21.93,10.37
140,252,6.05,73.80,3,37.04,18.68
140,252,6.05,73.80,4,0.52,36.74
140,253,320.07,187.82,0,5.31,13.68
140,253,320.07,187.82,1,37.88,1.41
140,253,320.07,187.82,2,21.93,10.37
140,253,320.07,187.82,3,37.04,18.68
140,253,320.07,187.82,4,0.52,36.74
140,254,351.55,127.94,0,5.31,13.68
140,254,351.55,127.94,1,37.88,1.41
140,254,351.55,127.94,2,21.93,10.37
140,254,351.55,127.94,3,37.04,18.68
140,254,351.55,127.94,4,0.52,36.74
140,255,27.90,299.22,0,5.31,13.68
140,255,27.90,299.22,1,37.88,1.41
140,255,27.90,299.22,2,21.93,10.37
140,255,27.90,299.22,3,37.04,18.68
140,255,27.90,299.22,4,0.52,36.74
140,256,55.80,86.05,0,5.31,13.68
140,256,55.80,86.05,1,37.88,1.41
140,256,55.80,86.05,2,21.93,10.37
140,256,55.80,86.05,3,37.04,18.68
140,256,55.80,86.05,4,0.52,36.74
140,257,348.65,172.53,0,5.31,13.68
140,257,348.65,172.53,1,37.88,1.41
140,257,348.65,172.53,2,21.93,10.37
140,257,348.65,172.53,3,37.04,18.68
140,257,348.65,172.53,4,0.52,36.74
140,258,361.27,54.57,0,5.31,13.68
140,258,361.27,54.57,1,37.88,1.41
140,258,361.27,54.57,2,21.93,10.37
140,258,361.27,54.57,3,37.04,18.68
140,258,361.27,54.57,4,0.52,36.74
140,259,69.30,86.51,0,5.31,13.68
140,259,69.30,86.51,1,37.88,1.41
140,259,69.30,86.51,2,21.93,10.37
140,259,69.30,86.51,3,37.04,18.68
140,259,69.30,86.51,4,0.52,36.74
140,260,296.99,378.71,0,5.31,13.68
140,260,296.99,378.71,1,37.88,1.41
140,260,296.99,378.71,2,21.93,10.37
140,260,296.99,378.71,3,37.04,18.68
140,260,296.99,378.71,4,0.52,36.74
140,261,74.69,377.14,0,5.31,13.68
140,261,74.69,377.14,1,37.88,1.41
140,261,74.69,377.14,2,21.93,10.37
140,261,74.69,377.14,3,37.04,18.68
140,261,74.69,377.14,4,0.52,36.74
140,262,151.89,89.91,0,5.31,13.68
140,262,151.89,89.91,1,37.88,1.41
140,262,151.89,89.91,2,21.93,10.37
140,262,151.89,89.91,3,37.04,18.68
140,262,151.89,89.91,4,0.52,36.74
140,263,155.23,64.38,0,5.31,13.68
140,263,155.23,64.38,1,37.88,1.41
140,263,155.23,64.38,2,21.93,10.37
140,263,155.23,64.38,3,37.04,18.68
140,263,155.23,64.38,4,0.52,36.74
140,264,25.26,141.12,0,5.31,13.68
140,264,25.26,141.12,1,37.88,1.41
140,264,25.26,141.12,2,21.93,10.37
140,264,25.26,141.12,3,37.04,18.68
140,264,25.26,141.12,4,0.52,36.74
140,265,231.70,304.85,0,5.31,13.68
140,265,231.70,304.85,1,37.88,1.41
140,265,231.70,304.85,2,21.93,10.37
140,265,231.70,304.85,3,37.04,18.68
140,265,231.70,304.85,4,0.52,36.74
140,266,129.66,293.72,0,5.31,13.68
140,266,129.66,293.72,1,37.88,1.41
140,266,129.66,293.72,2,21.93,10.37
140,266,129.66,293.72,3,37.04,18.68
140,266,129.66,293.72,4,0.52,36.74
140,267,164.06,51.25,0,5.31,13.68
140,267,164.06,51.25,1,37.88,1.41
140,267,164.06,51.25,2,21.93,10.37
140,267,164.06,51.25,3,37.04,18.68
140,267,164.06,51.25,4,0.52,36.74
140,268,179.79,104.08,0,5.31,13.68
140,268,179.79,104.08,1,37.88,1.41
140,268,179.79,104.08,2,21.93,10.37
140,268,179.79,104.08,3,37.04,18.68
140,268,179.79,104.08,4,0.52,36.74
140,269,5.61,146.49,0,5.31,13.68
140,269,5.61,146.49,1,37.88,1.41
140,269,5.61,146.49,2,21.93,10.37
140,269,5.61,146.49,3,37.04,18.68
140,269,5.61,146.49,4,0.52,36.74
140,270,66.88,287.63,0,5.31,13.68
140,270,66.88,287.63,1,37.88,1.41
140,270,66.88,287.63,2,21.93,10.37
140,270,66.88,287.63,3,37.04,18.68
140,270,66.88,287.63,4,0.52,36.74
140,271,19.90,108.79,0,5.31,13.68
140,271,19.90,108.79,1,37.88,1.41
140,271,19.90,108.79,2,21.93,10.37
140,271,19.90,108.79,3,37.04,18.68
140,271,19.90,108.79,4,0.52,36.74
140,272,55.52,300.88,0,5.31,13.68
140,272,55.52,300.88,1,37.88,1.41
140,272,55.52,300.88,2,21.93,10.37
140,272,55.52,300.88,3,37.04,18.68
140,272,55.52,300.88,4,0.52,36.74
140,273,25.71,255.31,0,5.31,13.68
140,273,25.71,255.31,1,37.88,1.41
140,273,25.71,255.31,2,21.93,10.37
140,273,25.71,255.31,3,37.04,18.68
140,273,25.71,255.31,4,0.52,36.74
140,274,100.60,2.07,0,5.31,13.68
140,274,100.60,2.07,1,37.88,1.41
140,274,100.60,2.07,2,21.93,10.37
140,274,100.60,2.07,3,37.04,18.68
140,274,100.60,2.07,4,0.52,36.74
140,275,302.31,221.38,0,5.31,13.68
140,275,302.31,221.38,1,37.88,1.41
140,275,302.31,221.38,2,21.93,10.37
140,275,302.31,221.38,3,37.04,18.68
140,275,302.31,221.38,4,0.52,36.74
140,276,294.92,240.56,0,5.31,13.68
140,276,294.92,240.56,1,37.88,1.41
140,276,294.92,240.56,2,21.93,10.37
140,276,294.92,240.56,3,37.04,18.68
140,276,294.92,240.56,4,0.52,36.74
140,277,271.65,193.29,0,5.31,13.68
140,277,271.65,193.29,1,37.88,1.41
140,277,271.65,193.29,2,21.93,10.37
140,277,271.65,193.29,3,37.04,18.68
140,277,271.65,193.29,4,0.52,36.74
140,278,84.18,392.25,0,5.31,13.68
140,278,84.18,392.25,1,37.88,1.41
140,278,84.18,392.25,2,21.93,10.37
140,278,84.18,392.25,3,37.04,18.68
140,278,84.18,392.25,4,0.52,36.74
140,279,242.85,382.21,0,5.31,13.68
140,279,242.85,382.21,1,37.88,1.41
140,279,242.85,382.21,2,21.93,10.37
140,279,242.85,382.21,3,37.04,18.68
140,279,242.85,382.21,4,0.52,36.74
140,281,206.98,46.09,0,5.31,13.68
140,281,206.98,46.09,1,37.88,1.41
140,281,206.98,46.09,2,21.93,10.37
140,281,206.98,46.09,3,37.04,18.68
140,281,206.98,46.09,4,0.52,36.74
140,282,328.93,176.27,0,5.31,13.68
140,282,328.93,176.27,1,37.88,1.41
140,282,328.93,176.27,2,21.93,10.37
140,282,328.93,176.27,3,37.04,18.68
140,282,328.93,176.27,4,0.52,36.74
140,283,315.18,159.67,0,5.31,13.68
140,283,315.18,159.67,1,37.88,1.41
140,283,315.18,159.67,2,21.93,10.37
140,283,315.18,159.67,3,37.04,18.68
140,283,315.18,159.67,4,0.52,36.74
140,284,195.84,95.16,0,5.31,13.68
140,284,195.84,95.16,1,37.88,1.41
140,284,195.84,95.16,2,21.93,10.37
140,284,195.84,95.16,3,37.04,18.68
140,284,195.84,95.16,4,0.52,36.74
140,285,230.36,346.38,0,5.31,13.68
140,285,230.36,346.38,1,37.88,1.41
140,285,230.36,346.38,2,21.93,10.37
140,285,230.36,346.38,3,37.04,18.68
140,285,230.36,346.38,4,0.52,36.74
140,286,256.60,324.78,0,5.31,13.68
140,286,256.60,324.78,1,37.88,1.41
140,286,256.60,324.78,2,21.93,10.37
140,286,256.60,324.78,3,37.04,18.68
140,286,256.60,324.78,4,0.52,36.74
140,287,367.50,180.47,0,5.31,13.68
140,287,367.50,180.47,1,37.88,1.41
140,287,367.50,180.47,2,21.93,10.37
140,287,367.50,180.47,3,37.04,18.68
140,287,367.50,180.47,4,0.52,36.74
140,288,120.88,3.19,0,5.31,13.68
140,288,120.88,3.19,1,37.88,1.41
140,288,120.88,3.19,2,21.93,10.37
140,288,120.88,3.19,3,37.04,18.68
140,288,120.88,3.19,4,0.52,36.74
140,289,66.98,321.07,0,5.31,13.68
140,289,66.98,321.07,1,37.88,1.41
140,289,66.98,321.07,2,21.93,10.37
140,289,66.98,321.07,3,37.04,18.68
140,289,66.98,321.07,4,0.52,36.74
140,290,294.90,268.74,0,5.31,13.68
140,290,294.90,268.74,1,37.88,1.41
140,290,294.90,268.74,2,21.93,10.37
140,290,294.90,268.74,3,37.04,18.68
140,290,294.90,268.74,4,0.52,36.74
140,291,65.92,29.40,0,5.31,13.68
140,291,65.92,29.40,1,37.88,1.41
140,291,65.92,29.40,2,21.93,10.37
140,291,65.92,29.40,3,37.04,18.68
140,291,65.92,29.40,4,0.52,36.74
140,292,274.48,289.82,0,5.31,13.68
140,292,274.48,289.82,1,37.88,1.41
140,292,274.48,289.82,2,21.93,10.37
140,292,274.48,289.82,3,37.04,18.68
140,292,274.48,289.82,4,0.52,36.74
140,293,199.04,123.28,0,5.31,13.68
140,293,199.04,123.28,1,37.88,1.41
140,293,199.04,123.28,2,21.93,10.37
140,293,199.04,123.28,3,37.04,18.68
140,293,199.04,123.28,4,0.52,36.74
140,294,104.13,353.30,0,5.31,13.68
140,294,104.13,353.30,1,37.88,1.41
140,294,104.13,353.30,2,21.93,10.37
140,294,104.13,353.30,3,37.04,18.68
140,294,104.13,353.30,4,0.52,36.74
140,295,363.04,192.17,0,5.31,13.68
140,295,363.04,192.17,1,37.88,1.41
140,295,363.04,192.17,2,21.93,10.37
140,295,363.04,192.17,3,37.04,18.68
140,295,363.04,192.17,4,0.52,36.74
140,296,336.36,34.27,0,5.31,13.68
140,296,336.36,34.27,1,37.88,1.41
140,296,336.36,34.27,2,21.93,10.37
140,296,336.36,34.27,3,37.04,18.68
140,296,336.36,34.27,4,0.52,36.74
140,297,368.56,120.11,0,5.31,13.68
140,297,368.56,120.11,1,37.88,1.41
140,297,368.56,120.11,2,21.93,10.37
140,297,368.56,120.11,3,37.04,18.68
140,297,368.56,120.11,4,0.52,36.74
140,298,342.22,40.78,0,5.31,13.68
140,298,342.22,40.78,1,37.88,1.41
140,298,342.22,40.78,2,21.93,10.37
140,298,342.22,40.78,3,37.04,18.68
140,298,342.22,40.78,4,0.52,36.74
140,299,31.40,121.82,0,5.31,13.68
140,299,31.40,121.82,1,37.88,1.41
140,299,31.40,121.82,2,21.93,10.37
140,299,31.40,121.82,3,37.04,18.68
140,299,31.40,121.82,4,0.52,36.74
140,300,207.96,345.72,0,5.31,13.68
140,300,207.96,345.72,1,37.88,1.41
140,300,207.96,345.72,2,21.93,10.37
140,300,207.96,345.72,3,37.04,18.68
140,300,207.96,345.72,4,0.52,36.74
150,1,219.00,103.00,0,5.31,13.68
150,1,219.00,103.00,1,37.83,1.18
150,1,219.00,103.00,2,22.64,10.52
150,1,219.00,103.00,3,37.04,18.68
150,1,219.00,103.00,4,1.83,36.49
150,2,37.99,85.45,0,5.31,13.68
150,2,37.99,85.45,1,37.83,1.18
150,2,37.99,85.45,2,22.64,10.52
150,2,37.99,85.45,3,37.04,18.68
150,2,37.99,85.45,4,1.83,36.49
150,3,183.74,263.14,0,5.31,13.68
150,3,183.74,263.14,1,37.83,1.18
150,3,183.74,263.14,2,22.64,10.52
150,3,183.74,263.14,3,37.04,18.68
150,3,183.74,263.14,4,1.83,36.49
150,4,231.80,97.94,0,5.31,13.68
150,4,231.80,97.94,1,37.83,1.18
150,4,231.80,97.94,2,22.64,10.52
150,4,231.80,97.94,3,37.04,18.68
150,4,231.80,97.94,4,1.83,36.49
150,5,18.05,330.48,0,5.31,13.68
150,5,18.05,330.48,1,37.83,1.18
150,5,18.05,330.48,2,22.64,10.52
150,5,18.05,330.48,3,37.04,18.68
150,5,18.05,330.48,4,1.83,36.49
150,6,79.13,290.47,0,5.31,13.68
150,6,79.13,290.47,1,37.83,1.18
150,6,79.13,290.47,2,22.64,10.52
150,6,79.13,290.47,3,37.04,18.68
150,6,79.13,290.47,4,1.83,36.49
150,7,70.40,106.40,0,5.31,13.68
150,7,70.40,106.40,1,37.83,1.18
150,7,70.40,106.40,2,22.64,10.52
150,7,70.40,106.40,3,37.04,18.68
150,7,70.40,106.40,4,1.83,36.49
150,8,143.52,379.93,0,5.31,13.68
150,8,143.52,379.93,1,37.83,1.18
150,8,143.52,379.93,2,22.64,10.52
150,8,143.52,379.93,3,37.04,18.68
150,8,143.52,379.93,4,1.83,36.49
150,9,267.68,202.98,0,5.31,13.68
150,9,267.68,202.98,1,37.83,1.18
150,9,267.68,202.98,2,22.64,10.52
150,9,267.68,202.98,3,37.04,18.68
150,9,267.68,202.98,4,1.83,36.49
150,10,375.53,179.38,0,5.31,13.68
150,10,375.53,179.38,1,37.83,1.18
150,10,375.53,179.38,2,22.64,10.52
150,10,375.53,179.38,3,37.04,18.68
150,10,375.53,179.38,4,1.83,36.49
150,11,166.01,118.48,0,5.31,13.68
150,11,166.01,118.48,1,37.83,1.18
150,11,166.01,118.48,2,22.64,10.52
150,11,166.01,118.48,3,37.04,18.68
150,11,166.01,118.48,4,1.83,36.49
150,12,216.33,91.24,0,5.31,13.68
150,12,216.33,91.24,1,37.83,1.18
150,12,216.33,91.24,2,22.64,10.52
150,12,216.33,91.24,3,37.04,18.68
150,12,216.33,91.24,4,1.83,36.49
150,13,150.56,83.44,0,5.31,13.68
150,13,150.56,83.44,1,37.83,1.18
150,13,150.56,83.44,2,22.64,10.52
150,13,150.56,83.44,3,37.04,18.68
150,13,150.56,83.44,4,1.83,36.49
150,14,11.25,371.23,0,5.31,13.68
150,14,11.25,371.23,1,37.83,1.18
150,14,11.25,371.23,2,22.64,10.52
150,14,11.25,371.23,3,37.04,18.68
150,14,11.25,371.23,4,1.83,36.49
150,15,5.44,336.07,0,5.31,13.68
150,15,5.44,336.07,1,37.83,1.18
150,15,5.44,336.07,2,22.64,10.52
150,15,5.44,336.07,3,37.04,18.68
150,15,5.44,336.07,4,1.83,36.49
150,16,331.05,282.24,0,5.31,13.68
150,16,331.05,282.24,1,37.83,1.18
150,16,331.05,282.24,2,22.64,10.52
150,16,331.05,282.24,3,37.04,18.68
150,16,331.05,282.24,4,1.83,36.49
150,17,378.41,186.73,0,5.31,13.68
150,17,378.41,186.73,1,37.83,1.18
150,17,378.41,186.73,2,22.64,10.52
150,17,378.41,186.73,3,37.04,18.68
150,17,378.41,186.73,4,1.83,36.49
150,18,191.27,352.89,0,5.31,13.68
150,18,191.27,352.89,1,37.83,1.18
150,18,191.27,352.89,2,22.64,10.52
150,18,191.27,352.89,3,37.04,18.68
150,18,191.27,352.89,4,1.83,36.49
150,19,65.65,333.87,0,5.31,13.68
150,19,65.65,333.87,1,37.83,1.18
150,19,65.65,333.87,2,22.64,10.52
150,19,65.65,333.87,3,37.04,18.68
150,19,65.65,333.87,4,1.83,36.49
150,20,209.39,376.86,0,5.31,13.68
150,20,209.39,376.86,1,37.83,1.18
150,20,209.39,376.86,2,22.64,10.52
150,20,209.39,376.86,3,37.04,18.68
150,20,209.39,376.86,4,1.83,36.49
150,21,378.23,136.52,0,5.31,13.68
150,21,378.23,136.52,1,37.83,1.18
150,21,378.23,136.52,2,22.64,10.52
150,21,378.23,136.52,3,37.04,18.68
150,21,378.23,136.52,4,1.83,36.49
150,22,279.71,366.58,0,5.31,13.68
150,22,279.71,366.58,1,37.83,1.18
150,22,279.71,366.58,2,22.64,10.52
150,22,279.71,366.58,3,37.04,18.68
150,22,279.71,366.58,4,1.83,36.49
150,23,351.28,254.59,0,5.31,13.68
150,23,351.28,254.59,1,37.83,1.18
150,23,351.28,254.59,2,22.64,10.52
150,23,351.28,254.59,3,37.04,18.68
150,23,351.28,254.59,4,1.83,36.49
150,24,148.36,62.58,0,5.31,13.68
150,24,148.36,62.58,1,37.83,1.18
150,24,148.36,62.58,2,22.64,10.52
150,24,148.36,62.58,3,37.04,18.68
150,24,148.36,62.58,4,1.83,36.49
150,25,63.92,361.12,0,5.31,13.68
150,25,63.92,361.12,1,37.83,1.18
150,25,63.92,361.12,2,22.64,10.52
150,25,63.92,361.12,3,37.04,18.68
150,25,63.92,361.12,4,1.83,36.49
150,26,301.05,22.24,0,5.31,13.68
150,26,301.05,22.24,1,37.83,1.18
150,26,301.05,22.24,2,22.64,10.52
150,26,301.05,22.24,3,37.04,18.68
150,26,301.05,22.24,4,1.83,36.49
150,27,218.21,91.33,0,5.31,13.68
150,27,218.21,91.33,1,37.83,1.18
150,27,218.21,91.33,2,22.64,10.52
150,27,218.21,91.33,3,37.04,18.68
150,27,218.21,91.33,4,1.83,36.49
150,28,389.03,356.88,0,5.31,13.68
150,28,389.03,356.88,1,37.83,1.18
150,28,389.03,356.88,2,22.64,10.52
150,28,389.03,356.88,3,37.04,18.68
150,28,389.03,356.88,4,1.83,36.49
150,29,147.05,257.21,0,5.31,13.68
150,29,147.05,257.21,1,37.83,1.18
150,29,147.05,257.21,2,22.64,10.52
150,29,147.05,257.21,3,37.04,18.68
150,29,147.05,257.21,4,1.83,36.49
150,31,197.51,45.29,0,5.31,13.68
150,31,197.51,45.29,1,37.83,1.18
150,31,197.51,45.29,2,22.64,10.52
150,31,197.51,45.29,3,37.04,18.68
150,31,197.51,45.29,4,1.83,36.49
150,32,228.48,74.24,0,5.31,13.68
150,32,228.48,74.24,1,37.83,1.18
150,32,228.48,74.24,2,22.64,10.52
150,32,228.48,74.24,3,37.04,18.68
150,32,228.48,74.24,4,1.83,36.49
150,33,35.53,283.71,0,5.31,13.68
150,33,35.53,283.71,1,37.83,1.18
150,33,35.53,283.71,2,22.64,10.52
150,33,35.53,283.71,3,37.04,18.68
150,33,35.53,283.71,4,1.83,36.49
150,34,194.55,102.05,0,5.31,13.68
150,34,194.55,102.05,1,37.83,1.18
150,34,194.55,102.05,2,22.64,10.52
150,34,194.55,102.05,3,37.04,18.68
150,34,194.55,102.05,4,1.83,36.49
150,35,329.02,207.82,0,5.31,13.68
150,35,329.02,207.82,1,37.83,1.18
150,35,329.02,207.82,2,22.64,10.52
150,35,329.02,207.82,3,37.04,18.68
150,35,329.02,207.82,4,1.83,36.49
150,36,91.59,323.68,0,5.31,13.68
150,36,91.59,323.68,1,37.83,1.18
150,36,91.59,323.68,2,22.64,10.52
150,36,91.59,323.68,3,37.04,18.68
150,36,91.59,323.68,4,1.83,36.49
150,37,312.34,274.92,0,5.31,13.68
150,37,312.34,274.92,1,37.83,1.18
150,37,312.34,274.92,2,22.64,10.52
150,37,312.34,274.92,3,37.04,18.68
150,37,312.34,274.92,4,1.83,36.49
150,38,124.59,235.34,0,5.31,13.68
150,38,124.59,235.34,1,37.83,1.18
150,38,124.59,235.34,2,22.64,10.52
150,38,124.59,235.34,3,37.04,18.68
150,38,124.59,235.34,4,1.83,36.49
150,39,102.87,199.11,0,5.31,13.68
150,39,102.87,199.11,1,37.83,1.18
150,39,102.87,199.11,2,22.64,10.52
150,39,102.87,199.11,3,37.04,18.68
150,39,102.87,199.11,4,1.83,36.49
150,40,260.24,101.54,0,5.31,13.68
150,40,260.24,101.54,1,37.83,1.18
150,40,260.24,101.54,2,22.64,10.52
150,40,260.24,101.54,3,37.04,18.68
150,40,260.24,101.54,4,1.83,36.49
150,41,258.44,308.41,0,5.31,13.68
150,41,258.44,308.41,1,37.83,1.18
150,41,258.44,308.41,2,22.64,10.52
150,41,258.44,308.41,3,37.04,18.68
150,41,258.44,308.41,4,1.83,36.49
150,42,355.82,229.55,0,5.31,13.68
150,42,355.82,229.55,1,37.83,1.18
150,42,355.82,229.55,2,22.64,10.52
150,42,355.82,229.55,3,37.04,18.68
150,42,355.82,229.55,4,1.83,36.49
150,43,210.03,81.40,0,5.31,13.68
150,43,210.03,81.40,1,37.83,1.18
150,43,210.03,81.40,2,22.64,10.52
150,43,210.03,81.40,3,37.04,18.68
150,43,210.03,81.40,4,1.83,36.49
150,44,359.02,202.30,0,5.31,13.68
150,44,359.02,202.30,1,37.83,1.18
150,44,359.02,202.30,2,22.64,10.52
150,44,359.02,202.30,3,37.04,18.68
150,44,359.02,202.30,4,1.83,36.49
150,45,215.00,100.17,0,5.31,13.68
150,45,215.00,100.17,1,37.83,1.18
150,45,215.00,100.17,2,22.64,10.52
150,45,215.00,100.17,3,37.04,18.68
150,45,215.00,100.17,4,1.83,36.49
150,46,64.45,373.00,0,5.31,13.68
150,46,64.45,373.00,1,37.83,1.18
150,46,64.45,373.00,2,22.64,10.52
150,46,64.45,373.00,3,37.04,18.68
150,46,64.45,373.00,4,1.83,36.49
150,47,47.44,313.28,0,5.31,13.68
150,47,47.44,313.28,1,37.83,1.18
150,47,47.44,313.28,2,22.64,10.52
150,47,47.44,313.28,3,37.04,18.68
150,47,47.44,313.28,4,1.83,36.49
150,48,350.66,195.54,0,5.31,13.68
150,48,350.66,195.54,1,37.83,1.18
150,48,350.66,195.54,2,22.64,10.52
150,48,350.66,195.54,3,37.04,18.68
150,48,350.66,195.54,4,1.83,36.49
150,49,199.45,127.10,0,5.31,13.68
150,49,199.45,127.10,1,37.83,1.18
150,49,199.45,127.10,2,22.64,10.52
150,49,199.45,127.10,3,37.04,18.68
150,49,199.45,127.10,4,1.83,36.49
150,50,307.62,312.60,0,5.31,13.68
150,50,307.62,312.60,1,37.83,1.18
150,50,307.62,312.60,2,22.64,10.52
150,50,307.62,312.60,3,37.04,18.68
150,50,307.62,312.60,4,1.83,36.49
150,51,17.80,367.09,0,5.31,13.68
150,51,17.80,367.09,1,37.83,1.18
150,51,17.80,367.09,2,22.64,10.52
150,51,17.80,367.09,3,37.04,18.68
150,51,17.80,367.09,4,1.83,36.49
150,52,210.60,107.66,0,5.31,13.68
150,52,210.60,107.66,1,37.83,1.18
150,52,210.60,107.66,2,22.64,10.52
150,52,210.60,107.66,3,37.04,18.68
150,52,210.60,107.66,4,1.83,36.49
150,53,278.46,236.86,0,5.31,13.68
150,53,278.46,236.86,1,37.83,1.18
150,53,278.46,236.86,2,22.64,10.52
150,53,278.46,236.86,3,37.04,18.68
150,53,278.46,236.86,4,1.83,36.49
150,54,352.10,21.91,0,5.31,13.68
150,54,352.10,21.91,1,37.83,1.18
150,54,352.10,21.91,2,22.64,10.52
150,54,352.10,21.91,3,37.04,18.68
150,54,352.10,21.91,4,1.83,36.49
150,55,275.49,246.52,0,5.31,13.68
150,55,275.49,246.52,1,37.83,1.18
150,55,275.49,246.52,2,22.64,10.52
150,55,275.49,246.52,3,37.04,18.68
150,55,275.49,246.52,4,1.83,36.49
150,56,323.02,175.61,0,5.31,13.68
150,56,323.02,175.61,1,37.83,1.18
150,56,323.02,175.61,2,22.64,10.52
150,56,323.02,175.61,3,37.04,18.68
150,56,323.02,175.61,4,1.83,36.49
150,57,87.68,175.56,0,5.31,13.68
150,57,87.68,175.56,1,37.83,1.18
150,57,87.68,175.56,2,22.64,10.52
150,57,87.68,175.56,3,37.04,18.68
150,57,87.68,175.56,4,1.83,36.49
150,58,355.02,188.98,0,5.31,13.68
150,58,355.02,188.98,1,37.83,1.18
150,58,355.02,188.98,2,22.64,10.52
150,58,355.02,188.98,3,37.04,18.68
150,58,355.02,188.98,4,1.83,36.49
150,59,53.28,135.89,0,5.31,13.68
150,59,53.28,135.89,1,37.83,1.18
150,59,53.28,135.89,2,22.64,10.52
150,59,53.28,135.89,3,37.04,18.68
150,59,53.28,135.89,4,1.83,36.49
150,60,182.77,273.90,0,5.31,13.68
150,60,182.77,273.90,1,37.83,1.18
150,60,182.77,273.90,2,22.64,10.52
150,60,182.77,273.90,3,37.04,18.68
150,60,182.77,273.90,4,1.83,36.49
150,61,36.95,134.08,0,5.31,13.68
150,61,36.95,134.08,1,37.83,1.18
150,61,36.95,134.08,2,22.64,10.52
150,61,36.95,134.08,3,37.04,18.68
150,61,36.95,134.08,4,1.83,36.49
150,62,30.95,374.58,0,5.31,13.68
150,62,30.95,374.58,1,37.83,1.18
150,62,30.95,374.58,2,22.64,10.52
150,62,30.95,374.58,3,37.04,18.68
150,62,30.95,374.58,4,1.83,36.49
150,63,102.76,170.75,0,5.31,13.68
150,63,102.76,170.75,1,37.83,1.18
150,63,102.76,170.75,2,22.64,10.52
150,63,102.76,170.75,3,37.04,18.68
150,63,102.76,170.75,4,1.83,36.49
150,64,349.36,28.17,0,5.31,13.68
150,64,349.36,28.17,1,37.83,1.18
150,64,349.36,28.17,2,22.64,10.52
150,64,349.36,28.17,3,37.04,18.68
150,64,349.36,28.17,4,1.83,36.49
150,65,341.84,262.56,0,5.31,13.68
150,65,341.84,262.56,1,37.83,1.18
150,65,341.84,262.56,2,22.64,10.52
150,65,341.84,262.56,3,37.04,18.68
150,65,341.84,262.56,4,1.83,36.49
150,66,94.02,379.75,0,5.31,13.68
150,66,94.02,379.75,1,37.83,1.18
150,66,94.02,379.75,2,22.64,10.52
150,66,94.02,379.75,3,37.04,18.68
150,66,94.02,379.75,4,1.83,36.49
150,67,36.27,216.90,0,5.31,13.68
150,67,36.27,216.90,1,37.83,1.18
150,67,36.27,216.90,2,22.64,10.52
150,67,36.27,216.90,3,37.04,18.68
150,67,36.27,216.90,4,1.83,36.49
150,68,235.83,322.12,0,5.31,13.68
150,68,235.83,322.12,1,37.83,1.18
150,68,235.83,322.12,2,22.64,10.52
150,68,235.83,322.12,3,37.04,18.68
150,68,235.83,322.12,4,1.83,36.49
150,69,373.74,352.26,0,5.31,13.68
150,69,373.74,352.26,1,37.83,1.18
150,69,373.74,352.26,2,22.64,10.52
150,69,373.74,352.26,3,37.04,18.68
150,69,373.74,352.26,4,1.83,36.49
150,70,212.30,96.23,0,5.31,13.68
150,70,212.30,96.23,1,37.83,1.18
150,70,212.30,96.23,2,22.64,10.52
150,70,212.30,96.23,3,37.04,18.68
150,70,212.30,96.23,4,1.83,36.49
150,71,29.64,372.74,0,5.31,13.68
150,71,29.64,372.74,1,37.83,1.18
150,71,29.64,372.74,2,22.64,10.52
150,71,29.64,372.74,3,37.04,18.68
150,71,29.64,372.74,4,1.83,36.49
150,72,15.19,379.87,0,5.31,13.68
150,72,15.19,379.87,1,37.83,1.18
150,72,15.19,379.87,2,22.64,10.52
150,72,15.19,379.87,3,37.04,18.68
150,72,15.19,379.87,4,1.83,36.49
150,73,367.06,160.25,0,5.31,13.68
150,73,367.06,160.25,1,37.83,1.18
150,73,367.06,160.25,2,22.64,10.52
150,73,367.06,160.25,3,37.04,18.68
150,73,367.06,160.25,4,1.83,36.49
150,74,219.59,79.87,0,5.31,13.68
150,74,219.59,79.87,1,37.83,1.18
150,74,219.59,79.87,2,22.64,10.52
150,74,219.59,79.87,3,37.04,18.68
150,74,219.59,79.87,4,1.83,36.49
150,75,191.60,91.53,0,5.31,13.68
150,75,191.60,91.53,1,37.83,1.18
150,75,191.60,91.53,2,22.64,10.52
150,75,191.60,91.53,3,37.04,18.68
150,75,191.60,91.53,4,1.83,36.49
150,76,357.65,114.28,0,5.31,13.68
150,76,357.65,114.28,1,37.83,1.18
150,76,357.65,114.28,2,22.64,10.52
150,76,357.65,114.28,3,37.04,18.68
150,76,357.65,114.28,4,1.83,36.49
150,77,82.90,158.34,0,5.31,13.68
150,77,82.90,158.34,1,37.83,1.18
150,77,82.90,158.34,2,22.64,10.52
150,77,82.90,158.34,3,37.04,18.68
150,77,82.90,158.34,4,1.83,36.49
150,78,203.46,388.78,0,5.31,13.68
150,78,203.46,388.78,1,37.83,1.18
150,78,203.46,388.78,2,22.64,10.52
150,78,203.46,388.78,3,37.04,18.68
150,78,203.46,388.78,4,1.83,36.49
150,79,362.56,204.97,0,5.31,13.68
150,79,362.56,204.97,1,37.83,1.18
150,79,362.56,204.97,2,22.64,10.52
150,79,362.56,204.97,3,37.04,18.68
150,79,362.56,204.97,4,1.83,36.49
150,80,367.00,190.00,0,5.31,13.68
150,80,367.00,190.00,1,37.83,1.18
150,80,367.00,190.00,2,22.64,10.52
150,80,367.00,190.00,3,37.04,18.68
150,80,367.00,190.00,4,1.83,36.49
150,81,262.77,352.23,0,5.31,13.68
150,81,262.77,352.23,1,37.83,1.18
150,81,262.77,352.23,2,22.64,10.52
150,81,262.77,352.23,3,37.04,18.68
150,81,262.77,352.23,4,1.83,36.49
150,82,324.51,117.51,0,5.31,13.68
150,82,324.51,117.51,1,37.83,1.18
150,82,324.51,117.51,2,22.64,10.52
150,82,324.51,117.51,3,37.04,18.68
150,82,324.51,117.51,4,1.83,36.49
150,83,167.81,38.64,0,5.31,13.68
150,83,167.81,38.64,1,37.83,1.18
150,83,167.81,38.64,2,22.64,10.52
150,83,167.81,38.64,3,37.04,18.68
150,83,167.81,38.64,4,1.83,36.49
150,84,213.72,290.70,0,5.31,13.68
150,84,213.72,290.70,1,37.83,1.18
150,84,213.72,290.70,2,22.64,10.52
150,84,213.72,290.70,3,37.04,18.68
150,84,213.72,290.70,4,1.83,36.49
150,85,363.99,128.95,0,5.31,13.68
150,85,363.99,128.95,1,37.83,1.18
150,85,363.99,128.95,2,22.64,10.52
150,85,363.99,128.95,3,37.04,18.68
150,85,363.99,128.95,4,1.83,36.49
150,86,25.67,129.26,0,5.31,13.68
150,86,25.67,129.26,1,37.83,1.18
150,86,25.67,129.26,2,22.64,10.52
150,86,25.67,129.26,3,37.04,18.68
150,86,25.67,129.26,4,1.83,36.49
150,87,383.72,28.54,0,5.31,13.68
150,87,383.72,28.54,1,37.83,1.18
150,87,383.72,28.54,2,22.64,10.52
150,87,383.72,28.54,3,37.04,18.68
150,87,383.72,28.54,4,1.83,36.49
150,88,193.07,302.49,0,5.31,13.68
150,88,193.07,302.49,1,37.83,1.18
150,88,193.07,302.49,2,22.64,10.52
150,88,193.07,302.49,3,37.04,18.68
150,88,193.07,302.49,4,1.83,36.49
150,89,319.43,46.30,0,5.31,13.68
150,89,319.43,46.30,1,37.83,1.18
150,89,319.43,46.30,2,22.64,10.52
150,89,319.43,46.30,3,37.04,18.68
150,89,319.43,46.30,4,1.83,36.49
150,90,191.43,49.34,0,5.31,13.68
150,90,191.43,49.34,1,37.83,1.18
150,90,191.43,49.34,2,22.64,10.52
150,90,191.43,49.34,3,37.04,18.68
150,90,191.43,49.34,4,1.83,36.49
150,92,246.13,86.95,0,5.31,13.68
150,92,246.13,86.95,1,37.83,1.18
150,92,246.13,86.95,2,22.64,10.52
150,92,246.13,86.95,3,37.04,18.68
150,92,246.13,86.95,4,1.83,36.49
150,93,238.77,79.99,0,5.31,13.68
150,93,238.77,79.99,1,37.83,1.18
150,93,238.77,79.99,2,22.64,10.52
150,93,238.77,79.99,3,37.04,18.68
150,93,238.77,79.99,4,1.83,36.49
150,94,23.96,365.80,0,5.31,13.68
150,94,23.96,365.80,1,37.83,1.18
150,94,23.96,365.80,2,22.64,10.52
150,94,23.96,365.80,3,37.04,18.68
150,94,23.96,365.80,4,1.83,36.49
150,95,331.84,151.83,0,5.31,13.68
150,95,331.84,151.83,1,37.83,1.18
150,95,331.84,151.83,2,22.64,10.52
150,95,331.84,151.83,3,37.04,18.68
150,95,331.84,151.83,4,1.83,36.49
150,96,80.27,180.65,0,5.31,13.68
150,96,80.27,180.65,1,37.83,1.18
150,96,80.27,180.65,2,22.64,10.52
150,96,80.27,180.65,3,37.04,18.68
150,96,80.27,180.65,4,1.83,36.49
150,97,252.27,170.27,0,5.31,13.68
150,97,252.27,170.27,1,37.83,1.18
150,97,252.27,170.27,2,22.64,10.52
150,97,252.27,170.27,3,37.04,18.68
150,97,252.27,170.27,4,1.83,36.49
150,98,330.94,14.91,0,5.31,13.68
150,98,330.94,14.91,1,37.83,1.18
150,98,330.94,14.91,2,22.64,10.52
150,98,330.94,14.91,3,37.04,18.68
150,98,330.94,14.91,4,1.83,36.49
150,99,369.84,172.95,0,5.31,13.68
150,99,369.84,172.95,1,37.83,1.18
150,99,369.84,172.95,2,22.64,10.52
150,99,369.84,172.95,3,37.04,18.68
150,99,369.84,172.95,4,1.83,36.49
150,101,378.56,12.67,0,5.31,13.68
150,101,378.56,12.67,1,37.83,1.18
150,101,378.56,12.67,2,22.64,10.52
150,101,378.56,12.67,3,37.04,18.68
150,101,378.56,12.67,4,1.83,36.49
150,102,56.69,179.85,0,5.31,13.68
150,102,56.69,179.85,1,37.83,1.18
150,102,56.69,179.85,2,22.64,10.52
150,102,56.69,179.85,3,37.04,18.68
150,102,56.69,179.85,4,1.83,36.49
150,103,118.74,385.64,0,5.31,13.68
150,103,118.74,385.64,1,37.83,1.18
150,103,118.74,385.64,2,22.64,10.52
150,103,118.74,385.64,3,37.04,18.68
150,103,118.74,385.64,4,1.83,36.49
150,104,342.26,13.63,0,5.31,13.68
150,104,342.26,13.63,1,37.83,1.18
150,104,342.26,13.63,2,22.64,10.52
150,104,342.26,13.63,3,37.04,18.68
150,104,342.26,13.63,4,1.83,36.49
150,105,34.91,362.32,0,5.31,13.68
150,105,34.91,362.32,1,37.83,1.18
150,105,34.91,362.32,2,22.64,10.52
150,105,34.91,362.32,3,37.04,18.68
150,105,34.91,362.32,4,1.83,36.49
150,106,57.68,250.94,0,5.31,13.68
150,106,57.68,250.94,1,37.83,1.18
150,106,57.68,250.94,2,22.64,10.52
150,106,57.68,250.94,3,37.04,18.68
150,106,57.68,250.94,4,1.83,36.49
150,107,221.38,109.15,0,5.31,13.68
150,107,221.38,109.15,1,37.83,1.18
150,107,221.38,109.15,2,22.64,10.52
150,107,221.38,109.15,3,37.04,18.68
150,107,221.38,109.15,4,1.83,36.49
150,108,4.64,53.96,0,5.31,13.68
150,108,4.64,53.96,1,37.83,1.18
150,108,4.64,53.96,2,22.64,10.52
150,108,4.64,53.96,3,37.04,18.68
150,108,4.64,53.96,4,1.83,36.49
150,109,71.31,309.28,0,5.31,13.68
150,109,71.31,309.28,1,37.83,1.18
150,109,71.31,309.28,2,22.64,10.52
150,109,71.31,309.28,3,37.04,18.68
150,109,71.31,309.28,4,1.83,36.49
150,110,123.85,333.64,0,5.31,13.68
150,110,123.85,333.64,1,37.83,1.18
150,110,123.85,333.64,2,22.64,10.52
150,110,123.85,333.64,3,37.04,18.68
150,110,123.85,333.64,4,1.83,36.49
150,111,371.14,27.64,0,5.31,13.68
150,111,371.14,27.64,1,37.83,1.18
150,111,371.14,27.64,2,22.64,10.52
150,111,371.14,27.64,3,37.04,18.68
150,111,371.14,27.64,4,1.83,36.49
150,112,175.98,100.22,0,5.31,13.68
150,112,175.98,100.22,1,37.83,1.18
150,112,175.98,100.22,2,22.64,10.52
150,112,175.98,100.22,3,37.04,18.68
150,112,175.98,100.22,4,1.83,36.49
150,113,110.79,128.49,0,5.31,13.68
150,113,110.79,128.49,1,37.83,1.18
150,113,110.79,128.49,2,22.64,10.52
150,113,110.79,128.49,3,37.04,18.68
150,113,110.79,128.49,4,1.83,36.49
150,114,157.14,31.67,0,5.31,13.68
150,114,157.14,31.67,1,37.83,1.18
150,114,157.14,31.67,2,22.64,10.52
150,114,157.14,31.67,3,37.04,18.68
150,114,157.14,31.67,4,1.83,36.49
150,115,374.01,226.17,0,5.31,13.68
150,115,374.01,226.17,1,37.83,1.18
150,115,374.01,226.17,2,22.64,10.52
150,115,374.01,226.17,3,37.04,18.68
150,115,374.01,226.17,4,1.83,36.49
150,116,207.48,140.62,0,5.31,13.68
150,116,207.48,140.62,1,37.83,1.18
150,116,207.48,140.62,2,22.64,10.52
150,116,207.48,140.62,3,37.04,18.68
150,116,207.48,140.62,4,1.83,36.49
150,117,350.44,108.96,0,5.31,13.68
150,117,350.44,108.96,1,37.83,1.18
150,117,350.44,108.96,2,22.64,10.52
150,117,350.44,108.96,3,37.04,18.68
150,117,350.44,108.96,4,1.83,36.49
150,118,94.17,207.58,0,5.31,13.68
150,118,94.17,207.58,1,37.83,1.18
150,118,94.17,207.58,2,22.64,10.52
150,118,94.17,207.58,3,37.04,18.68
150,118,94.17,207.58,4,1.83,36.49
150,119,324.22,110.57,0,5.31,13.68
150,119,324.22,110.57,1,37.83,1.18
150,119,324.22,110.57,2,22.64,10.52
150,119,324.22,110.57,3,37.04,18.68
150,119,324.22,110.57,4,1.83,36.49
150,120,186.86,236.57,0,5.31,13.68
150,120,186.86,236.57,1,37.83,1.18
150,120,186.86,236.57,2,22.64,10.52
150,120,186.86,236.57,3,37.04,18.68
150,120,186.86,236.57,4,1.83,36.49
150,121,76.75,111.33,0,5.31,13.68
150,121,76.75,111.33,1,37.83,1.18
150,121,76.75,111.33,2,22.64,10.52
150,121,76.75,111.33,3,37.04,18.68
150,121,76.75,111.33,4,1.83,36.49
150,122,146.95,230.53,0,5.31,13.68
150,122,146.95,230.53,1,37.83,1.18
150,122,146.95,230.53,2,22.64,10.52
150,122,146.95,230.53,3,37.04,18.68
150,122,146.95,230.53,4,1.83,36.49
150,123,177.43,328.08,0,5.31,13.68
150,123,177.43,328.08,1,37.83,1.18
150,123,177.43,328.08,2,22.64,10.52
150,123,177.43,328.08,3,37.04,18.68
150,123,177.43,328.08,4,1.83,36.49
150,124,114.07,27.85,0,5.31,13.68
150,124,114.07,27.85,1,37.83,1.18
150,124,114.07,27.85,2,22.64,10.52
150,124,114.07,27.85,3,37.04,18.68
150,124,114.07,27.85,4,1.83,36.49
150,125,365.57,98.49,0,5.31,13.68
150,125,365.57,98.49,1,37.83,1.18
150,125,365.57,98.49,2,22.64,10.52
150,125,365.57,98.49,3,37.04,18.68
150,125,365.57,98.49,4,1.83,36.49
150,126,27.17,94.60,0,5.31,13.68
150,126,27.17,94.60,1,37.83,1.18
150,126,27.17,94.60,2,22.64,10.52
150,126,27.17,94.60,3,37.04,18.68
150,126,27.17,94.60,4,1.83,36.49
150,127,25.61,381.10,0,5.31,13.68
150,127,25.61,381.10,1,37.83,1.18
150,127,25.61,381.10,2,22.64,10.52
150,127,25.61,381.10,3,37.04,18.68
150,127,25.61,381.10,4,1.83,36.49
150,128,249.41,363.98,0,5.31,13.68
150,128,249.41,363.98,1,37.83,1.18
150,128,249.41,363.98,2,22.64,10.52
150,128,249.41,363.98,3,37.04,18.68
150,128,249.41,363.98,4,1.83,36.49
150,129,284.62,171.02,0,5.31,13.68
150,129,284.62,171.02,1,37.83,1.18
150,129,284.62,171.02,2,22.64,10.52
150,129,284.62,171.02,3,37.04,18.68
150,129,284.62,171.02,4,1.83,36.49
150,130,370.60,195.68,0,5.31,13.68
150,130,370.60,195.68,1,37.83,1.18
150,130,370.60,195.68,2,22.64,10.52
150,130,370.60,195.68,3,37.04,18.68
150,130,370.60,195.68,4,1.83,36.49
150,131,256.65,68.58,0,5.31,13.68
150,131,256.65,68.58,1,37.83,1.18
150,131,256.65,68.58,2,22.64,10.52
150,131,256.65,68.58,3,37.04,18.68
150,131,256.65,68.58,4,1.83,36.49
150,132,366.97,296.16,0,5.31,13.68
150,132,366.97,296.16,1,37.83,1.18
150,132,366.97,296.16,2,22.64,10.52
150,132,366.97,296.16,3,37.04,18.68
150,132,366.97,296.16,4,1.83,36.49
150,133,13.24,112.42,0,5.31,13.68
150,133,13.24,112.42,1,37.83,1.18
150,133,13.24,112.42,2,22.64,10.52
150,133,13.24,112.42,3,37.04,18.68
150,133,13.24,112.42,4,1.83,36.49
150,134,376.84,32.00,0,5.31,13.68
150,134,376.84,32.00,1,37.83,1.18
150,134,376.84,32.00,2,22.64,10.52
150,134,376.84,32.00,3,37.04,18.68
150,134,376.84,32.00,4,1.83,36.49
150,135,89.11,256.90,0,5.31,13.68
150,135,89.11,256.90,1,37.83,1.18
150,135,89.11,256.90,2,22.64,10.52
150,135,89.11,256.90,3,37.04,18.68
150,135,89.11,256.90,4,1.83,36.49
150,136,362.30,34.39,0,5.31,13.68
150,136,362.30,34.39,1,37.83,1.18
150,136,362.30,34.39,2,22.64,10.52
150,136,362.30,34.39,3,37.04,18.68
150,136,362.30,34.39,4,1.83,36.49
150,137,249.03,59.78,0,5.31,13.68
150,137,249.03,59.78,1,37.83,1.18
150,137,249.03,59.78,2,22.64,10.52
150,137,249.03,59.78,3,37.04,18.68
150,137,249.03,59.78,4,1.83,36.49
150,138,238.87,86.57,0,5.31,13.68
150,138,238.87,86.57,1,37.83,1.18
150,138,238.87,86.57,2,22.64,10.52
150,138,238.87,86.57,3,37.04,18.68
150,138,238.87,86.57,4,1.83,36.49
150,139,358.28,103.07,0,5.31,13.68
150,139,358.28,103.07,1,37.83,1.18
150,139,358.28,103.07,2,22.64,10.52
150,139,358.28,103.07,3,37.04,18.68
150,139,358.28,103.07,4,1.83,36.49
150,140,374.92,7.46,0,5.31,13.68
150,140,374.92,7.46,1,37.83,1.18
150,140,374.92,7.46,2,22.64,10.52
150,140,374.92,7.46,3,37.04,18.68
150,140,374.92,7.46,4,1.83,36.49
150,141,348.84,375.18,0,5.31,13.68
150,141,348.84,375.18,1,37.83,1.18
150,141,348.84,375.18,2,22.64,10.52
150,141,348.84,375.18,3,37.04,18.68
150,141,348.84,375.18,4,1.83,36.49
150,142,230.54,132.05,0,5.31,13.68
150,142,230.54,132.05,1,37.83,1.18
150,142,230.54,132.05,2,22.64,10.52
150,142,230.54,132.05,3,37.04,18.68
150,142,230.54,132.05,4,1.83,36.49
150,143,349.14,345.22,0,5.31,13.68
150,143,349.14,345.22,1,37.83,1.18
150,143,349.14,345.22,2,22.64,10.52
150,143,349.14,345.22,3,37.04,18.68
150,143,349.14,345.22,4,1.83,36.49
150,144,379.23,193.60,0,5.31,13.68
150,144,379.23,193.60,1,37.83,1.18
150,144,379.23,193.60,2,22.64,10.52
150,144,379.23,193.60,3,37.04,18.68
150,144,379.23,193.60,4,1.83,36.49
150,145,238.31,350.26,0,5.31,13.68
150,145,238.31,350.26,1,37.83,1.18
150,145,238.31,350.26,2,22.64,10.52
150,145,238.31,350.26,3,37.04,18.68
150,145,238.31,350.26,4,1.83,36.49
150,146,119.61,207.09,0,5.31,13.68
150,146,119.61,207.09,1,37.83,1.18
150,146,119.61,207.09,2,22.64,10.52
150,146,119.61,207.09,3,37.04,18.68
150,146,119.61,207.09,4,1.83,36.49
150,147,16.99,263.92,0,5.31,13.68
150,147,16.99,263.92,1,37.83,1.18
150,147,16.99,263.92,2,22.64,10.52
150,147,16.99,263.92,3,37.04,18.68
150,147,16.99,263.92,4,1.83,36.49
150,148,300.50,213.57,0,5.31,13.68
150,148,300.50,213.57,1,37.83,1.18
150,148,300.50,213.57,2,22.64,10.52
150,148,300.50,213.57,3,37.04,18.68
150,148,300.50,213.57,4,1.83,36.49
150,149,347.97,265.17,0,5.31,13.68
150,149,347.97,265.17,1,37.83,1.18
150,149,347.97,265.17,2,22.64,10.52
150,149,347.97,265.17,3,37.04,18.68
150,149,347.97,265.17,4,1.83,36.49
150,150,270.56,136.30,0,5.31,13.68
150,150,270.56,136.30,1,37.83,1.18
150,150,270.56,136.30,2,22.64,10.52
150,150,270.56,136.30,3,37.04,18.68
150,150,270.56,136.30,4,1.83,36.49
150,151,203.13,88.74,0,5.31,13.68
150,151,203.13,88.74,1,37.83,1.18
150,151,203.13,88.74,2,22.64,10.52
150,151,203.13,88.74,3,37.04,18.68
150,151,203.13,88.74,4,1.83,36.49
150,152,32.68,82.81,0,5.31,13.68
150,152,32.68,82.81,1,37.83,1.18
150,152,32.68,82.81,2,22.64,10.52
150,152,32.68,82.81,3,37.04,18.68
150,152,32.68,82.81,4,1.83,36.49
150,153,39.37,120.10,0,5.31,13.68
150,153,39.37,120.10,1,37.83,1.18
150,153,39.37,120.10,2,22.64,10.52
150,153,39.37,120.10,3,37.04,18.68
150,153,39.37,120.10,4,1.83,36.49
150,154,369.50,199.00,0,5.31,13.68
150,154,369.50,199.00,1,37.83,1.18
150,154,369.50,199.00,2,22.64,10.52
150,154,369.50,199.00,3,37.04,18.68
150,154,369.50,199.00,4,1.83,36.49
150,155,201.06,148.67,0,5.31,13.68
150,155,201.06,148.67,1,37.83,1.18
150,155,201.06,148.67,2,22.64,10.52
150,155,201.06,148.67,3,37.04,18.68
150,155,201.06,148.67,4,1.83,36.49
150,156,347.52,323.79,0,5.31,13.68
150,156,347.52,323.79,1,37.83,1.18
150,156,347.52,323.79,2,22.64,10.52
150,156,347.52,323.79,3,37.04,18.68
150,156,347.52,323.79,4,1.83,36.49
150,157,192.70,83.28,0,5.31,13.68
150,157,192.70,83.28,1,37.83,1.18
150,157,192.70,83.28,2,22.64,10.52
150,157,192.70,83.28,3,37.04,18.68
150,157,192.70,83.28,4,1.83,36.49
150,158,208.31,91.27,0,5.31,13.68
150,158,208.31,91.27,1,37.83,1.18
150,158,208.31,91.27,2,22.64,10.52
150,158,208.31,91.27,3,37.04,18.68
150,158,208.31,91.27,4,1.83,36.49
150,159,370.08,315.55,0,5.31,13.68
150,159,370.08,315.55,1,37.83,1.18
150,159,370.08,315.55,2,22.64,10.52
150,159,370.08,315.55,3,37.04,18.68
150,159,370.08,315.55,4,1.83,36.49
150,160,318.60,395.50,0,5.31,13.68
150,160,318.60,395.50,1,37.83,1.18
150,160,318.60,395.50,2,22.64,10.52
150,160,318.60,395.50,3,37.04,18.68
150,160,318.60,395.50,4,1.83,36.49
150,161,177.88,158.94,0,5.31,13.68
150,161,177.88,158.94,1,37.83,1.18
150,161,177.88,158.94,2,22.64,10.52
150,161,177.88,158.94,3,37.04,18.68
150,161,177.88,158.94,4,1.83,36.49
150,162,298.72,348.74,0,5.31,13.68
150,162,298.72,348.74,1,37.83,1.18
150,162,298.72,348.74,2,22.64,10.52
150,162,298.72,348.74,3,37.04,18.68
150,162,298.72,348.74,4,1.83,36.49
150,163,168.05,156.63,0,5.31,13.68
150,163,168.05,156.63,1,37.83,1.18
150,163,168.05,156.63,2,22.64,10.52
150,163,168.05,156.63,3,37.04,18.68
150,163,168.05,156.63,4,1.83,36.49
150,164,42.74,18.66,0,5.31,13.68
150,164,42.74,18.66,1,37.83,1.18
150,164,42.74,18.66,2,22.64,10.52
150,164,42.74,18.66,3,37.04,18.68
150,164,42.74,18.66,4,1.83,36.49
150,165,93.95,58.27,0,5.31,13.68
150,165,93.95,58.27,1,37.83,1.18
150,165,93.95,58.27,2,22.64,10.52
150,165,93.95,58.27,3,37.04,18.68
150,165,93.95,58.27,4,1.83,36.49
150,166,266.56,385.67,0,5.31,13.68
150,166,266.56,385.67,1,37.83,1.18
150,166,266.56,385.67,2,22.64,10.52
150,166,266.56,385.67,3,37.04,18.68
150,166,266.56,385.67,4,1.83,36.49
150,167,390.39,333.77,0,5.31,13.68
150,167,390.39,333.77,1,37.83,1.18
150,167,390.39,333.77,2,22.64,10.52
150,167,390.39,333.77,3,37.04,18.68
150,167,390.39,333.77,4,1.83,36.49
150,168,205.79,269.38,0,5.31,13.68
150,168,205.79,269.38,1,37.83,1.18
150,168,205.79,269.38,2,22.64,10.52
150,168,205.79,269.38,3,37.04,18.68
150,168,205.79,269.38,4,1.83,36.49
150,169,199.62,56.25,0,5.31,13.68
150,169,199.62,56.25,1,37.83,1.18
150,169,199.62,56.25,2,22.64,10.52
150,169,199.62,56.25,3,37.04,18.68
150,169,199.62,56.25,4,1.83,36.49
150,170,293.02,261.92,0,5.31,13.68
150,170,293.02,261.92,1,37.83,1.18
150,170,293.02,261.92,2,22.64,10.52
150,170,293.02,261.92,3,37.04,18.68
150,170,293.02,261.92,4,1.83,36.49
150,171,47.85,125.49,0,5.31,13.68
150,171,47.85,125.49,1,37.83,1.18
150,171,47.85,125.49,2,22.64,10.52
150,171,47.85,125.49,3,37.04,18.68
150,171,47.85,125.49,4,1.83,36.49
150,172,349.96,203.95,0,5.31,13.68
150,172,349.96,203.95,1,37.83,1.18
150,172,349.96,203.95,2,22.64,10.52
150,172,349.96,203.95,3,37.04,18.68
150,172,349.96,203.95,4,1.83,36.49
150,173,380.44,152.29,0,5.31,13.68
150,173,380.44,152.29,1,37.83,1.18
150,173,380.44,152.29,2,22.64,10.52
150,173,380.44,152.29,3,37.04,18.68
150,173,380.44,152.29,4,1.83,36.49
150,174,174.64,227.90,0,5.31,13.68
150,174,174.64,227.90,1,37.83,1.18
150,174,174.64,227.90,2,22.64,10.52
150,174,174.64,227.90,3,37.04,18.68
150,174,174.64,227.90,4,1.83,36.49
150,176,41.02,207.60,0,5.31,13.68
150,176,41.02,207.60,1,37.83,1.18
150,176,41.02,207.60,2,22.64,10.52
150,176,41.02,207.60,3,37.04,18.68
150,176,41.02,207.60,4,1.83,36.49
150,177,206.04,279.12,0,5.31,13.68
150,177,206.04,279.12,1,37.83,1.18
150,177,206.04,279.12,2,22.64,10.52
150,177,206.04,279.12,3,37.04,18.68
150,177,206.04,279.12,4,1.83,36.49
150,178,200.70,93.35,0,5.31,13.68
150,178,200.70,93.35,1,37.83,1.18
150,178,200.70,93.35,2,22.64,10.52
150,178,200.70,93.35,3,37.04,18.68
150,178,200.70,93.35,4,1.83,36.49
150,179,49.41,319.43,0,5.31,13.68
150,179,49.41,319.43,1,37.83,1.18
150,179,49.41,319.43,2,22.64,10.52
150,179,49.41,319.43,3,37.04,18.68
150,179,49.41,319.43,4,1.83,36.49
150,180,183.85,166.57,0,5.31,13.68
150,180,183.85,166.57,1,37.83,1.18
150,180,183.85,166.57,2,22.64,10.52
150,180,183.85,166.57,3,37.04,18.68
150,180,183.85,166.57,4,1.83,36.49
150,181,9.05,137.80,0,5.31,13.68
150,181,9.05,137.80,1,37.83,1.18
150,181,9.05,137.80,2,22.64,10.52
150,181,9.05,137.80,3,37.04,18.68
150,181,9.05,137.80,4,1.83,36.49
150,182,19.44,372.22,0,5.31,13.68
150,182,19.44,372.22,1,37.83,1.18
150,182,19.44,372.22,2,22.64,10.52
150,182,19.44,372.22,3,37.04,18.68
150,182,19.44,372.22,4,1.83,36.49
150,183,65.11,130.33,0,5.31,13.68
150,183,65.11,130.33,1,37.83,1.18
150,183,65.11,130.33,2,22.64,10.52
150,183,65.11,130.33,3,37.04,18.68
150,183,65.11,130.33,4,1.83,36.49
150,184,30.04,105.77,0,5.31,13.68
150,184,30.04,105.77,1,37.83,1.18
150,184,30.04,105.77,2,22.64,10.52
150,184,30.04,105.77,3,37.04,18.68
150,184,30.04,105.77,4,1.83,36.49
150,185,86.64,292.87,0,5.31,13.68
150,185,86.64,292.87,1,37.83,1.18
150,185,86.64,292.87,2,22.64,10.52
150,185,86.64,292.87,3,37.04,18.68
150,185,86.64,292.87,4,1.83,36.49
150,186,202.30,105.48,0,5.31,13.68
150,186,202.30,105.48,1,37.83,1.18
150,186,202.30,105.48,2,22.64,10.52
150,186,202.30,105.48,3,37.04,18.68
150,186,202.30,105.48,4,1.83,36.49
150,187,150.95,315.32,0,5.31,13.68
150,187,150.95,315.32,1,37.83,1.18
150,187,150.95,315.32,2,22.64,10.52
150,187,150.95,315.32,3,37.04,18.68
150,187,150.95,315.32,4,1.83,36.49
150,188,248.32,139.30,0,5.31,13.68
150,188,248.32,139.30,1,37.83,1.18
150,188,248.32,139.30,2,22.64,10.52
150,188,248.32,139.30,3,37.04,18.68
150,188,248.32,139.30,4,1.83,36.49
150,189,43.24,269.09,0,5.31,13.68
150,189,43.24,269.09,1,37.83,1.18
150,189,43.24,269.09,2,22.64,10.52
150,189,43.24,269.09,3,37.04,18.68
150,189,43.24,269.09,4,1.83,36.49
150,190,45.43,43.23,0,5.31,13.68
150,190,45.43,43.23,1,37.83,1.18
150,190,45.43,43.23,2,22.64,10.52
150,190,45.43,43.23,3,37.04,18.68
150,190,45.43,43.23,4,1.83,36.49
150,191,63.37,346.01,0,5.31,13.68
150,191,63.37,346.01,1,37.83,1.18
150,191,63.37,346.01,2,22.64,10.52
150,191,63.37,346.01,3,37.04,18.68
150,191,63.37,346.01,4,1.83,36.49
150,192,229.18,81.74,0,5.31,13.68
150,192,229.18,81.74,1,37.83,1.18
150,192,229.18,81.74,2,22.64,10.52
150,192,229.18,81.74,3,37.04,18.68
150,192,229.18,81.74,4,1.83,36.49
150,193,338.64,87.79,0,5.31,13.68
150,193,338.64,87.79,1,37.83,1.18
150,193,338.64,87.79,2,22.64,10.52
150,193,338.64,87.79,3,37.04,18.68
150,193,338.64,87.79,4,1.83,36.49
150,194,20.73,139.70,0,5.31,13.68
150,194,20.73,139.70,1,37.83,1.18
150,194,20.73,139.70,2,22.64,10.52
150,194,20.73,139.70,3,37.04,18.68
150,194,20.73,139.70,4,1.83,36.49
150,195,116.97,346.41,0,5.31,13.68
150,195,116.97,346.41,1,37.83,1.18
150,195,116.97,346.41,2,22.64,10.52
150,195,116.97,346.41,3,37.04,18.68
150,195,116.97,346.41,4,1.83,36.49
150,196,38.61,105.36,0,5.31,13.68
150,196,38.61,105.36,1,37.83,1.18
150,196,38.61,105.36,2,22.64,10.52
150,196,38.61,105.36,3,37.04,18.68
150,196,38.61,105.36,4,1.83,36.49
150,197,373.31,211.59,0,5.31,13.68
150,197,373.31,211.59,1,37.83,1.18
150,197,373.31,211.59,2,22.64,10.52
150,197,373.31,211.59,3,37.04,18.68
150,197,373.31,211.59,4,1.83,36.49
150,198,327.99,159.46,0,5.31,13.68
150,198,327.99,159.46,1,37.83,1.18
150,198,327.99,159.46,2,22.64,10.52
150,198,327.99,159.46,3,37.04,18.68
150,198,327.99,159.46,4,1.83,36.49
150,199,18.45,169.99,0,5.31,13.68
150,199,18.45,169.99,1,37.83,1.18
150,199,18.45,169.99,2,22.64,10.52
150,199,18.45,169.99,3,37.04,18.68
150,199,18.45,169.99,4,1.83,36.49
150,200,6.17,67.32,0,5.31,13.68
150,200,6.17,67.32,1,37.83,1.18
150,200,6.17,67.32,2,22.64,10.52
150,200,6.17,67.32,3,37.04,18.68
150,200,6.17,67.32,4,1.83,36.49
150,201,370.29,137.27,0,5.31,13.68
150,201,370.29,137.27,1,37.83,1.18
150,201,370.29,137.27,2,22.64,10.52
150,201,370.29,137.27,3,37.04,18.68
150,201,370.29,137.27,4,1.83,36.49
150,203,343.14,225.10,0,5.31,13.68
150,203,343.14,225.10,1,37.83,1.18
150,203,343.14,225.10,2,22.64,10.52
150,203,343.14,225.10,3,37.04,18.68
150,203,343.14,225.10,4,1.83,36.49
150,204,37.79,322.50,0,5.31,13.68
150,204,37.79,322.50,1,37.83,1.18
150,204,37.79,322.50,2,22.64,10.52
150,204,37.79,322.50,3,37.04,18.68
150,204,37.79,322.50,4,1.83,36.49
150,205,57.45,125.73,0,5.31,13.68
150,205,57.45,125.73,1,37.83,1.18
150,205,57.45,125.73,2,22.64,10.52
150,205,57.45,125.73,3,37.04,18.68
150,205,57.45,125.73,4,1.83,36.49
150,206,215.99,115.41,0,5.31,13.68
150,206,215.99,115.41,1,37.83,1.18
150,206,215.99,115.41,2,22.64,10.52
150,206,215.99,115.41,3,37.04,18.68
150,206,215.99,115.41,4,1.83,36.49
150,207,17.76,275.90,0,5.31,13.68
150,207,17.76,275.90,1,37.83,1.18
150,207,17.76,275.90,2,22.64,10.52
150,207,17.76,275.90,3,37.04,18.68
150,207,17.76,275.90,4,1.83,36.49
150,208,57.45,367.18,0,5.31,13.68
150,208,57.45,367.18,1,37.83,1.18
150,208,57.45,367.18,2,22.64,10.52
150,208,57.45,367.18,3,37.04,18.68
150,208,57.45,367.18,4,1.83,36.49
150,209,364.29,179.53,0,5.31,13.68
150,209,364.29,179.53,1,37.83,1.18
150,209,364.29,179.53,2,22.64,10.52
150,209,364.29,179.53,3,37.04,18.68
150,209,364.29,179.53,4,1.83,36.49
150,210,247.62,103.58,0,5.31,13.68
150,210,247.62,103.58,1,37.83,1.18
150,210,247.62,103.58,2,22.64,10.52
150,210,247.62,103.58,3,37.04,18.68
150,210,247.62,103.58,4,1.83,36.49
150,211,152.34,383.83,0,5.31,13.68
150,211,152.34,383.83,1,37.83,1.18
150,211,152.34,383.83,2,22.64,10.52
150,211,152.34,383.83,3,37.04,18.68
150,211,152.34,383.83,4,1.83,36.49
150,212,379.77,282.28,0,5.31,13.68
150,212,379.77,282.28,1,37.83,1.18
150,212,379.77,282.28,2,22.64,10.52
150,212,379.77,282.28,3,37.04,18.68
150,212,379.77,282.28,4,1.83,36.49
150,213,376.77,290.41,0,5.31,13.68
150,213,376.77,290.41,1,37.83,1.18
150,213,376.77,290.41,2,22.64,10.52
150,213,376.77,290.41,3,37.04,18.68
150,213,376.77,290.41,4,1.83,36.49
150,214,228.44,90.50,0,5.31,13.68
150,214,228.44,90.50,1,37.83,1.18
150,214,228.44,90.50,2,22.64,10.52
150,214,228.44,90.50,3,37.04,18.68
150,214,228.44,90.50,4,1.83,36.49
150,215,270.42,377.93,0,5.31,13.68
150,215,270.42,377.93,1,37.83,1.18
150,215,270.42,377.93,2,22.64,10.52
150,215,270.42,377.93,3,37.04,18.68
150,215,270.42,377.93,4,1.83,36.49
150,216,255.59,384.45,0,5.31,13.68
150,216,255.59,384.45,1,37.83,1.18
150,216,255.59,384.45,2,22.64,10.52
150,216,255.59,384.45,3,37.04,18.68
150,216,255.59,384.45,4,1.83,36.49
150,217,371.68,15.40,0,5.31,13.68
150,217,371.68,15.40,1,37.83,1.18
150,217,371.68,15.40,2,22.64,10.52
150,217,371.68,15.40,3,37.04,18.68
150,217,371.68,15.40,4,1.83,36.49
150,218,288.39,388.69,0,5.31,13.68
150,218,288.39,388.69,1,37.83,1.18
150,218,288.39,388.69,2,22.64,10.52
150,218,288.39,388.69,3,37.04,18.68
150,218,288.39,388.69,4,1.83,36.49
150,219,13.64,90.36,0,5.31,13.68
150,219,13.64,90.36,1,37.83,1.18
150,219,13.64,90.36,2,22.64,10.52
150,219,13.64,90.36,3,37.04,18.68
150,219,13.64,90.36,4,1.83,36.49
150,220,365.79,20.77,0,5.31,13.68
150,220,365.79,20.77,1,37.83,1.18
150,220,365.79,20.77,2,22.64,10.52
150,220,365.79,20.77,3,37.04,18.68
150,220,365.79,20.77,4,1.83,36.49
150,221,321.31,241.83,0,5.31,13.68
150,221,321.31,241.83,1,37.83,1.18
150,221,321.31,241.83,2,22.64,10.52
150,221,321.31,241.83,3,37.04,18.68
150,221,321.31,241.83,4,1.83,36.49
150,222,25.43,360.05,0,5.31,13.68
150,222,25.43,360.05,1,37.83,1.18
150,222,25.43,360.05,2,22.64,10.52
150,222,25.43,360.05,3,37.04,18.68
150,222,25.43,360.05,4,1.83,36.49
150,223,326.11,184.32,0,5.31,13.68
150,223,326.11,184.32,1,37.83,1.18
150,223,326.11,184.32,2,22.64,10.52
150,223,326.11,184.32,3,37.04,18.68
150,223,326.11,184.32,4,1.83,36.49
150,224,375.25,27.85,0,5.31,13.68
150,224,375.25,27.85,1,37.83,1.18
150,224,375.25,27.85,2,22.64,10.52
150,224,375.25,27.85,3,37.04,18.68
150,224,375.25,27.85,4,1.83,36.49
150,225,365.57,214.97,0,5.31,13.68
150,225,365.57,214.97,1,37.83,1.18
150,225,365.57,214.97,2,22.64,10.52
150,225,365.57,214.97,3,37.04,18.68
150,225,365.57,214.97,4,1.83,36.49
150,226,284.77,179.58,0,5.31,13.68
150,226,284.77,179.58,1,37.83,1.18
150,226,284.77,179.58,2,22.64,10.52
150,226,284.77,179.58,3,37.04,18.68
150,226,284.77,179.58,4,1.83,36.49
150,227,110.91,330.21,0,5.31,13.68
150,227,110.91,330.21,1,37.83,1.18
150,227,110.91,330.21,2,22.64,10.52
150,227,110.91,330.21,3,37.04,18.68
150,227,110.91,330.21,4,1.83,36.49
150,228,239.13,51.83,0,5.31,13.68
150,228,239.13,51.83,1,37.83,1.18
150,228,239.13,51.83,2,22.64,10.52
150,228,239.13,51.83,3,37.04,18.68
150,228,239.13,51.83,4,1.83,36.49
150,229,154.44,122.19,0,5.31,13.68
150,229,154.44,122.19,1,37.83,1.18
150,229,154.44,122.19,2,22.64,10.52
150,229,154.44,122.19,3,37.04,18.68
150,229,154.44,122.19,4,1.83,36.49
150,230,164.70,28.35,0,5.31,13.68
150,230,164.70,28.35,1,37.83,1.18
150,230,164.70,28.35,2,22.64,10.52
150,230,164.70,28.35,3,37.04,18.68
150,230,164.70,28.35,4,1.83,36.49
150,231,284.11,344.18,0,5.31,13.68
150,231,284.11,344.18,1,37.83,1.18
150,231,284.11,344.18,2,22.64,10.52
150,231,284.11,344.18,3,37.04,18.68
150,231,284.11,344.18,4,1.83,36.49
150,232,330.68,39.29,0,5.31,13.68
150,232,330.68,39.29,1,37.83,1.18
150,232,330.68,39.29,2,22.64,10.52
150,232,330.68,39.29,3,37.04,18.68
150,232,330.68,39.29,4,1.83,36.49
150,233,365.65,261.28,0,5.31,13.68
150,233,365.65,261.28,1,37.83,1.18
150,233,365.65,261.28,2,22.64,10.52
150,233,365.65,261.28,3,37.04,18.68
150,233,365.65,261.28,4,1.83,36.49
150,236,226.20,103.44,0,5.31,13.68
150,236,226.20,103.44,1,37.83,1.18
150,236,226.20,103.44,2,22.64,10.52
150,236,226.20,103.44,3,37.04,18.68
150,236,226.20,103.44,4,1.83,36.49
150,237,172.16,166.15,0,5.31,13.68
150,237,172.16,166.15,1,37.83,1.18
150,237,172.16,166.15,2,22.64,10.52
150,237,172.16,166.15,3,37.04,18.68
150,237,172.16,166.15,4,1.83,36.49
150,238,28.35,285.89,0,5.31,13.68
150,238,28.35,285.89,1,37.83,1.18
150,238,28.35,285.89,2,22.64,10.52
150,238,28.35,285.89,3,37.04,18.68
150,238,28.35,285.89,4,1.83,36.49
150,239,185.18,126.77,0,5.31,13.68
150,239,185.18,126.77,1,37.83,1.18
150,239,185.18,126.77,2,22.64,10.52
150,239,185.18,126.77,3,37.04,18.68
150,239,185.18,126.77,4,1.83,36.49
150,240,153.66,224.93,0,5.31,13.68
150,240,153.66,224.93,1,37.83,1.18
150,240,153.66,224.93,2,22.64,10.52
150,240,153.66,224.93,3,37.04,18.68
150,240,153.66,224.93,4,1.83,36.49
150,241,376.83,201.55,0,5.31,13.68
150,241,376.83,201.55,1,37.83,1.18
150,241,376.83,201.55,2,22.64,10.52
150,241,376.83,201.55,3,37.04,18.68
150,241,376.83,201.55,4,1.83,36.49
150,242,205.64,228.09,0,5.31,13.68
150,242,205.64,228.09,1,37.83,1.18
150,242,205.64,228.09,2,22.64,10.52
150,242,205.64,228.09,3,37.04,18.68
150,242,205.64,228.09,4,1.83,36.49
150,243,36.53,267.58,0,5.31,13.68
150,243,36.53,267.58,1,37.83,1.18
150,243,36.53,267.58,2,22.64,10.52
150,243,36.53,267.58,3,37.04,18.68
150,243,36.53,267.58,4,1.83,36.49
150,244,197.48,327.89,0,5.31,13.68
150,244,197.48,327.89,1,37.83,1.18
150,244,197.48,327.89,2,22.64,10.52
150,244,197.48,327.89,3,37.04,18.68
150,244,197.48,327.89,4,1.83,36.49
150,245,194.98,165.81,0,5.31,13.68
150,245,194.98,165.81,1,37.83,1.18
150,245,194.98,165.81,2,22.64,10.52
150,245,194.98,165.81,3,37.04,18.68
150,245,194.98,165.81,4,1.83,36.49
150,246,325.00,245.80,0,5.31,13.68
150,246,325.00,245.80,1,37.83,1.18
150,246,325.00,245.80,2,22.64,10.52
150,246,325.00,245.80,3,37.04,18.68
150,246,325.00,245.80,4,1.83,36.49
150,247,75.52,96.97,0,5.31,13.68
150,247,75.52,96.97,1,37.83,1.18
150,247,75.52,96.97,2,22.64,10.52
150,247,75.52,96.97,3,37.04,18.68
150,247,75.52,96.97,4,1.83,36.49
150,248,391.63,326.28,0,5.31,13.68
150,248,391.63,326.28,1,37.83,1.18
150,248,391.63,326.28,2,22.64,10.52
150,248,391.63,326.28,3,37.04,18.68
150,248,391.63,326.28,4,1.83,36.49
150,249,351.63,391.80,0,5.31,13.68
150,249,351.63,391.80,1,37.83,1.18
150,249,351.63,391.80,2,22.64,10.52
150,249,351.63,391.80,3,37.04,18.68
150,249,351.63,391.80,4,1.83,36.49
150,250,217.50,301.35,0,5.31,13.68
150,250,217.50,301.35,1,37.83,1.18
150,250,217.50,301.35,2,22.64,10.52
150,250,217.50,301.35,3,37.04,18.68
150,250,217.50,301.35,4,1.83,36.49
150,251,95.35,298.26,0,5.31,13.68
150,251,95.35,298.26,1,37.83,1.18
150,251,95.35,298.26,2,22.64,10.52
150,251,95.35,298.26,3,37.04,18.68
150,251,95.35,298.26,4,1.83,36.49
150,252,5.57,76.13,0,5.31,13.68
150,252,5.57,76.13,1,37.83,1.18
150,252,5.57,76.13,2,22.64,10.52
150,252,5.57,76.13,3,37.04,18.68
150,252,5.57,76.13,4,1.83,36.49
150,253,320.04,188.69,0,5.31,13.68
150,253,320.04,188.69,1,37.83,1.18
150,253,320.04,188.69,2,22.64,10.52
150,253,320.04,188.69,3,37.04,18.68
150,253,320.04,188.69,4,1.83,36.49
150,254,351.54,131.14,0,5.31,13.68
150,254,351.54,131.14,1,37.83,1.18
150,254,351.54,131.14,2,22.64,10.52
150,254,351.54,131.14,3,37.04,18.68
150,254,351.54,131.14,4,1.83,36.49
150,255,26.25,302.00,0,5.31,13.68
150,255,26.25,302.00,1,37.83,1.18
150,255,26.25,302.00,2,22.64,10.52
150,255,26.25,302.00,3,37.04,18.68
150,255,26.25,302.00,4,1.83,36.49
150,256,55.80,88.39,0,5.31,13.68
150,256,55.80,88.39,1,37.83,1.18
150,256,55.80,88.39,2,22.64,10.52
150,256,55.80,88.39,3,37.04,18.68
150,256,55.80,88.39,4,1.83,36.49
150,257,350.30,174.25,0,5.31,13.68
150,257,350.30,174.25,1,37.83,1.18
150,257,350.30,174.25,2,22.64,10.52
150,257,350.30,174.25,3,37.04,18.68
150,257,350.30,174.25,4,1.83,36.49
150,258,362.11,51.23,0,5.31,13.68
150,258,362.11,51.23,1,37.83,1.18
150,258,362.11,51.23,2,22.64,10.52
150,258,362.11,51.23,3,37.04,18.68
150,258,362.11,51.23,4,1.83,36.49
150,259,68.19,89.82,0,5.31,13.68
150,259,68.19,89.82,1,37.83,1.18
150,259,68.19,89.82,2,22.64,10.52
150,259,68.19,89.82,3,37.04,18.68
150,259,68.19,89.82,4,1.83,36.49
150,260,299.38,377.48,0,5.31,13.68
150,260,299.38,377.48,1,37.83,1.18
150,260,299.38,377.48,2,22.64,10.52
150,260,299.38,377.48,3,37.04,18.68
150,260,299.38,377.48,4,1.83,36.49
150,261,71.04,376.05,0,5.31,13.68
150,261,71.04,376.05,1,37.83,1.18
150,261,71.04,376.05,2,22.64,10.52
150,261,71.04,376.05,3,37.04,18.68
150,261,71.04,376.05,4,1.83,36.49
150,262,155.25,89.91,0,5.31,13.68
150,262,155.25,89.91,1,37.83,1.18
150,262,155.25,89.91,2,22.64,10.52
150,262,155.25,89.91,3,37.04,18.68
150,262,155.25,89.91,4,1.83,36.49
150,263,157.41,66.18,0,5.31,13.68
150,263,157.41,66.18,1,37.83,1.18
150,263,157.41,66.18,2,22.64,10.52
150,263,157.41,66.18,3,37.04,18.68
150,263,157.41,66.18,4,1.83,36.49
150,264,27.20,139.98,0,5.31,13.68
150,264,27.20,139.98,1,37.83,1.18
150,264,27.20,139.98,2,22.64,10.52
150,264,27.20,139.98,3,37.04,18.68
150,264,27.20,139.98,4,1.83,36.49
150,265,231.90,305.57,0,5.31,13.68
150,265,231.90,305.57,1,37.83,1.18
150,265,231.90,305.57,2,22.64,10.52
150,265,231.90,305.57,3,37.04,18.68
150,265,231.90,305.57,4,1.83,36.49
150,266,128.11,295.23,0,5.31,13.68
150,266,128.11,295.23,1,37.83,1.18
150,266,128.11,295.23,2,22.64,10.52
150,266,128.11,295.23,3,37.04,18.68
150,266,128.11,295.23,4,1.83,36.49
150,267,166.53,52.42,0,5.31,13.68
150,267,166.53,52.42,1,37.83,1.18
150,267,166.53,52.42,2,22.64,10.52
150,267,166.53,52.42,3,37.04,18.68
150,267,166.53,52.42,4,1.83,36.49
150,268,186.07,102.20,0,5.31,13.68
150,268,186.07,102.20,1,37.83,1.18
150,268,186.07,102.20,2,22.64,10.52
150,268,186.07,102.20,3,37.04,18.68
150,268,186.07,102.20,4,1.83,36.49
150,269,6.21,144.71,0,5.31,13.68
150,269,6.21,144.71,1,37.83,1.18
150,269,6.21,144.71,2,22.64,10.52
150,269,6.21,144.71,3,37.04,18.68
150,269,6.21,144.71,4,1.83,36.49
150,270,65.60,289.50,0,5.31,13.68
150,270,65.60,289.50,1,37.83,1.18
150,270,65.60,289.50,2,22.64,10.52
150,270,65.60,289.50,3,37.04,18.68
150,270,65.60,289.50,4,1.83,36.49
150,271,22.55,110.94,0,5.31,13.68
150,271,22.55,110.94,1,37.83,1.18
150,271,22.55,110.94,2,22.64,10.52
150,271,22.55,110.94,3,37.04,18.68
150,271,22.55,110.94,4,1.83,36.49
150,272,55.35,302.26,0,5.31,13.68
150,272,55.35,302.26,1,37.83,1.18
150,272,55.35,302.26,2,22.64,10.52
150,272,55.35,302.26,3,37.04,18.68
150,272,55.35,302.26,4,1.83,36.49
150,273,25.76,258.01,0,5.31,13.68
150,273,25.76,258.01,1,37.83,1.18
150,273,25.76,258.01,2,22.64,10.52
150,273,25.76,258.01,3,37.04,18.68
150,273,25.76,258.01,4,1.83,36.49
150,274,100.92,2.50,0,5.31,13.68
150,274,100.92,2.50,1,37.83,1.18
150,274,100.92,2.50,2,22.64,10.52
150,274,100.92,2.50,3,37.04,18.68
150,274,100.92,2.50,4,1.83,36.49
150,275,303.60,221.20,0,5.31,13.68
150,275,303.60,221.20,1,37.83,1.18
150,275,303.60,221.20,2,22.64,10.52
150,275,303.60,221.20,3,37.04,18.68
150,275,303.60,221.20,4,1.83,36.49
150,276,297.22,239.28,0,5.31,13.68
150,276,297.22,239.28,1,37.83,1.18
150,276,297.22,239.28,2,22.64,10.52
150,276,297.22,239.28,3,37.04,18.68
150,276,297.22,239.28,4,1.83,36.49
150,277,275.51,193.09,0,5.31,13.68
150,277,275.51,193.09,1,37.83,1.18
150,277,275.51,193.09,2,22.64,10.52
150,277,275.51,193.09,3,37.04,18.68
150,277,275.51,193.09,4,1.83,36.49
150,278,82.51,392.17,0,5.31,13.68
150,278,82.51,392.17,1,37.83,1.18
150,278,82.51,392.17,2,22.64,10.52
150,278,82.51,392.17,3,37.04,18.68
150,278,82.51,392.17,4,1.83,36.49
150,279,242.92,387.44,0,5.31,13.68
150,279,242.92,387.44,1,37.83,1.18
150,279,242.92,387.44,2,22.64,10.52
150,279,242.92,387.44,3,37.04,18.68
150,279,242.92,387.44,4,1.83,36.49
150,281,206.51,48.28,0,5.31,13.68
150,281,206.51,48.28,1,37.83,1.18
150,281,206.51,48.28,2,22.64,10.52
150,281,206.51,48.28,3,37.04,18.68
150,281,206.51,48.28,4,1.83,36.49
150,282,332.14,177.27,0,5.31,13.68
150,282,332.14,177.27,1,37.83,1.18
150,282,332.14,177.27,2,22.64,10.52
150,282,332.14,177.27,3,37.04,18.68
150,282,332.14,177.27,4,1.83,36.49
150,283,317.76,161.38,0,5.31,13.68
150,283,317.76,161.38,1,37.83,1.18
150,283,317.76,161.38,2,22.64,10.52
150,283,317.76,161.38,3,37.04,18.68
150,283,317.76,161.38,4,1.83,36.49
150,284,203.29,97.38,0,5.31,13.68
150,284,203.29,97.38,1,37.83,1.18
150,284,203.29,97.38,2,22.64,10.52
150,284,203.29,97.38,3,37.04,18.68
150,284,203.29,97.38,4,1.83,36.49
150,285,231.26,345.38,0,5.31,13.68
150,285,231.26,345.38,1,37.83,1.18
150,285,231.26,345.38,2,22.64,10.52
150,285,231.26,345.38,3,37.04,18.68
150,285,231.26,345.38,4,1.83,36.49
150,286,255.80,325.39,0,5.31,13.68
150,286,255.80,325.39,1,37.83,1.18
150,286,255.80,325.39,2,22.64,10.52
150,286,255.80,325.39,3,37.04,18.68
150,286,255.80,325.39,4,1.83,36.49
150,287,368.58,181.58,0,5.31,13.68
150,287,368.58,181.58,1,37.83,1.18
150,287,368.58,181.58,2,22.64,10.52
150,287,368.58,181.58,3,37.04,18.68
150,287,368.58,181.58,4,1.83,36.49
150,288,120.74,3.24,0,5.31,13.68
150,288,120.74,3.24,1,37.83,1.18
150,288,120.74,3.24,2,22.64,10.52
150,288,120.74,3.24,3,37.04,18.68
150,288,120.74,3.24,4,1.83,36.49
150,289,64.53,322.12,0,5.31,13.68
150,289,64.53,322.12,1,37.83,1.18
150,289,64.53,322.12,2,22.64,10.52
150,289,64.53,322.12,3,37.04,18.68
150,289,64.53,322.12,4,1.83,36.49
150,290,295.64,267.99,0,5.31,13.68
150,290,295.64,267.99,1,37.83,1.18
150,290,295.64,267.99,2,22.64,10.52
150,290,295.64,267.99,3,37.04,18.68
150,290,295.64,267.99,4,1.83,36.49
150,291,64.57,32.76,0,5.31,13.68
150,291,64.57,32.76,1,37.83,1.18
150,291,64.57,32.76,2,22.64,10.52
150,291,64.57,32.76,3,37.04,18.68
150,291,64.57,32.76,4,1.83,36.49
150,292,273.77,291.84,0,5.31,13.68
150,292,273.77,291.84,1,37.83,1.18
150,292,273.77,291.84,2,22.64,10.52
150,292,273.77,291.84,3,37.04,18.68
150,292,273.77,291.84,4,1.83,36.49
150,293,201.78,121.50,0,5.31,13.68
150,293,201.78,121.50,1,37.83,1.18
150,293,201.78,121.50,2,22.64,10.52
150,293,201.78,121.50,3,37.04,18.68
150,293,201.78,121.50,4,1.83,36.49
150,294,101.43,354.54,0,5.31,13.68
150,294,101.43,354.54,1,37.83,1.18
150,294,101.43,354.54,2,22.64,10.52
150,294,101.43,354.54,3,37.04,18.68
150,294,101.43,354.54,4,1.83,36.49
150,295,364.88,189.49,0,5.31,13.68
150,295,364.88,189.49,1,37.83,1.18
150,295,364.88,189.49,2,22.64,10.52
150,295,364.88,189.49,3,37.04,18.68
150,295,364.88,189.49,4,1.83,36.49
150,296,337.95,32.56,0,5.31,13.68
150,296,337.95,32.56,1,37.83,1.18
150,296,337.95,32.56,2,22.64,10.52
150,296,337.95,32.56,3,37.04,18.68
150,296,337.95,32.56,4,1.83,36.49
150,297,368.40,121.94,0,5.31,13.68
150,297,368.40,121.94,1,37.83,1.18
150,297,368.40,121.94,2,22.64,10.52
150,297,368.40,121.94,3,37.04,18.68
150,297,368.40,121.94,4,1.83,36.49
150,298,344.70,39.15,0,5.31,13.68
150,298,344.70,39.15,1,37.83,1.18
150,298,344.70,39.15,2,22.64,10.52
150,298,344.70,39.15,3,37.04,18.68
150,298,344.70,39.15,4,1.83,36.49
150,299,35.22,124.30,0,5.31,13.68
150,299,35.22,124.30,1,37.83,1.18
150,299,35.22,124.30,2,22.64,10.52
150,299,35.22,124.30,3,37.04,18.68
150,299,35.22,124.30,4,1.83,36.49
150,300,205.98,346.13,0,5.31,13.68
150,300,205.98,346.13,1,37.83,1.18
150,300,205.98,346.13,2,22.64,10.52
150,300,205.98,346.13,3,37.04,18.68
150,300,205.98,346.13,4,1.83,36.49
160,1,220.35,104.41,0,5.31,13.68
160,1,220.35,104.41,1,37.71,0.62
160,1,220.35,104.41,2,23.35,10.68
160,1,220.35,104.41,3,37.04,18.68
160,1,220.35,104.41,4,3.14,36.23
160,2,39.65,87.02,0,5.31,13.68
160,2,39.65,87.02,1,37.71,0.62
160,2,39.65,87.02,2,23.35,10.68
160,2,39.65,87.02,3,37.04,18.68
160,2,39.65,87.02,4,3.14,36.23
160,3,182.98,261.79,0,5.31,13.68
160,3,182.98,261.79,1,37.71,0.62
160,3,182.98,261.79,2,23.35,10.68
160,3,182.98,261.79,3,37.04,18.68
160,3,182.98,261.79,4,3.14,36.23
160,4,233.01,100.33,0,5.31,13.68
160,4,233.01,100.33,1,37.71,0.62
160,4,233.01,100.33,2,23.35,10.68
160,4,233.01,100.33,3,37.04,18.68
160,4,233.01,100.33,4,3.14,36.23
160,5,19.03,332.38,0,5.31,13.68
160,5,19.03,332.38,1,37.71,0.62
160,5,19.03,332.38,2,23.35,10.68
160,5,19.03,332.38,3,37.04,18.68
160,5,19.03,332.38,4,3.14,36.23
160,6,78.01,291.45,0,5.31,13.68
160,6,78.01,291.45,1,37.71,0.62
160,6,78.01,291.45,2,23.35,10.68
160,6,78.01,291.45,3,37.04,18.68
160,6,78.01,291.45,4,3.14,36.23
160,7,70.78,109.17,0,5.31,13.68
160,7,70.78,109.17,1,37.71,0.62
160,7,70.78,109.17,2,23.35,10.68
160,7,70.78,109.17,3,37.04,18.68
160,7,70.78,109.17,4,3.14,36.23
160,8,141.24,379.55,0,5.31,13.68
160,8,141.24,379.55,1,37.71,0.62
160,8,141.24,379.55,2,23.35,10.68
160,8,141.24,379.55,3,37.04,18.68
160,8,141.24,379.55,4,3.14,36.23
160,9,268.69,202.44,0,5.31,13.68
160,9,268.69,202.44,1,37.71,0.62
160,9,268.69,202.44,2,23.35,10.68
160,9,268.69,202.44,3,37.04,18.68
160,9,268.69,202.44,4,3.14,36.23
160,10,376.19,178.65,0,5.31,13.68
160,10,376.19,178.65,1,37.71,0.62
160,10,376.19,178.65,2,23.35,10.68
160,10,376.19,178.65,3,37.04,18.68
160,10,376.19,178.65,4,3.14,36.23
160,11,166.96,116.61,0,5.31,13.68
160,11,166.96,116.61,1,37.71,0.62
160,11,166.96,116.61,2,23.35,10.68
160,11,166.96,116.61,3,37.04,18.68
160,11,166.96,116.61,4,3.14,36.23
160,12,216.88,91.88,0,5.31,13.68
160,12,216.88,91.88,1,37.71,0.62
160,12,216.88,91.88,2,23.35,10.68
160,12,216.88,91.88,3,37.04,18.68
160,12,216.88,91.88,4,3.14,36.23
160,13,152.78,83.93,0,5.31,13.68
160,13,152.78,83.93,1,37.71,0.62
160,13,152.78,83.93,2,23.35,10.68
160,13,152.78,83.93,3,37.04,18.68
160,13,152.78,83.93,4,3.14,36.23
160,14,11.76,370.09,0,5.31,13.68
160,14,11.76,370.09,1,37.71,0.62
160,14,11.76,370.09,2,23.35,10.68
160,14,11.76,370.09,3,37.04,18.68
160,14,11.76,370.09,4,3.14,36.23
160,15,6.02,338.16,0,5.31,13.68
160,15,6.02,338.16,1,37.71,0.62
160,15,6.02,338.16,2,23.35,10.68
160,15,6.02,338.16,3,37.04,18.68
160,15,6.02,338.16,4,3.14,36.23
160,16,332.10,279.53,0,5.31,13.68
160,16,332.10,279.53,1,37.71,0.62
160,16,332.10,279.53,2,23.35,10.68
160,16,332.10,279.53,3,37.04,18.68
160,16,332.10,279.53,4,3.14,36.23
160,17,377.76,185.18,0,5.31,13.68
160,17,377.76,185.18,1,37.71,0.62
160,17,377.76,185.18,2,23.35,10.68
160,17,377.76,185.18,3,37.04,18.68
160,17,377.76,185.18,4,3.14,36.23
160,18,189.73,351.43,0,5.31,13.68
160,18,189.73,351.43,1,37.71,0.62
160,18,189.73,351.43,2,23.35,10.68
160,18,189.73,351.43,3,37.04,18.68
160,18,189.73,351.43,4,3.14,36.23
160,19,63.01,335.19,0,5.31,13.68
160,19,63.01,335.19,1,37.71,0.62
160,19,63.01,335.19,2,23.35,10.68
160,19,63.01,335.19,3,37.04,18.68
160,19,63.01,335.19,4,3.14,36.23
160,20,208.23,379.26,0,5.31,13.68
160,20,208.23,379.26,1,37.71,0.62
160,20,208.23,379.26,2,23.35,10.68
160,20,208.23,379.26,3,37.04,18.68
160,20,208.23,379.26,4,3.14,36.23
160,21,378.38,138.95,0,5.31,13.68
160,21,378.38,138.95,1,37.71,0.62
160,21,378.38,138.95,2,23.35,10.68
160,21,378.38,138.95,3,37.04,18.68
160,21,378.38,138.95,4,3.14,36.23
160,22,280.57,365.43,0,5.31,13.68
160,22,280.57,365.43,1,37.71,0.62
160,22,280.57,365.43,2,23.35,10.68
160,22,280.57,365.43,3,37.04,18.68
160,22,280.57,365.43,4,3.14,36.23
160,23,353.63,253.39,0,5.31,13.68
160,23,353.63,253.39,1,37.71,0.62
160,23,353.63,253.39,2,23.35,10.68
160,23,353.63,253.39,3,37.04,18.68
160,23,353.63,253.39,4,3.14,36.23
160,24,151.61,65.04,0,5.31,13.68
160,24,151.61,65.04,1,37.71,0.62
160,24,151.61,65.04,2,23.35,10.68
160,24,151.61,65.04,3,37.04,18.68
160,24,151.61,65.04,4,3.14,36.23
160,25,62.79,360.26,0,5.31,13.68
160,25,62.79,360.26,1,37.71,0.62
160,25,62.79,360.26,2,23.35,10.68
160,25,62.79,360.26,3,37.04,18.68
160,25,62.79,360.26,4,3.14,36.23
160,26,298.52,23.70,0,5.31,13.68
160,26,298.52,23.70,1,37.71,0.62
160,26,298.52,23.70,2,23.35,10.68
160,26,298.52,23.70,3,37.04,18.68
160,26,298.52,23.70,4,3.14,36.23
160,27,221.90,94.28,0,5.31,13.68
160,27,221.90,94.28,1,37.71,0.62
160,27,221.90,94.28,2,23.35,10.68
160,27,221.90,94.28,3,37.04,18.68
160,27,221.90,94.28,4,3.14,36.23
160,28,388.59,355.60,0,5.31,13.68
160,28,388.59,355.60,1,37.71,0.62
160,28,388.59,355.60,2,23.35,10.68
160,28,388.59,355.60,3,37.04,18.68
160,28,388.59,355.60,4,3.14,36.23
160,29,148.77,256.06,0,5.31,13.68
160,29,148.77,256.06,1,37.71,0.62
160,29,148.77,256.06,2,23.35,10.68
160,29,148.77,256.06,3,37.04,18.68
160,29,148.77,256.06,4,3.14,36.23
160,31,198.61,48.33,0,5.31,13.68
160,31,198.61,48.33,1,37.71,0.62
160,31,198.61,48.33,2,23.35,10.68
160,31,198.61,48.33,3,37.04,18.68
160,31,198.61,48.33,4,3.14,36.23
160,32,229.53,76.17,0,5.31,13.68
160,32,229.53,76.17,1,37.71,0.62
160,32,229.53,76.17,2,23.35,10.68
160,32,229.53,76.17,3,37.04,18.68
160,32,229.53,76.17,4,3.14,36.23
160,33,34.93,286.12,0,5.31,13.68
160,33,34.93,286.12,1,37.71,0.62
160,33,34.93,286.12,2,23.35,10.68
160,33,34.93,286.12,3,37.04,18.68
160,33,34.93,286.12,4,3.14,36.23
160,34,197.78,104.60,0,5.31,13.68
160,34,197.78,104.60,1,37.71,0.62
160,34,197.78,104.60,2,23.35,10.68
160,34,197.78,104.60,3,37.04,18.68
160,34,197.78,104.60,4,3.14,36.23
160,35,331.91,206.04,0,5.31,13.68
160,35,331.91,206.04,1,37.71,0.62
160,35,331.91,206.04,2,23.35,10.68
160,35,331.91,206.04,3,37.04,18.68
160,35,331.91,206.04,4,3.14,36.23
160,36,91.10,325.74,0,5.31,13.68
160,36,91.10,325.74,1,37.71,0.62
160,36,91.10,325.74,2,23.35,10.68
160,36,91.10,325.74,3,37.04,18.68
160,36,91.10,325.74,4,3.14,36.23
160,37,313.49,272.92,0,5.31,13.68
160,37,313.49,272.92,1,37.71,0.62
160,37,313.49,272.92,2,23.35,10.68
160,37,313.49,272.92,3,37.04,18.68
160,37,313.49,272.92,4,3.14,36.23
160,38,126.89,234.24,0,5.31,13.68
160,38,126.89,234.24,1,37.71,0.62
160,38,126.89,234.24,2,23.35,10.68
160,38,126.89,234.24,3,37.04,18.68
160,38,126.89,234.24,4,3.14,36.23
160,39,101.46,197.39,0,5.31,13.68
160,39,101.46,197.39,1,37.71,0.62
160,39,101.46,197.39,2,23.35,10.68
160,39,101.46,197.39,3,37.04,18.68
160,39,101.46,197.39,4,3.14,36.23
160,40,257.23,101.77,0,5.31,13.68
160,40,257.23,101.77,1,37.71,0.62
160,40,257.23,101.77,2,23.35,10.68
160,40,257.23,101.77,3,37.04,18.68
160,40,257.23,101.77,4,3.14,36.23
160,41,259.37,305.84,0,5.31,13.68
160,41,259.37,305.84,1,37.71,0.62
160,41,259.37,305.84,2,23.35,10.68
160,41,259.37,305.84,3,37.04,18.68
160,41,259.37,305.84,4,3.14,36.23
160,42,356.36,227.97,0,5.31,13.68
160,42,356.36,227.97,1,37.71,0.62
160,42,356.36,227.97,2,23.35,10.68
160,42,356.36,227.97,3,37.04,18.68
160,42,356.36,227.97,4,3.14,36.23
160,43,211.88,82.92,0,5.31,13.68
160,43,211.88,82.92,1,37.71,0.62
160,43,211.88,82.92,2,23.35,10.68
160,43,211.88,82.92,3,37.04,18.68
160,43,211.88,82.92,4,3.14,36.23
160,44,360.27,199.83,0,5.31,13.68
160,44,360.27,199.83,1,37.71,0.62
160,44,360.27,199.83,2,23.35,10.68
160,44,360.27,199.83,3,37.04,18.68
160,44,360.27,199.83,4,3.14,36.23
160,46,64.25,371.76,0,5.31,13.68
160,46,64.25,371.76,1,37.71,0.62
160,46,64.25,371.76,2,23.35,10.68
160,46,64.25,371.76,3,37.04,18.68
160,46,64.25,371.76,4,3.14,36.23
160,47,44.53,316.76,0,5.31,13.68
160,47,44.53,316.76,1,37.71,0.62
160,47,44.53,316.76,2,23.35,10.68
160,47,44.53,316.76,3,37.04,18.68
160,47,44.53,316.76,4,3.14,36.23
160,48,351.77,194.89,0,5.31,13.68
160,48,351.77,194.89,1,37.71,0.62
160,48,351.77,194.89,2,23.35,10.68
160,48,351.77,194.89,3,37.04,18.68
160,48,351.77,194.89,4,3.14,36.23
160,49,204.75,124.95,0,5.31,13.68
160,49,204.75,124.95,1,37.71,0.62
160,49,204.75,124.95,2,23.35,10.68
160,49,204.75,124.95,3,37.04,18.68
160,49,204.75,124.95,4,3.14,36.23
160,50,308.94,311.27,0,5.31,13.68
160,50,308.94,311.27,1,37.71,0.62
160,50,308.94,311.27,2,23.35,10.68
160,50,308.94,311.27,3,37.04,18.68
160,50,308.94,311.27,4,3.14,36.23
160,51,18.67,365.39,0,5.31,13.68
160,51,18.67,365.39,1,37.71,0.62
160,51,18.67,365.39,2,23.35,10.68
160,51,18.67,365.39,3,37.04,18.68
160,51,18.67,365.39,4,3.14,36.23
160,52,212.24,107.86,0,5.31,13.68
160,52,212.24,107.86,1,37.71,0.62
160,52,212.24,107.86,2,23.35,10.68
160,52,212.24,107.86,3,37.04,18.68
160,52,212.24,107.86,4,3.14,36.23
160,53,283.40,234.70,0,5.31,13.68
160,53,283.40,234.70,1,37.71,0.62
160,53,283.40,234.70,2,23.35,10.68
160,53,283.40,234.70,3,37.04,18.68
160,53,283.40,234.70,4,3.14,36.23
160,54,354.74,20.13,0,5.31,13.68
160,54,354.74,20.13,1,37.71,0.62
160,54,354.74,20.13,2,23.35,10.68
160,54,354.74,20.13,3,37.04,18.68
160,54,354.74,20.13,4,3.14,36.23
160,55,277.29,245.41,0,5.31,13.68
160,55,277.29,245.41,1,37.71,0.62
160,55,277.29,245.41,2,23.35,10.68
160,55,277.29,245.41,3,37.04,18.68
160,55,277.29,245.41,4,3.14,36.23
160,56,325.35,175.89,0,5.31,13.68
160,56,325.35,175.89,1,37.71,0.62
160,56,325.35,175.89,2,23.35,10.68
160,56,325.35,175.89,3,37.04,18.68
160,56,325.35,175.89,4,3.14,36.23
160,57,86.69,174.32,0,5.31,13.68
160,57,86.69,174.32,1,37.71,0.62
160,57,86.69,174.32,2,23.35,10.68
160,57,86.69,174.32,3,37.04,18.68
160,57,86.69,174.32,4,3.14,36.23
160,58,356.18,188.64,0,5.31,13.68
160,58,356.18,188.64,1,37.71,0.62
160,58,356.18,188.64,2,23.35,10.68
160,58,356.18,188.64,3,37.04,18.68
160,58,356.18,188.64,4,3.14,36.23
160,59,52.80,136.26,0,5.31,13.68
160,59,52.80,136.26,1,37.71,0.62
160,59,52.80,136.26,2,23.35,10.68
160,59,52.80,136.26,3,37.04,18.68
160,59,52.80,136.26,4,3.14,36.23
160,60,183.09,272.44,0,5.31,13.68
160,60,183.09,272.44,1,37.71,0.62
160,60,183.09,272.44,2,23.35,10.68
160,60,183.09,272.44,3,37.04,18.68
160,60,183.09,272.44,4,3.14,36.23
160,61,39.48,136.39,0,5.31,13.68
160,61,39.48,136.39,1,37.71,0.62
160,61,39.48,136.39,2,23.35,10.68
160,61,39.48,136.39,3,37.04,18.68
160,61,39.48,136.39,4,3.14,36.23
160,62,30.57,372.42,0,5.31,13.68
160,62,30.57,372.42,1,37.71,0.62
160,62,30.57,372.42,2,23.35,10.68
160,62,30.57,372.42,3,37.04,18.68
160,62,30.57,372.42,4,3.14,36.23
160,63,101.26,170.30,0,5.31,13.68
160,63,101.26,170.30,1,37.71,0.62
160,63,101.26,170.30,2,23.35,10.68
160,63,101.26,170.30,3,37.04,18.68
160,63,101.26,170.30,4,3.14,36.23
160,64,351.69,25.58,0,5.31,13.68
160,64,351.69,25.58,1,37.71,0.62
160,64,351.69,25.58,2,23.35,10.68
160,64,351.69,25.58,3,37.04,18.68
160,64,351.69,25.58,4,3.14,36.23
160,65,343.30,260.31,0,5.31,13.68
160,65,343.30,260.31,1,37.71,0.62
160,65,343.30,260.31,2,23.35,10.68
160,65,343.30,260.31,3,37.04,18.68
160,65,343.30,260.31,4,3.14,36.23
160,66,90.53,379.83,0,5.31,13.68
160,66,90.53,379.83,1,37.71,0.62
160,66,90.53,379.83,2,23.35,10.68
160,66,90.53,379.83,3,37.04,18.68
160,66,90.53,379.83,4,3.14,36.23
160,67,37.10,212.98,0,5.31,13.68
160,67,37.10,212.98,1,37.71,0.62
160,67,37.10,212.98,2,23.35,10.68
160,67,37.10,212.98,3,37.04,18.68
160,67,37.10,212.98,4,3.14,36.23
160,68,235.04,323.47,0,5.31,13.68
160,68,235.04,323.47,1,37.71,0.62
160,68,235.04,323.47,2,23.35,10.68
160,68,235.04,323.47,3,37.04,18.68
160,68,235.04,323.47,4,3.14,36.23
160,69,373.39,352.46,0,5.31,13.68
160,69,373.39,352.46,1,37.71,0.62
160,69,373.39,352.46,2,23.35,10.68
160,69,373.39,352.46,3,37.04,18.68
160,69,373.39,352.46,4,3.14,36.23
160,70,214.83,97.34,0,5.31,13.68
160,70,214.83,97.34,1,37.71,0.62
160,70,214.83,97.34,2,23.35,10.68
160,70,214.83,97.34,3,37.04,18.68
160,70,214.83,97.34,4,3.14,36.23
160,71,32.41,370.24,0,5.31,13.68
160,71,32.41,370.24,1,37.71,0.62
160,71,32.41,370.24,2,23.35,10.68
160,71,32.41,370.24,3,37.04,18.68
160,71,32.41,370.24,4,3.14,36.23
160,72,16.35,377.04,0,5.31,13.68
160,72,16.35,377.04,1,37.71,0.62
160,72,16.35,377.04,2,23.35,10.68
160,72,16.35,377.04,3,37.04,18.68
160,72,16.35,377.04,4,3.14,36.23
160,73,367.86,161.40,0,5.31,13.68
160,73,367.86,161.40,1,37.71,0.62
160,73,367.86,161.40,2,23.35,10.68
160,73,367.86,161.40,3,37.04,18.68
160,73,367.86,161.40,4,3.14,36.23
160,74,221.36,84.73,0,5.31,13.68
160,74,221.36,84.73,1,37.71,0.62
160,74,221.36,84.73,2,23.35,10.68
160,74,221.36,84.73,3,37.04,18.68
160,74,221.36,84.73,4,3.14,36.23
160,75,196.80,94.21,0,5.31,13.68
160,75,196.80,94.21,1,37.71,0.62
160,75,196.80,94.21,2,23.35,10.68
160,75,196.80,94.21,3,37.04,18.68
160,75,196.80,94.21,4,3.14,36.23
160,76,358.24,117.27,0,5.31,13.68
160,76,358.24,117.27,1,37.71,0.62
160,76,358.24,117.27,2,23.35,10.68
160,76,358.24,117.27,3,37.04,18.68
160,76,358.24,117.27,4,3.14,36.23
160,77,81.21,156.05,0,5.31,13.68
160,77,81.21,156.05,1,37.71,0.62
160,77,81.21,156.05,2,23.35,10.68
160,77,81.21,156.05,3,37.04,18.68
160,77,81.21,156.05,4,3.14,36.23
160,78,205.34,387.38,0,5.31,13.68
160,78,205.34,387.38,1,37.71,0.62
160,78,205.34,387.38,2,23.35,10.68
160,78,205.34,387.38,3,37.04,18.68
160,78,205.34,387.38,4,3.14,36.23
160,79,362.60,202.45,0,5.31,13.68
160,79,362.60,202.45,1,37.71,0.62
160,79,362.60,202.45,2,23.35,10.68
160,79,362.60,202.45,3,37.04,18.68
160,79,362.60,202.45,4,3.14,36.23
160,81,263.89,352.77,0,5.31,13.68
160,81,263.89,352.77,1,37.71,0.62
160,81,263.89,352.77,2,23.35,10.68
160,81,263.89,352.77,3,37.04,18.68
160,81,263.89,352.77,4,3.14,36.23
160,82,322.93,122.19,0,5.31,13.68
160,82,322.93,122.19,1,37.71,0.62
160,82,322.93,122.19,2,23.35,10.68
160,82,322.93,122.19,3,37.04,18.68
160,82,322.93,122.19,4,3.14,36.23
160,83,170.63,40.89,0,5.31,13.68
160,83,170.63,40.89,1,37.71,0.62
160,83,170.63,40.89,2,23.35,10.68
160,83,170.63,40.89,3,37.04,18.68
160,83,170.63,40.89,4,3.14,36.23
160,84,212.20,290.54,0,5.31,13.68
160,84,212.20,290.54,1,37.71,0.62
160,84,212.20,290.54,2,23.35,10.68
160,84,212.20,290.54,3,37.04,18.68
160,84,212.20,290.54,4,3.14,36.23
160,85,364.38,129.56,0,5.31,13.68
160,85,364.38,129.56,1,37.71,0.62
160,85,364.38,129.56,2,23.35,10.68
160,85,364.38,129.56,3,37.04,18.68
160,85,364.38,129.56,4,3.14,36.23
160,86,29.05,130.07,0,5.31,13.68
160,86,29.05,130.07,1,37.71,0.62
160,86,29.05,130.07,2,23.35,10.68
160,86,29.05,130.07,3,37.04,18.68
160,86,29.05,130.07,4,3.14,36.23
160,87,383.86,25.47,0,5.31,13.68
160,87,383.86,25.47,1,37.71,0.62
160,87,383.86,25.47,2,23.35,10.68
160,87,383.86,25.47,3,37.04,18.68
160,87,383.86,25.47,4,3.14,36.23
160,88,193.10,304.27,0,5.31,13.68
160,88,193.10,304.27,1,37.71,0.62
160,88,193.10,304.27,2,23.35,10.68
160,88,193.10,304.27,3,37.04,18.68
160,88,193.10,304.27,4,3.14,36.23
160,89,319.97,45.67,0,5.31,13.68
160,89,319.97,45.67,1,37.71,0.62
160,89,319.97,45.67,2,23.35,10.68
160,89,319.97,45.67,3,37.04,18.68
160,89,319.97,45.67,4,3.14,36.23
160,90,193.13,49.79,0,5.31,13.68
160,90,193.13,49.79,1,37.71,0.62
160,90,193.13,49.79,2,23.35,10.68
160,90,193.13,49.79,3,37.04,18.68
160,90,193.13,49.79,4,3.14,36.23
160,92,247.55,88.58,0,5.31,13.68
160,92,247.55,88.58,1,37.71,0.62
160,92,247.55,88.58,2,23.35,10.68
160,92,247.55,88.58,3,37.04,18.68
160,92,247.55,88.58,4,3.14,36.23
160,93,236.65,83.59,0,5.31,13.68
160,93,236.65,83.59,1,37.71,0.62
160,93,236.65,83.59,2,23.35,10.68
160,93,236.65,83.59,3,37.04,18.68
160,93,236.65,83.59,4,3.14,36.23
160,94,23.95,364.03,0,5.31,13.68
160,94,23.95,364.03,1,37.71,0.62
160,94,23.95,364.03,2,23.35,10.68
160,94,23.95,364.03,3,37.04,18.68
160,94,23.95,364.03,4,3.14,36.23
160,95,331.91,152.71,0,5.31,13.68
160,95,331.91,152.71,1,37.71,0.62
160,95,331.91,152.71,2,23.35,10.68
160,95,331.91,152.71,3,37.04,18.68
160,95,331.91,152.71,4,3.14,36.23
160,96,79.00,179.02,0,5.31,13.68
160,96,79.00,179.02,1,37.71,0.62
160,96,79.00,179.02,2,23.35,10.68
160,96,79.00,179.02,3,37.04,18.68
160,96,79.00,179.02,4,3.14,36.23
160,97,254.03,168.93,0,5.31,13.68
160,97,254.03,168.93,1,37.71,0.62
160,97,254.03,168.93,2,23.35,10.68
160,97,254.03,168.93,3,37.04,18.68
160,97,254.03,168.93,4,3.14,36.23
160,98,334.96,14.38,0,5.31,13.68
160,98,334.96,14.38,1,37.71,0.62
160,98,334.96,14.38,2,23.35,10.68
160,98,334.96,14.38,3,37.04,18.68
160,98,334.96,14.38,4,3.14,36.23
160,99,371.13,174.99,0,5.31,13.68
160,99,371.13,174.99,1,37.71,0.62
160,99,371.13,174.99,2,23.35,10.68
160,99,371.13,174.99,3,37.04,18.68
160,99,371.13,174.99,4,3.14,36.23
160,102,55.89,177.56,0,5.31,13.68
160,102,55.89,177.56,1,37.71,0.62
160,102,55.89,177.56,2,23.35,10.68
160,102,55.89,177.56,3,37.04,18.68
160,102,55.89,177.56,4,3.14,36.23
160,103,116.43,384.59,0,5.31,13.68
160,103,116.43,384.59,1,37.71,0.62
160,103,116.43,384.59,2,23.35,10.68
160,103,116.43,384.59,3,37.04,18.68
160,103,116.43,384.59,4,3.14,36.23
160,104,345.00,11.98,0,5.31,13.68
160,104,345.00,11.98,1,37.71,0.62
160,104,345.00,11.98,2,23.35,10.68
160,104,345.00,11.98,3,37.04,18.68
160,104,345.00,11.98,4,3.14,36.23
160,105,33.87,362.68,0,5.31,13.68
160,105,33.87,362.68,1,37.71,0.62
160,105,33.87,362.68,2,23.35,10.68
160,105,33.87,362.68,3,37.04,18.68
160,105,33.87,362.68,4,3.14,36.23
160,106,56.44,254.45,0,5.31,13.68
160,106,56.44,254.45,1,37.71,0.62
160,106,56.44,254.45,2,23.35,10.68
160,106,56.44,254.45,3,37.04,18.68
160,106,56.44,254.45,4,3.14,36.23
160,107,225.31,110.75,0,5.31,13.68
160,107,225.31,110.75,1,37.71,0.62
160,107,225.31,110.75,2,23.35,10.68
160,107,225.31,110.75,3,37.04,18.68
160,107,225.31,110.75,4,3.14,36.23
160,108,4.90,55.97,0,5.31,13.68
160,108,4.90,55.97,1,37.71,0.62
160,108,4.90,55.97,2,23.35,10.68
160,108,4.90,55.97,3,37.04,18.68
160,108,4.90,55.97,4,3.14,36.23
160,109,70.89,311.14,0,5.31,13.68
160,109,70.89,311.14,1,37.71,0.62
160,109,70.89,311.14,2,23.35,10.68
160,109,70.89,311.14,3,37.04,18.68
160,109,70.89,311.14,4,3.14,36.23
160,110,121.47,334.69,0,5.31,13.68
160,110,121.47,334.69,1,37.71,0.62
160,110,121.47,334.69,2,23.35,10.68
160,110,121.47,334.69,3,37.04,18.68
160,110,121.47,334.69,4,3.14,36.23
160,111,370.83,25.85,0,5.31,13.68
160,111,370.83,25.85,1,37.71,0.62
160,111,370.83,25.85,2,23.35,10.68
160,111,370.83,25.85,3,37.04,18.68
160,111,370.83,25.85,4,3.14,36.23
160,112,178.22,101.20,0,5.31,13.68
160,112,178.22,101.20,1,37.71,0.62
160,112,178.22,101.20,2,23.35,10.68
160,112,178.22,101.20,3,37.04,18.68
160,112,178.22,101.20,4,3.14,36.23
160,113,108.11,128.89,0,5.31,13.68
160,113,108.11,128.89,1,37.71,0.62
160,113,108.11,128.89,2,23.35,10.68
160,113,108.11,128.89,3,37.04,18.68
160,113,108.11,128.89,4,3.14,36.23
160,114,158.92,32.81,0,5.31,13.68
160,114,158.92,32.81,1,37.71,0.62
160,114,158.92,32.81,2,23.35,10.68
160,114,158.92,32.81,3,37.04,18.68
160,114,158.92,32.81,4,3.14,36.23
160,115,374.26,222.92,0,5.31,13.68
160,115,374.26,222.92,1,37.71,0.62
160,115,374.26,222.92,2,23.35,10.68
160,115,374.26,222.92,3,37.04,18.68
160,115,374.26,222.92,4,3.14,36.23
160,116,209.60,138.03,0,5.31,13.68
160,116,209.60,138.03,1,37.71,0.62
160,116,209.60,138.03,2,23.35,10.68
160,116,209.60,138.03,3,37.04,18.68
160,116,209.60,138.03,4,3.14,36.23
160,117,351.15,110.48,0,5.31,13.68
160,117,351.15,110.48,1,37.71,0.62
160,117,351.15,110.48,2,23.35,10.68
160,117,351.15,110.48,3,37.04,18.68
160,117,351.15,110.48,4,3.14,36.23
160,118,93.44,205.66,0,5.31,13.68
160,118,93.44,205.66,1,37.71,0.62
160,118,93.44,205.66,2,23.35,10.68
160,118,93.44,205.66,3,37.04,18.68
160,118,93.44,205.66,4,3.14,36.23
160,119,325.70,112.13,0,5.31,13.68
160,119,325.70,112.13,1,37.71,0.62
160,119,325.70,112.13,2,23.35,10.68
160,119,325.70,112.13,3,37.04,18.68
160,119,325.70,112.13,4,3.14,36.23
160,120,187.06,235.54,0,5.31,13.68
160,120,187.06,235.54,1,37.71,0.62
160,120,187.06,235.54,2,23.35,10.68
160,120,187.06,235.54,3,37.04,18.68
160,120,187.06,235.54,4,3.14,36.23
160,121,75.35,114.78,0,5.31,13.68
160,121,75.35,114.78,1,37.71,0.62
160,121,75.35,114.78,2,23.35,10.68
160,121,75.35,114.78,3,37.04,18.68
160,121,75.35,114.78,4,3.14,36.23
160,122,145.67,231.71,0,5.31,13.68
160,122,145.67,231.71,1,37.71,0.62
160,122,145.67,231.71,2,23.35,10.68
160,122,145.67,231.71,3,37.04,18.68
160,122,145.67,231.71,4,3.14,36.23
160,123,176.74,327.84,0,5.31,13.68
160,123,176.74,327.84,1,37.71,0.62
160,123,176.74,327.84,2,23.35,10.68
160,123,176.74,327.84,3,37.04,18.68
160,123,176.74,327.84,4,3.14,36.23
160,124,113.10,29.49,0,5.31,13.68
160,124,113.10,29.49,1,37.71,0.62
160,124,113.10,29.49,2,23.35,10.68
160,124,113.10,29.49,3,37.04,18.68
160,124,113.10,29.49,4,3.14,36.23
160,125,365.01,100.33,0,5.31,13.68
160,125,365.01,100.33,1,37.71,0.62
160,125,365.01,100.33,2,23.35,10.68
160,125,365.01,100.33,3,37.04,18.68
160,125,365.01,100.33,4,3.14,36.23
160,126,26.50,96.68,0,5.31,13.68
160,126,26.50,96.68,1,37.71,0.62
160,126,26.50,96.68,2,23.35,10.68
160,126,26.50,96.68,3,37.04,18.68
160,126,26.50,96.68,4,3.14,36.23
160,127,26.06,379.66,0,5.31,13.68
160,127,26.06,379.66,1,37.71,0.62
160,127,26.06,379.66,2,23.35,10.68
160,127,26.06,379.66,3,37.04,18.68
160,127,26.06,379.66,4,3.14,36.23
160,128,247.07,363.39,0,5.31,13.68
160,128,247.07,363.39,1,37.71,0.62
160,128,247.07,363.39,2,23.35,10.68
160,128,247.07,363.39,3,37.04,18.68
160,128,247.07,363.39,4,3.14,36.23
160,129,287.30,170.28,0,5.31,13.68
160,129,287.30,170.28,1,37.71,0.62
160,129,287.30,170.28,2,23.35,10.68
160,129,287.30,170.28,3,37.04,18.68
160,129,287.30,170.28,4,3.14,36.23
160,130,371.88,193.65,0,5.31,13.68
160,130,371.88,193.65,1,37.71,0.62
160,130,371.88,193.65,2,23.35,10.68
160,130,371.88,193.65,3,37.04,18.68
160,130,371.88,193.65,4,3.14,36.23
160,131,255.56,71.61,0,5.31,13.68
160,131,255.56,71.61,1,37.71,0.62
160,131,255.56,71.61,2,23.35,10.68
160,131,255.56,71.61,3,37.04,18.68
160,131,255.56,71.61,4,3.14,36.23
160,132,367.34,293.12,0,5.31,13.68
160,132,367.34,293.12,1,37.71,0.62
160,132,367.34,293.12,2,23.35,10.68
160,132,367.34,293.12,3,37.04,18.68
160,132,367.34,293.12,4,3.14,36.23
160,133,14.31,114.49,0,5.31,13.68
160,133,14.31,114.49,1,37.71,0.62
160,133,14.31,114.49,2,23.35,10.68
160,133,14.31,114.49,3,37.04,18.68
160,133,14.31,114.49,4,3.14,36.23
160,134,376.88,32.71,0,5.31,13.68
160,134,376.88,32.71,1,37.71,0.62
160,134,376.88,32.71,2,23.35,10.68
160,134,376.88,32.71,3,37.04,18.68
160,134,376.88,32.71,4,3.14,36.23
160,135,88.37,260.17,0,5.31,13.68
160,135,88.37,260.17,1,37.71,0.62
160,135,88.37,260.17,2,23.35,10.68
160,135,88.37,260.17,3,37.04,18.68
160,135,88.37,260.17,4,3.14,36.23
160,136,364.19,31.36,0,5.31,13.68
160,136,364.19,31.36,1,37.71,0.62
160,136,364.19,31.36,2,23.35,10.68
160,136,364.19,31.36,3,37.04,18.68
160,136,364.19,31.36,4,3.14,36.23
160,137,248.82,62.62,0,5.31,13.68
160,137,248.82,62.62,1,37.71,0.62
160,137,248.82,62.62,2,23.35,10.68
160,137,248.82,62.62,3,37.04,18.68
160,137,248.82,62.62,4,3.14,36.23
160,138,240.39,89.01,0,5.31,13.68
160,138,240.39,89.01,1,37.71,0.62
160,138,240.39,89.01,2,23.35,10.68
160,138,240.39,89.01,3,37.04,18.68
160,138,240.39,89.01,4,3.14,36.23
160,139,358.80,107.66,0,5.31,13.68
160,139,358.80,107.66,1,37.71,0.62
160,139,358.80,107.66,2,23.35,10.68
160,139,358.80,107.66,3,37.04,18.68
160,139,358.80,107.66,4,3.14,36.23
160,140,375.13,7.09,0,5.31,13.68
160,140,375.13,7.09,1,37.71,0.62
160,140,375.13,7.09,2,23.35,10.68
160,140,375.13,7.09,3,37.04,18.68
160,140,375.13,7.09,4,3.14,36.23
160,141,348.75,373.30,0,5.31,13.68
160,141,348.75,373.30,1,37.71,0.62
160,141,348.75,373.30,2,23.35,10.68
160,141,348.75,373.30,3,37.04,18.68
160,141,348.75,373.30,4,3.14,36.23
160,142,230.97,129.56,0,5.31,13.68
160,142,230.97,129.56,1,37.71,0.62
160,142,230.97,129.56,2,23.35,10.68
160,142,230.97,129.56,3,37.04,18.68
160,142,230.97,129.56,4,3.14,36.23
160,143,350.02,344.47,0,5.31,13.68
160,143,350.02,344.47,1,37.71,0.62
160,143,350.02,344.47,2,23.35,10.68
160,143,350.02,344.47,3,37.04,18.68
160,143,350.02,344.47,4,3.14,36.23
160,144,379.54,192.48,0,5.31,13.68
160,144,379.54,192.48,1,37.71,0.62
160,144,379.54,192.48,2,23.35,10.68
160,144,379.54,192.48,3,37.04,18.68
160,144,379.54,192.48,4,3.14,36.23
160,145,239.19,348.49,0,5.31,13.68
160,145,239.19,348.49,1,37.71,0.62
160,145,239.19,348.49,2,23.35,10.68
160,145,239.19,348.49,3,37.04,18.68
160,145,239.19,348.49,4,3.14,36.23
160,146,115.02,198.84,0,5.31,13.68
160,146,115.02,198.84,1,37.71,0.62
160,146,115.02,198.84,2,23.35,10.68
160,146,115.02,198.84,3,37.04,18.68
160,146,115.02,198.84,4,3.14,36.23
160,147,17.64,267.06,0,5.31,13.68
160,147,17.64,267.06,1,37.71,0.62
160,147,17.64,267.06,2,23.35,10.68
160,147,17.64,267.06,3,37.04,18.68
160,147,17.64,267.06,4,3.14,36.23
160,148,300.38,211.41,0,5.31,13.68
160,148,300.38,211.41,1,37.71,0.62
160,148,300.38,211.41,2,23.35,10.68
160,148,300.38,211.41,3,37.04,18.68
160,148,300.38,211.41,4,3.14,36.23
160,149,349.56,264.50,0,5.31,13.68
160,149,349.56,264.50,1,37.71,0.62
160,149,349.56,264.50,2,23.35,10.68
160,149,349.56,264.50,3,37.04,18.68
160,149,349.56,264.50,4,3.14,36.23
160,150,267.98,135.24,0,5.31,13.68
160,150,267.98,135.24,1,37.71,0.62
160,150,267.98,135.24,2,23.35,10.68
160,150,267.98,135.24,3,37.04,18.68
160,150,267.98,135.24,4,3.14,36.23
160,151,204.81,86.54,0,5.31,13.68
160,151,204.81,86.54,1,37.71,0.62
160,151,204.81,86.54,2,23.35,10.68
160,151,204.81,86.54,3,37.04,18.68
160,151,204.81,86.54,4,3.14,36.23
160,152,34.09,84.75,0,5.31,13.68
160,152,34.09,84.75,1,37.71,0.62
160,152,34.09,84.75,2,23.35,10.68
160,152,34.09,84.75,3,37.04,18.68
160,152,34.09,84.75,4,3.14,36.23
160,153,40.80,121.27,0,5.31,13.68
160,153,40.80,121.27,1,37.71,0.62
160,153,40.80,121.27,2,23.35,10.68
160,153,40.80,121.27,3,37.04,18.68
160,153,40.80,121.27,4,3.14,36.23
160,154,368.50,202.00,0,5.31,13.68
160,154,368.50,202.00,1,37.71,0.62
160,154,368.50,202.00,2,23.35,10.68
160,154,368.50,202.00,3,37.04,18.68
160,154,368.50,202.00,4,3.14,36.23
160,155,203.96,145.47,0,5.31,13.68
160,155,203.96,145.47,1,37.71,0.62
160,155,203.96,145.47,2,23.35,10.68
160,155,203.96,145.47,3,37.04,18.68
160,155,203.96,145.47,4,3.14,36.23
160,156,349.13,320.78,0,5.31,13.68
160,156,349.13,320.78,1,37.71,0.62
160,156,349.13,320.78,2,23.35,10.68
160,156,349.13,320.78,3,37.04,18.68
160,156,349.13,320.78,4,3.14,36.23
160,157,195.29,84.05,0,5.31,13.68
160,157,195.29,84.05,1,37.71,0.62
160,157,195.29,84.05,2,23.35,10.68
160,157,195.29,84.05,3,37.04,18.68
160,157,195.29,84.05,4,3.14,36.23
160,158,210.85,94.62,0,5.31,13.68
160,158,210.85,94.62,1,37.71,0.62
160,158,210.85,94.62,2,23.35,10.68
160,158,210.85,94.62,3,37.04,18.68
160,158,210.85,94.62,4,3.14,36.23
160,159,368.09,311.37,0,5.31,13.68
160,159,368.09,311.37,1,37.71,0.62
160,159,368.09,311.37,2,23.35,10.68
160,159,368.09,311.37,3,37.04,18.68
160,159,368.09,311.37,4,3.14,36.23
160,160,316.39,395.28,0,5.31,13.68
160,160,316.39,395.28,1,37.71,0.62
160,160,316.39,395.28,2,23.35,10.68
160,160,316.39,395.28,3,37.04,18.68
160,160,316.39,395.28,4,3.14,36.23
160,161,177.91,158.40,0,5.31,13.68
160,161,177.91,158.40,1,37.71,0.62
160,161,177.91,158.40,2,23.35,10.68
160,161,177.91,158.40,3,37.04,18.68
160,161,177.91,158.40,4,3.14,36.23
160,162,296.94,349.48,0,5.31,13.68
160,162,296.94,349.48,1,37.71,0.62
160,162,296.94,349.48,2,23.35,10.68
160,162,296.94,349.48,3,37.04,18.68
160,162,296.94,349.48,4,3.14,36.23
160,163,170.40,154.79,0,5.31,13.68
160,163,170.40,154.79,1,37.71,0.62
160,163,170.40,154.79,2,23.35,10.68
160,163,170.40,154.79,3,37.04,18.68
160,163,170.40,154.79,4,3.14,36.23
160,164,42.89,21.00,0,5.31,13.68
160,164,42.89,21.00,1,37.71,0.62
160,164,42.89,21.00,2,23.35,10.68
160,164,42.89,21.00,3,37.04,18.68
160,164,42.89,21.00,4,3.14,36.23
160,165,93.87,59.91,0,5.31,13.68
160,165,93.87,59.91,1,37.71,0.62
160,165,93.87,59.91,2,23.35,10.68
160,165,93.87,59.91,3,37.04,18.68
160,165,93.87,59.91,4,3.14,36.23
160,166,267.48,383.13,0,5.31,13.68
160,166,267.48,383.13,1,37.71,0.62
160,166,267.48,383.13,2,23.35,10.68
160,166,267.48,383.13,3,37.04,18.68
160,166,267.48,383.13,4,3.14,36.23
160,167,390.59,333.60,0,5.31,13.68
160,167,390.59,333.60,1,37.71,0.62
160,167,390.59,333.60,2,23.35,10.68
160,167,390.59,333.60,3,37.04,18.68
160,167,390.59,333.60,4,3.14,36.23
160,168,206.28,270.42,0,5.31,13.68
160,168,206.28,270.42,1,37.71,0.62
160,168,206.28,270.42,2,23.35,10.68
160,168,206.28,270.42,3,37.04,18.68
160,168,206.28,270.42,4,3.14,36.23
160,169,200.72,59.95,0,5.31,13.68
160,169,200.72,59.95,1,37.71,0.62
160,169,200.72,59.95,2,23.35,10.68
160,169,200.72,59.95,3,37.04,18.68
160,169,200.72,59.95,4,3.14,36.23
160,170,293.32,260.14,0,5.31,13.68
160,170,293.32,260.14,1,37.71,0.62
160,170,293.32,260.14,2,23.35,10.68
160,170,293.32,260.14,3,37.04,18.68
160,170,293.32,260.14,4,3.14,36.23
160,171,48.15,125.02,0,5.31,13.68
160,171,48.15,125.02,1,37.71,0.62
160,171,48.15,125.02,2,23.35,10.68
160,171,48.15,125.02,3,37.04,18.68
160,171,48.15,125.02,4,3.14,36.23
160,172,352.59,201.49,0,5.31,13.68
160,172,352.59,201.49,1,37.71,0.62
160,172,352.59,201.49,2,23.35,10.68
160,172,352.59,201.49,3,37.04,18.68
160,172,352.59,201.49,4,3.14,36.23
160,173,379.79,154.62,0,5.31,13.68
160,173,379.79,154.62,1,37.71,0.62
160,173,379.79,154.62,2,23.35,10.68
160,173,379.79,154.62,3,37.04,18.68
160,173,379.79,154.62,4,3.14,36.23
160,174,172.65,225.99,0,5.31,13.68
160,174,172.65,225.99,1,37.71,0.62
160,174,172.65,225.99,2,23.35,10.68
160,174,172.65,225.99,3,37.04,18.68
160,174,172.65,225.99,4,3.14,36.23
160,176,42.01,205.60,0,5.31,13.68
160,176,42.01,205.60,1,37.71,0.62
160,176,42.01,205.60,2,23.35,10.68
160,176,42.01,205.60,3,37.04,18.68
160,176,42.01,205.60,4,3.14,36.23
160,177,206.11,279.17,0,5.31,13.68
160,177,206.11,279.17,1,37.71,0.62
160,177,206.11,279.17,2,23.35,10.68
160,177,206.11,279.17,3,37.04,18.68
160,177,206.11,279.17,4,3.14,36.23
160,178,202.61,93.26,0,5.31,13.68
160,178,202.61,93.26,1,37.71,0.62
160,178,202.61,93.26,2,23.35,10.68
160,178,202.61,93.26,3,37.04,18.68
160,178,202.61,93.26,4,3.14,36.23
160,179,47.71,321.10,0,5.31,13.68
160,179,47.71,321.10,1,37.71,0.62
160,179,47.71,321.10,2,23.35,10.68
160,179,47.71,321.10,3,37.04,18.68
160,179,47.71,321.10,4,3.14,36.23
160,180,185.40,164.84,0,5.31,13.68
160,180,185.40,164.84,1,37.71,0.62
160,180,185.40,164.84,2,23.35,10.68
160,180,185.40,164.84,3,37.04,18.68
160,180,185.40,164.84,4,3.14,36.23
160,181,10.27,137.23,0,5.31,13.68
160,181,10.27,137.23,1,37.71,0.62
160,181,10.27,137.23,2,23.35,10.68
160,181,10.27,137.23,3,37.04,18.68
160,181,10.27,137.23,4,3.14,36.23
160,182,20.00,370.25,0,5.31,13.68
160,182,20.00,370.25,1,37.71,0.62
160,182,20.00,370.25,2,23.35,10.68
160,182,20.00,370.25,3,37.04,18.68
160,182,20.00,370.25,4,3.14,36.23
160,183,63.24,131.54,0,5.31,13.68
160,183,63.24,131.54,1,37.71,0.62
160,183,63.24,131.54,2,23.35,10.68
160,183,63.24,131.54,3,37.04,18.68
160,183,63.24,131.54,4,3.14,36.23
160,184,31.39,108.30,0,5.31,13.68
160,184,31.39,108.30,1,37.71,0.62
160,184,31.39,108.30,2,23.35,10.68
160,184,31.39,108.30,3,37.04,18.68
160,184,31.39,108.30,4,3.14,36.23
160,185,85.44,294.24,0,5.31,13.68
160,185,85.44,294.24,1,37.71,0.62
160,185,85.44,294.24,2,23.35,10.68
160,185,85.44,294.24,3,37.04,18.68
160,185,85.44,294.24,4,3.14,36.23
160,186,206.90,106.39,0,5.31,13.68
160,186,206.90,106.39,1,37.71,0.62
160,186,206.90,106.39,2,23.35,10.68
160,186,206.90,106.39,3,37.04,18.68
160,186,206.90,106.39,4,3.14,36.23
160,187,148.53,316.89,0,5.31,13.68
160,187,148.53,316.89,1,37.71,0.62
160,187,148.53,316.89,2,23.35,10.68
160,187,148.53,316.89,3,37.04,18.68
160,187,148.53,316.89,4,3.14,36.23
160,188,247.91,136.62,0,5.31,13.68
160,188,247.91,136.62,1,37.71,0.62
160,188,247.91,136.62,2,23.35,10.68
160,188,247.91,136.62,3,37.04,18.68
160,188,247.91,136.62,4,3.14,36.23
160,189,42.28,270.94,0,5.31,13.68
160,189,42.28,270.94,1,37.71,0.62
160,189,42.28,270.94,2,23.35,10.68
160,189,42.28,270.94,3,37.04,18.68
160,189,42.28,270.94,4,3.14,36.23
160,190,45.96,45.37,0,5.31,13.68
160,190,45.96,45.37,1,37.71,0.62
160,190,45.96,45.37,2,23.35,10.68
160,190,45.96,45.37,3,37.04,18.68
160,190,45.96,45.37,4,3.14,36.23
160,191,62.61,346.41,0,5.31,13.68
160,191,62.61,346.41,1,37.71,0.62
160,191,62.61,346.41,2,23.35,10.68
160,191,62.61,346.41,3,37.04,18.68
160,191,62.61,346.41,4,3.14,36.23
160,192,229.83,82.47,0,5.31,13.68
160,192,229.83,82.47,1,37.71,0.62
160,192,229.83,82.47,2,23.35,10.68
160,192,229.83,82.47,3,37.04,18.68
160,192,229.83,82.47,4,3.14,36.23
160,193,338.36,93.75,0,5.31,13.68
160,193,338.36,93.75,1,37.71,0.62
160,193,338.36,93.75,2,23.35,10.68
160,193,338.36,93.75,3,37.04,18.68
160,193,338.36,93.75,4,3.14,36.23
160,194,23.62,139.54,0,5.31,13.68
160,194,23.62,139.54,1,37.71,0.62
160,194,23.62,139.54,2,23.35,10.68
160,194,23.62,139.54,3,37.04,18.68
160,194,23.62,139.54,4,3.14,36.23
160,195,113.83,348.89,0,5.31,13.68
160,195,113.83,348.89,1,37.71,0.62
160,195,113.83,348.89,2,23.35,10.68
160,195,113.83,348.89,3,37.04,18.68
160,195,113.83,348.89,4,3.14,36.23
160,196,37.60,108.94,0,5.31,13.68
160,196,37.60,108.94,1,37.71,0.62
160,196,37.60,108.94,2,23.35,10.68
160,196,37.60,108.94,3,37.04,18.68
160,196,37.60,108.94,4,3.14,36.23
160,197,373.17,208.25,0,5.31,13.68
160,197,373.17,208.25,1,37.71,0.62
160,197,373.17,208.25,2,23.35,10.68
160,197,373.17,208.25,3,37.04,18.68
160,197,373.17,208.25,4,3.14,36.23
160,198,331.03,160.37,0,5.31,13.68
160,198,331.03,160.37,1,37.71,0.62
160,198,331.03,160.37,2,23.35,10.68
160,198,331.03,160.37,3,37.04,18.68
160,198,331.03,160.37,4,3.14,36.23
160,199,20.18,168.44,0,5.31,13.68
160,199,20.18,168.44,1,37.71,0.62
160,199,20.18,168.44,2,23.35,10.68
160,199,20.18,168.44,3,37.04,18.68
160,199,20.18,168.44,4,3.14,36.23
160,200,7.61,69.10,0,5.31,13.68
160,200,7.61,69.10,1,37.71,0.62
160,200,7.61,69.10,2,23.35,10.68
160,200,7.61,69.10,3,37.04,18.68
160,200,7.61,69.10,4,3.14,36.23
160,201,369.69,140.37,0,5.31,13.68
160,201,369.69,140.37,1,37.71,0.62
160,201,369.69,140.37,2,23.35,10.68
160,201,369.69,140.37,3,37.04,18.68
160,201,369.69,140.37,4,3.14,36.23
160,203,343.66,222.57,0,5.31,13.68
160,203,343.66,222.57,1,37.71,0.62
160,203,343.66,222.57,2,23.35,10.68
160,203,343.66,222.57,3,37.04,18.68
160,203,343.66,222.57,4,3.14,36.23
160,204,35.56,325.92,0,5.31,13.68
160,204,35.56,325.92,1,37.71,0.62
160,204,35.56,325.92,2,23.35,10.68
160,204,35.56,325.92,3,37.04,18.68
160,204,35.56,325.92,4,3.14,36.23
160,205,57.02,126.52,0,5.31,13.68
160,205,57.02,126.52,1,37.71,0.62
160,205,57.02,126.52,2,23.35,10.68
160,205,57.02,126.52,3,37.04,18.68
160,205,57.02,126.52,4,3.14,36.23
160,206,219.41,113.91,0,5.31,13.68
160,206,219.41,113.91,1,37.71,0.62
160,206,219.41,113.91,2,23.35,10.68
160,206,219.41,113.91,3,37.04,18.68
160,206,219.41,113.91,4,3.14,36.23
160,207,17.40,279.39,0,5.31,13.68
160,207,17.40,279.39,1,37.71,0.62
160,207,17.40,279.39,2,23.35,10.68
160,207,17.40,279.39,3,37.04,18.68
160,207,17.40,279.39,4,3.14,36.23
160,208,53.57,366.33,0,5.31,13.68
160,208,53.57,366.33,1,37.71,0.62
160,208,53.57,366.33,2,23.35,10.68
160,208,53.57,366.33,3,37.04,18.68
160,208,53.57,366.33,4,3.14,36.23
160,209,364.59,179.60,0,5.31,13.68
160,209,364.59,179.60,1,37.71,0.62
160,209,364.59,179.60,2,23.35,10.68
160,209,364.59,179.60,3,37.04,18.68
160,209,364.59,179.60,4,3.14,36.23
160,210,245.00,105.82,0,5.31,13.68
160,210,245.00,105.82,1,37.71,0.62
160,210,245.00,105.82,2,23.35,10.68
160,210,245.00,105.82,3,37.04,18.68
160,210,245.00,105.82,4,3.14,36.23
160,211,148.43,383.07,0,5.31,13.68
160,211,148.43,383.07,1,37.71,0.62
160,211,148.43,383.07,2,23.35,10.68
160,211,148.43,383.07,3,37.04,18.68
160,211,148.43,383.07,4,3.14,36.23
160,212,380.39,281.61,0,5.31,13.68
160,212,380.39,281.61,1,37.71,0.62
160,212,380.39,281.61,2,23.35,10.68
160,212,380.39,281.61,3,37.04,18.68
160,212,380.39,281.61,4,3.14,36.23
160,213,376.03,285.34,0,5.31,13.68
160,213,376.03,285.34,1,37.71,0.62
160,213,376.03,285.34,2,23.35,10.68
160,213,376.03,285.34,3,37.04,18.68
160,213,376.03,285.34,4,3.14,36.23
160,214,230.58,93.72,0,5.31,13.68
160,214,230.58,93.72,1,37.71,0.62
160,214,230.58,93.72,2,23.35,10.68
160,214,230.58,93.72,3,37.04,18.68
160,214,230.58,93.72,4,3.14,36.23
160,215,270.63,377.42,0,5.31,13.68
160,215,270.63,377.42,1,37.71,0.62
160,215,270.63,377.42,2,23.35,10.68
160,215,270.63,377.42,3,37.04,18.68
160,215,270.63,377.42,4,3.14,36.23
160,216,254.64,385.70,0,5.31,13.68
160,216,254.64,385.70,1,37.71,0.62
160,216,254.64,385.70,2,23.35,10.68
160,216,254.64,385.70,3,37.04,18.68
160,216,254.64,385.70,4,3.14,36.23
160,217,373.92,13.56,0,5.31,13.68
160,217,373.92,13.56,1,37.71,0.62
160,217,373.92,13.56,2,23.35,10.68
160,217,373.92,13.56,3,37.04,18.68
160,217,373.92,13.56,4,3.14,36.23
160,218,288.66,386.40,0,5.31,13.68
160,218,288.66,386.40,1,37.71,0.62
160,218,288.66,386.40,2,23.35,10.68
160,218,288.66,386.40,3,37.04,18.68
160,218,288.66,386.40,4,3.14,36.23
160,219,15.25,93.72,0,5.31,13.68
160,219,15.25,93.72,1,37.71,0.62
160,219,15.25,93.72,2,23.35,10.68
160,219,15.25,93.72,3,37.04,18.68
160,219,15.25,93.72,4,3.14,36.23
160,220,367.88,17.93,0,5.31,13.68
160,220,367.88,17.93,1,37.71,0.62
160,220,367.88,17.93,2,23.35,10.68
160,220,367.88,17.93,3,37.04,18.68
160,220,367.88,17.93,4,3.14,36.23
160,221,321.99,239.90,0,5.31,13.68
160,221,321.99,239.90,1,37.71,0.62
160,221,321.99,239.90,2,23.35,10.68
160,221,321.99,239.90,3,37.04,18.68
160,221,321.99,239.90,4,3.14,36.23
160,222,25.77,358.98,0,5.31,13.68
160,222,25.77,358.98,1,37.71,0.62
160,222,25.77,358.98,2,23.35,10.68
160,222,25.77,358.98,3,37.04,18.68
160,222,25.77,358.98,4,3.14,36.23
160,223,330.44,185.88,0,5.31,13.68
160,223,330.44,185.88,1,37.71,0.62
160,223,330.44,185.88,2,23.35,10.68
160,223,330.44,185.88,3,37.04,18.68
160,223,330.44,185.88,4,3.14,36.23
160,224,375.72,25.30,0,5.31,13.68
160,224,375.72,25.30,1,37.71,0.62
160,224,375.72,25.30,2,23.35,10.68
160,224,375.72,25.30,3,37.04,18.68
160,224,375.72,25.30,4,3.14,36.23
160,225,365.53,210.48,0,5.31,13.68
160,225,365.53,210.48,1,37.71,0.62
160,225,365.53,210.48,2,23.35,10.68
160,225,365.53,210.48,3,37.04,18.68
160,225,365.53,210.48,4,3.14,36.23
160,226,286.25,180.13,0,5.31,13.68
160,226,286.25,180.13,1,37.71,0.62
160,226,286.25,180.13,2,23.35,10.68
160,226,286.25,180.13,3,37.04,18.68
160,226,286.25,180.13,4,3.14,36.23
160,227,109.10,331.35,0,5.31,13.68
160,227,109.10,331.35,1,37.71,0.62
160,227,109.10,331.35,2,23.35,10.68
160,227,109.10,331.35,3,37.04,18.68
160,227,109.10,331.35,4,3.14,36.23
160,228,239.31,54.08,0,5.31,13.68
160,228,239.31,54.08,1,37.71,0.62
160,228,239.31,54.08,2,23.35,10.68
160,228,239.31,54.08,3,37.04,18.68
160,228,239.31,54.08,4,3.14,36.23
160,229,157.50,121.91,0,5.31,13.68
160,229,157.50,121.91,1,37.71,0.62
160,229,157.50,121.91,2,23.35,10.68
160,229,157.50,121.91,3,37.04,18.68
160,229,157.50,121.91,4,3.14,36.23
160,230,167.44,31.45,0,5.31,13.68
160,230,167.44,31.45,1,37.71,0.62
160,230,167.44,31.45,2,23.35,10.68
160,230,167.44,31.45,3,37.04,18.68
160,230,167.44,31.45,4,3.14,36.23
160,231,287.10,342.19,0,5.31,13.68
160,231,287.10,342.19,1,37.71,0.62
160,231,287.10,342.19,2,23.35,10.68
160,231,287.10,342.19,3,37.04,18.68
160,231,287.10,342.19,4,3.14,36.23
160,232,331.93,38.01,0,5.31,13.68
160,232,331.93,38.01,1,37.71,0.62
160,232,331.93,38.01,2,23.35,10.68
160,232,331.93,38.01,3,37.04,18.68
160,232,331.93,38.01,4,3.14,36.23
160,233,365.45,259.19,0,5.31,13.68
160,233,365.45,259.19,1,37.71,0.62
160,233,365.45,259.19,2,23.35,10.68
160,233,365.45,259.19,3,37.04,18.68
160,233,365.45,259.19,4,3.14,36.23
160,236,226.37,105.04,0,5.31,13.68
160,236,226.37,105.04,1,37.71,0.62
160,236,226.37,105.04,2,23.35,10.68
160,236,226.37,105.04,3,37.04,18.68
160,236,226.37,105.04,4,3.14,36.23
160,237,174.05,165.08,0,5.31,13.68
160,237,174.05,165.08,1,37.71,0.62
160,237,174.05,165.08,2,23.35,10.68
160,237,174.05,165.08,3,37.04,18.68
160,237,174.05,165.08,4,3.14,36.23
160,238,27.67,288.44,0,5.31,13.68
160,238,27.67,288.44,1,37.71,0.62
160,238,27.67,288.44,2,23.35,10.68
160,238,27.67,288.44,3,37.04,18.68
160,238,27.67,288.44,4,3.14,36.23
160,239,189.42,127.35,0,5.31,13.68
160,239,189.42,127.35,1,37.71,0.62
160,239,189.42,127.35,2,23.35,10.68
160,239,189.42,127.35,3,37.04,18.68
160,239,189.42,127.35,4,3.14,36.23
160,240,150.57,225.66,0,5.31,13.68
160,240,150.57,225.66,1,37.71,0.62
160,240,150.57,225.66,2,23.35,10.68
160,240,150.57,225.66,3,37.04,18.68
160,240,150.57,225.66,4,3.14,36.23
160,241,376.97,199.02,0,5.31,13.68
160,241,376.97,199.02,1,37.71,0.62
160,241,376.97,199.02,2,23.35,10.68
160,241,376.97,199.02,3,37.04,18.68
160,241,376.97,199.02,4,3.14,36.23
160,242,205.92,226.14,0,5.31,13.68
160,242,205.92,226.14,1,37.71,0.62
160,242,205.92,226.14,2,23.35,10.68
160,242,205.92,226.14,3,37.04,18.68
160,242,205.92,226.14,4,3.14,36.23
160,243,35.61,270.49,0,5.31,13.68
160,243,35.61,270.49,1,37.71,0.62
160,243,35.61,270.49,2,23.35,10.68
160,243,35.61,270.49,3,37.04,18.68
160,243,35.61,270.49,4,3.14,36.23
160,244,196.92,325.98,0,5.31,13.68
160,244,196.92,325.98,1,37.71,0.62
160,244,196.92,325.98,2,23.35,10.68
160,244,196.92,325.98,3,37.04,18.68
160,244,196.92,325.98,4,3.14,36.23
160,245,196.78,163.31,0,5.31,13.68
160,245,196.78,163.31,1,37.71,0.62
160,245,196.78,163.31,2,23.35,10.68
160,245,196.78,163.31,3,37.04,18.68
160,245,196.78,163.31,4,3.14,36.23
160,246,326.38,244.44,0,5.31,13.68
160,246,326.38,244.44,1,37.71,0.62
160,246,326.38,244.44,2,23.35,10.68
160,246,326.38,244.44,3,37.04,18.68
160,246,326.38,244.44,4,3.14,36.23
160,247,77.45,100.19,0,5.31,13.68
160,247,77.45,100.19,1,37.71,0.62
160,247,77.45,100.19,2,23.35,10.68
160,247,77.45,100.19,3,37.04,18.68
160,247,77.45,100.19,4,3.14,36.23
160,248,390.25,324.75,0,5.31,13.68
160,248,390.25,324.75,1,37.71,0.62
160,248,390.25,324.75,2,23.35,10.68
160,248,390.25,324.75,3,37.04,18.68
160,248,390.25,324.75,4,3.14,36.23
160,249,352.77,392.62,0,5.31,13.68
160,249,352.77,392.62,1,37.71,0.62
160,249,352.77,392.62,2,23.35,10.68
160,249,352.77,392.62,3,37.04,18.68
160,249,352.77,392.62,4,3.14,36.23
160,250,218.90,301.92,0,5.31,13.68
160,250,218.90,301.92,1,37.71,0.62
160,250,218.90,301.92,2,23.35,10.68
160,250,218.90,301.92,3,37.04,18.68
160,250,218.90,301.92,4,3.14,36.23
160,251,93.43,298.79,0,5.31,13.68
160,251,93.43,298.79,1,37.71,0.62
160,251,93.43,298.79,2,23.35,10.68
160,251,93.43,298.79,3,37.04,18.68
160,251,93.43,298.79,4,3.14,36.23
160,252,4.93,78.50,0,5.31,13.68
160,252,4.93,78.50,1,37.71,0.62
160,252,4.93,78.50,2,23.35,10.68
160,252,4.93,78.50,3,37.04,18.68
160,252,4.93,78.50,4,3.14,36.23
160,253,321.46,189.04,0,5.31,13.68
160,253,321.46,189.04,1,37.71,0.62
160,253,321.46,189.04,2,23.35,10.68
160,253,321.46,189.04,3,37.04,18.68
160,253,321.46,189.04,4,3.14,36.23
160,254,351.54,133.45,0,5.31,13.68
160,254,351.54,133.45,1,37.71,0.62
160,254,351.54,133.45,2,23.35,10.68
160,254,351.54,133.45,3,37.04,18.68
160,254,351.54,133.45,4,3.14,36.23
160,255,25.76,305.09,0,5.31,13.68
160,255,25.76,305.09,1,37.71,0.62
160,255,25.76,305.09,2,23.35,10.68
160,255,25.76,305.09,3,37.04,18.68
160,255,25.76,305.09,4,3.14,36.23
160,256,56.35,92.11,0,5.31,13.68
160,256,56.35,92.11,1,37.71,0.62
160,256,56.35,92.11,2,23.35,10.68
160,256,56.35,92.11,3,37.04,18.68
160,256,56.35,92.11,4,3.14,36.23
160,257,353.63,175.30,0,5.31,13.68
160,257,353.63,175.30,1,37.71,0.62
160,257,353.63,175.30,2,23.35,10.68
160,257,353.63,175.30,3,37.04,18.68
160,257,353.63,175.30,4,3.14,36.23
160,258,362.93,48.91,0,5.31,13.68
160,258,362.93,48.91,1,37.71,0.62
160,258,362.93,48.91,2,23.35,10.68
160,258,362.93,48.91,3,37.04,18.68
160,258,362.93,48.91,4,3.14,36.23
160,259,68.09,91.54,0,5.31,13.68
160,259,68.09,91.54,1,37.71,0.62
160,259,68.09,91.54,2,23.35,10.68
160,259,68.09,91.54,3,37.04,18.68
160,259,68.09,91.54,4,3.14,36.23
160,260,300.22,377.47,0,5.31,13.68
160,260,300.22,377.47,1,37.71,0.62
160,260,300.22,377.47,2,23.35,10.68
160,260,300.22,377.47,3,37.04,18.68
160,260,300.22,377.47,4,3.14,36.23
160,261,71.27,374.88,0,5.31,13.68
160,261,71.27,374.88,1,37.71,0.62
160,261,71.27,374.88,2,23.35,10.68
160,261,71.27,374.88,3,37.04,18.68
160,261,71.27,374.88,4,3.14,36.23
160,262,157.67,91.22,0,5.31,13.68
160,262,157.67,91.22,1,37.71,0.62
160,262,157.67,91.22,2,23.35,10.68
160,262,157.67,91.22,3,37.04,18.68
160,262,157.67,91.22,4,3.14,36.23
160,263,160.14,67.30,0,5.31,13.68
160,263,160.14,67.30,1,37.71,0.62
160,263,160.14,67.30,2,23.35,10.68
160,263,160.14,67.30,3,37.04,18.68
160,263,160.14,67.30,4,3.14,36.23
160,264,30.49,140.87,0,5.31,13.68
160,264,30.49,140.87,1,37.71,0.62
160,264,30.49,140.87,2,23.35,10.68
160,264,30.49,140.87,3,37.04,18.68
160,264,30.49,140.87,4,3.14,36.23
160,265,231.75,306.71,0,5.31,13.68
160,265,231.75,306.71,1,37.71,0.62
160,265,231.75,306.71,2,23.35,10.68
160,265,231.75,306.71,3,37.04,18.68
160,265,231.75,306.71,4,3.14,36.23
160,266,125.33,297.13,0,5.31,13.68
160,266,125.33,297.13,1,37.71,0.62
160,266,125.33,297.13,2,23.35,10.68
160,266,125.33,297.13,3,37.04,18.68
160,266,125.33,297.13,4,3.14,36.23
160,267,167.53,54.76,0,5.31,13.68
160,267,167.53,54.76,1,37.71,0.62
160,267,167.53,54.76,2,23.35,10.68
160,267,167.53,54.76,3,37.04,18.68
160,267,167.53,54.76,4,3.14,36.23
160,268,186.90,103.54,0,5.31,13.68
160,268,186.90,103.54,1,37.71,0.62
160,268,186.90,103.54,2,23.35,10.68
160,268,186.90,103.54,3,37.04,18.68
160,268,186.90,103.54,4,3.14,36.23
160,269,6.28,144.01,0,5.31,13.68
160,269,6.28,144.01,1,37.71,0.62
160,269,6.28,144.01,2,23.35,10.68
160,269,6.28,144.01,3,37.04,18.68
160,269,6.28,144.01,4,3.14,36.23
160,270,63.10,291.97,0,5.31,13.68
160,270,63.10,291.97,1,37.71,0.62
160,270,63.10,291.97,2,23.35,10.68
160,270,63.10,291.97,3,37.04,18.68
160,270,63.10,291.97,4,3.14,36.23
160,271,24.23,112.55,0,5.31,13.68
160,271,24.23,112.55,1,37.71,0.62
160,271,24.23,112.55,2,23.35,10.68
160,271,24.23,112.55,3,37.04,18.68
160,271,24.23,112.55,4,3.14,36.23
160,272,54.84,304.72,0,5.31,13.68
160,272,54.84,304.72,1,37.71,0.62
160,272,54.84,304.72,2,23.35,10.68
160,272,54.84,304.72,3,37.04,18.68
160,272,54.84,304.72,4,3.14,36.23
160,273,25.47,260.18,0,5.31,13.68
160,273,25.47,260.18,1,37.71,0.62
160,273,25.47,260.18,2,23.35,10.68
160,273,25.47,260.18,3,37.04,18.68
160,273,25.47,260.18,4,3.14,36.23
160,274,103.63,3.79,0,5.31,13.68
160,274,103.63,3.79,1,37.71,0.62
160,274,103.63,3.79,2,23.35,10.68
160,274,103.63,3.79,3,37.04,18.68
160,274,103.63,3.79,4,3.14,36.23
160,275,305.85,220.81,0,5.31,13.68
160,275,305.85,220.81,1,37.71,0.62
160,275,305.85,220.81,2,23.35,10.68
160,275,305.85,220.81,3,37.04,18.68
160,275,305.85,220.81,4,3.14,36.23
160,276,300.58,238.10,0,5.31,13.68
160,276,300.58,238.10,1,37.71,0.62
160,276,300.58,238.10,2,23.35,10.68
160,276,300.58,238.10,3,37.04,18.68
160,276,300.58,238.10,4,3.14,36.23
160,277,277.81,193.13,0,5.31,13.68
160,277,277.81,193.13,1,37.71,0.62
160,277,277.81,193.13,2,23.35,10.68
160,277,277.81,193.13,3,37.04,18.68
160,277,277.81,193.13,4,3.14,36.23
160,278,81.18,392.09,0,5.31,13.68
160,278,81.18,392.09,1,37.71,0.62
160,278,81.18,392.09,2,23.35,10.68
160,278,81.18,392.09,3,37.04,18.68
160,278,81.18,392.09,4,3.14,36.23
160,279,244.40,393.04,0,5.31,13.68
160,279,244.40,393.04,1,37.71,0.62
160,279,244.40,393.04,2,23.35,10.68
160,279,244.40,393.04,3,37.04,18.68
160,279,244.40,393.04,4,3.14,36.23
160,281,206.93,50.06,0,5.31,13.68
160,281,206.93,50.06,1,37.71,0.62
160,281,206.93,50.06,2,23.35,10.68
160,281,206.93,50.06,3,37.04,18.68
160,281,206.93,50.06,4,3.14,36.23
160,282,335.34,178.21,0,5.31,13.68
160,282,335.34,178.21,1,37.71,0.62
160,282,335.34,178.21,2,23.35,10.68
160,282,335.34,178.21,3,37.04,18.68
160,282,335.34,178.21,4,3.14,36.23
160,283,322.16,161.09,0,5.31,13.68
160,283,322.16,161.09,1,37.71,0.62
160,283,322.16,161.09,2,23.35,10.68
160,283,322.16,161.09,3,37.04,18.68
160,283,322.16,161.09,4,3.14,36.23
160,284,208.32,99.36,0,5.31,13.68
160,284,208.32,99.36,1,37.71,0.62
160,284,208.32,99.36,2,23.35,10.68
160,284,208.32,99.36,3,37.04,18.68
160,284,208.32,99.36,4,3.14,36.23
160,285,229.27,346.08,0,5.31,13.68
160,285,229.27,346.08,1,37.71,0.62
160,285,229.27,346.08,2,23.35,10.68
160,285,229.27,346.08,3,37.04,18.68
160,285,229.27,346.08,4,3.14,36.23
160,286,255.96,327.40,0,5.31,13.68
160,286,255.96,327.40,1,37.71,0.62
160,286,255.96,327.40,2,23.35,10.68
160,286,255.96,327.40,3,37.04,18.68
160,286,255.96,327.40,4,3.14,36.23
160,287,369.00,182.00,0,5.31,13.68
160,287,369.00,182.00,1,37.71,0.62
160,287,369.00,182.00,2,23.35,10.68
160,287,369.00,182.00,3,37.04,18.68
160,287,369.00,182.00,4,3.14,36.23
160,288,119.62,4.13,0,5.31,13.68
160,288,119.62,4.13,1,37.71,0.62
160,288,119.62,4.13,2,23.35,10.68
160,288,119.62,4.13,3,37.04,18.68
160,288,119.62,4.13,4,3.14,36.23
160,289,63.94,322.89,0,5.31,13.68
160,289,63.94,322.89,1,37.71,0.62
160,289,63.94,322.89,2,23.35,10.68
160,289,63.94,322.89,3,37.04,18.68
160,289,63.94,322.89,4,3.14,36.23
160,290,297.08,265.78,0,5.31,13.68
160,290,297.08,265.78,1,37.71,0.62
160,290,297.08,265.78,2,23.35,10.68
160,290,297.08,265.78,3,37.04,18.68
160,290,297.08,265.78,4,3.14,36.23
160,291,64.20,35.30,0,5.31,13.68
160,291,64.20,35.30,1,37.71,0.62
160,291,64.20,35.30,2,23.35,10.68
160,291,64.20,35.30,3,37.04,18.68
160,291,64.20,35.30,4,3.14,36.23
160,292,273.66,293.05,0,5.31,13.68
160,292,273.66,293.05,1,37.71,0.62
160,292,273.66,293.05,2,23.35,10.68
160,292,273.66,293.05,3,37.04,18.68
160,292,273.66,293.05,4,3.14,36.23
160,293,206.83,118.71,0,5.31,13.68
160,293,206.83,118.71,1,37.71,0.62
160,293,206.83,118.71,2,23.35,10.68
160,293,206.83,118.71,3,37.04,18.68
160,293,206.83,118.71,4,3.14,36.23
160,294,98.92,354.56,0,5.31,13.68
160,294,98.92,354.56,1,37.71,0.62
160,294,98.92,354.56,2,23.35,10.68
160,294,98.92,354.56,3,37.04,18.68
160,294,98.92,354.56,4,3.14,36.23
160,295,366.56,187.81,0,5.31,13.68
160,295,366.56,187.81,1,37.71,0.62
160,295,366.56,187.81,2,23.35,10.68
160,295,366.56,187.81,3,37.04,18.68
160,295,366.56,187.81,4,3.14,36.23
160,296,340.30,30.46,0,5.31,13.68
160,296,340.30,30.46,1,37.71,0.62
160,296,340.30,30.46,2,23.35,10.68
160,296,340.30,30.46,3,37.04,18.68
160,296,340.30,30.46,4,3.14,36.23
160,297,368.24,125.55,0,5.31,13.68
160,297,368.24,125.55,1,37.71,0.62
160,297,368.24,125.55,2,23.35,10.68
160,297,368.24,125.55,3,37.04,18.68
160,297,368.24,125.55,4,3.14,36.23
160,298,346.91,37.42,0,5.31,13.68
160,298,346.91,37.42,1,37.71,0.62
160,298,346.91,37.42,2,23.35,10.68
160,298,346.91,37.42,3,37.04,18.68
160,298,346.91,37.42,4,3.14,36.23
160,299,36.21,126.32,0,5.31,13.68
160,299,36.21,126.32,1,37.71,0.62
160,299,36.21,126.32,2,23.35,10.68
160,299,36.21,126.32,3,37.04,18.68
160,299,36.21,126.32,4,3.14,36.23
160,300,205.94,345.90,0,5.31,13.68
160,300,205.94,345.90,1,37.71,0.62
160,300,205.94,345.90,2,23.35,10.68
160,300,205.94,345.90,3,37.04,18.68
160,300,205.94,345.90,4,3.14,36.23
170,1,223.73,102.80,0,5.31,13.68
170,1,223.73,102.80,1,37.66,0.39
170,1,223.73,102.80,2,24.07,10.83
170,1,223.73,102.80,3,37.04,18.68
170,1,223.73,102.80,4,2.88,35.14
170,2,42.55,87.06,0,5.31,13.68
170,2,42.55,87.06,1,37.66,0.39
170,2,42.55,87.06,2,24.07,10.83
170,2,42.55,87.06,3,37.04,18.68
170,2,42.55,87.06,4,2.88,35.14
170,3,181.50,260.72,0,5.31,13.68
170,3,181.50,260.72,1,37.66,0.39
170,3,181.50,260.72,2,24.07,10.83
170,3,181.50,260.72,3,37.04,18.68
170,3,181.50,260.72,4,2.88,35.14
170,4,234.00,102.83,0,5.31,13.68
170,4,234.00,102.83,1,37.66,0.39
170,4,234.00,102.83,2,24.07,10.83
170,4,234.00,102.83,3,37.04,18.68
170,4,234.00,102.83,4,2.88,35.14
170,5,20.38,334.20,0,5.31,13.68
170,5,20.38,334.20,1,37.66,0.39
170,5,20.38,334.20,2,24.07,10.83
170,5,20.38,334.20,3,37.04,18.68
170,5,20.38,334.20,4,2.88,35.14
170,6,77.59,292.31,0,5.31,13.68
170,6,77.59,292.31,1,37.66,0.39
170,6,77.59,292.31,2,24.07,10.83
170,6,77.59,292.31,3,37.04,18.68
170,6,77.59,292.31,4,2.88,35.14
170,7,69.64,112.14,0,5.31,13.68
170,7,69.64,112.14,1,37.66,0.39
170,7,69.64,112.14,2,24.07,10.83
170,7,69.64,112.14,3,37.04,18.68
170,7,69.64,112.14,4,2.88,35.14
170,8,138.12,378.56,0,5.31,13.68
170,8,138.12,378.56,1,37.66,0.39
170,8,138.12,378.56,2,24.07,10.83
170,8,138.12,378.56,3,37.04,18.68
170,8,138.12,378.56,4,2.88,35.14
170,9,270.33,201.84,0,5.31,13.68
170,9,270.33,201.84,1,37.66,0.39
170,9,270.33,201.84,2,24.07,10.83
170,9,270.33,201.84,3,37.04,18.68
170,9,270.33,201.84,4,2.88,35.14
170,10,376.98,177.40,0,5.31,13.68
170,10,376.98,177.40,1,37.66,0.39
170,10,376.98,177.40,2,24.07,10.83
170,10,376.98,177.40,3,37.04,18.68
170,10,376.98,177.40,4,2.88,35.14
170,11,167.76,115.23,0,5.31,13.68
170,11,167.76,115.23,1,37.66,0.39
170,11,167.76,115.23,2,24.07,10.83
170,11,167.76,115.23,3,37.04,18.68
170,11,167.76,115.23,4,2.88,35.14
170,12,219.29,89.59,0,5.31,13.68
170,12,219.29,89.59,1,37.66,0.39
170,12,219.29,89.59,2,24.07,10.83
170,12,219.29,89.59,3,37.04,18.68
170,12,219.29,89.59,4,2.88,35.14
170,13,154.03,85.35,0,5.31,13.68
170,13,154.03,85.35,1,37.66,0.39
170,13,154.03,85.35,2,24.07,10.83
170,13,154.03,85.35,3,37.04,18.68
170,13,154.03,85.35,4,2.88,35.14
170,14,14.72,367.74,0,5.31,13.68
170,14,14.72,367.74,1,37.66,0.39
170,14,14.72,367.74,2,24.07,10.83
170,14,14.72,367.74,3,37.04,18.68
170,14,14.72,367.74,4,2.88,35.14
170,15,5.43,337.79,0,5.31,13.68
170,15,5.43,337.79,1,37.66,0.39
170,15,5.43,337.79,2,24.07,10.83
170,15,5.43,337.79,3,37.04,18.68
170,15,5.43,337.79,4,2.88,35.14
170,16,332.85,278.27,0,5.31,13.68
170,16,332.85,278.27,1,37.66,0.39
170,16,332.85,278.27,2,24.07,10.83
170,16,332.85,278.27,3,37.04,18.68
170,16,332.85,278.27,4,2.88,35.14
170,17,377.47,185.36,0,5.31,13.68
170,17,377.47,185.36,1,37.66,0.39
170,17,377.47,185.36,2,24.07,10.83
170,17,377.47,185.36,3,37.04,18.68
170,17,377.47,185.36,4,2.88,35.14
170,18,188.04,350.72,0,5.31,13.68
170,18,188.04,350.72,1,37.66,0.39
170,18,188.04,350.72,2,24.07,10.83
170,18,188.04,350.72,3,37.04,18.68
170,18,188.04,350.72,4,2.88,35.14
170,19,61.00,334.99,0,5.31,13.68
170,19,61.00,334.99,1,37.66,0.39
170,19,61.00,334.99,2,24.07,10.83
170,19,61.00,334.99,3,37.04,18.68
170,19,61.00,334.99,4,2.88,35.14
170,20,208.64,380.53,0,5.31,13.68
170,20,208.64,380.53,1,37.66,0.39
170,20,208.64,380.53,2,24.07,10.83
170,20,208.64,380.53,3,37.04,18.68
170,20,208.64,380.53,4,2.88,35.14
170,21,377.05,139.88,0,5.31,13.68
170,21,377.05,139.88,1,37.66,0.39
170,21,377.05,139.88,2,24.07,10.83
170,21,377.05,139.88,3,37.04,18.68
170,21,377.05,139.88,4,2.88,35.14
170,22,283.00,365.80,0,5.31,13.68
170,22,283.00,365.80,1,37.66,0.39
170,22,283.00,365.80,2,24.07,10.83
170,22,283.00,365.80,3,37.04,18.68
170,22,283.00,365.80,4,2.88,35.14
170,23,355.19,251.96,0,5.31,13.68
170,23,355.19,251.96,1,37.66,0.39
170,23,355.19,251.96,2,24.07,10.83
170,23,355.19,251.96,3,37.04,18.68
170,23,355.19,251.96,4,2.88,35.14
170,24,154.02,66.76,0,5.31,13.68
170,24,154.02,66.76,1,37.66,0.39
170,24,154.02,66.76,2,24.07,10.83
170,24,154.02,66.76,3,37.04,18.68
170,24,154.02,66.76,4,2.88,35.14
170,25,62.15,358.59,0,5.31,13.68
170,25,62.15,358.59,1,37.66,0.39
170,25,62.15,358.59,2,24.07,10.83
170,25,62.15,358.59,3,37.04,18.68
170,25,62.15,358.59,4,2.88,35.14
170,26,297.50,24.27,0,5.31,13.68
170,26,297.50,24.27,1,37.66,0.39
170,26,297.50,24.27,2,24.07,10.83
170,26,297.50,24.27,3,37.04,18.68
170,26,297.50,24.27,4,2.88,35.14
170,27,222.58,95.50,0,5.31,13.68
170,27,222.58,95.50,1,37.66,0.39
170,27,222.58,95.50,2,24.07,10.83
170,27,222.58,95.50,3,37.04,18.68
170,27,222.58,95.50,4,2.88,35.14
170,28,386.58,354.56,0,5.31,13.68
170,28,386.58,354.56,1,37.66,0.39
170,28,386.58,354.56,2,24.07,10.83
170,28,386.58,354.56,3,37.04,18.68
170,28,386.58,354.56,4,2.88,35.14
170,29,150.47,255.44,0,5.31,13.68
170,29,150.47,255.44,1,37.66,0.39
170,29,150.47,255.44,2,24.07,10.83
170,29,150.47,255.44,3,37.04,18.68
170,29,150.47,255.44,4,2.88,35.14
170,31,199.92,51.08,0,5.31,13.68
170,31,199.92,51.08,1,37.66,0.39
170,31,199.92,51.08,2,24.07,10.83
170,31,199.92,51.08,3,37.04,18.68
170,31,199.92,51.08,4,2.88,35.14
170,32,230.16,77.73,0,5.31,13.68
170,32,230.16,77.73,1,37.66,0.39
170,32,230.16,77.73,2,24.07,10.83
170,32,230.16,77.73,3,37.04,18.68
170,32,230.16,77.73,4,2.88,35.14
170,33,34.10,288.59,0,5.31,13.68
170,33,34.10,288.59,1,37.66,0.39
170,33,34.10,288.59,2,24.07,10.83
170,33,34.10,288.59,3,37.04,18.68
170,33,34.10,288.59,4,2.88,35.14
170,34,200.69,106.89,0,5.31,13.68
170,34,200.69,106.89,1,37.66,0.39
170,34,200.69,106.89,2,24.07,10.83
170,34,200.69,106.89,3,37.04,18.68
170,34,200.69,106.89,4,2.88,35.14
170,35,334.26,205.19,0,5.31,13.68
170,35,334.26,205.19,1,37.66,0.39
170,35,334.26,205.19,2,24.07,10.83
170,35,334.26,205.19,3,37.04,18.68
170,35,334.26,205.19,4,2.88,35.14
170,36,90.42,329.02,0,5.31,13.68
170,36,90.42,329.02,1,37.66,0.39
170,36,90.42,329.02,2,24.07,10.83
170,36,90.42,329.02,3,37.04,18.68
170,36,90.42,329.02,4,2.88,35.14
170,37,314.42,271.97,0,5.31,13.68
170,37,314.42,271.97,1,37.66,0.39
170,37,314.42,271.97,2,24.07,10.83
170,37,314.42,271.97,3,37.04,18.68
170,37,314.42,271.97,4,2.88,35.14
170,38,127.15,231.70,0,5.31,13.68
170,38,127.15,231.70,1,37.66,0.39
170,38,127.15,231.70,2,24.07,10.83
170,38,127.15,231.70,3,37.04,18.68
170,38,127.15,231.70,4,2.88,35.14
170,39,100.42,196.02,0,5.31,13.68
170,39,100.42,196.02,1,37.66,0.39
170,39,100.42,196.02,2,24.07,10.83
170,39,100.42,196.02,3,37.04,18.68
170,39,100.42,196.02,4,2.88,35.14
170,40,254.27,101.83,0,5.31,13.68
170,40,254.27,101.83,1,37.66,0.39
170,40,254.27,101.83,2,24.07,10.83
170,40,254.27,101.83,3,37.04,18.68
170,40,254.27,101.83,4,2.88,35.14
170,41,260.06,304.22,0,5.31,13.68
170,41,260.06,304.22,1,37.66,0.39
170,41,260.06,304.22,2,24.07,10.83
170,41,260.06,304.22,3,37.04,18.68
170,41,260.06,304.22,4,2.88,35.14
170,42,358.16,225.10,0,5.31,13.68
170,42,358.16,225.10,1,37.66,0.39
170,42,358.16,225.10,2,24.07,10.83
170,42,358.16,225.10,3,37.04,18.68
170,42,358.16,225.10,4,2.88,35.14
170,43,213.38,84.61,0,5.31,13.68
170,43,213.38,84.61,1,37.66,0.39
170,43,213.38,84.61,2,24.07,10.83
170,43,213.38,84.61,3,37.04,18.68
170,43,213.38,84.61,4,2.88,35.14
170,44,361.06,197.30,0,5.31,13.68
170,44,361.06,197.30,1,37.66,0.39
170,44,361.06,197.30,2,24.07,10.83
170,44,361.06,197.30,3,37.04,18.68
170,44,361.06,197.30,4,2.88,35.14
170,46,61.74,369.37,0,5.31,13.68
170,46,61.74,369.37,1,37.66,0.39
170,46,61.74,369.37,2,24.07,10.83
170,46,61.74,369.37,3,37.04,18.68
170,46,61.74,369.37,4,2.88,35.14
170,47,40.79,321.31,0,5.31,13.68
170,47,40.79,321.31,1,37.66,0.39
170,47,40.79,321.31,2,24.07,10.83
170,47,40.79,321.31,3,37.04,18.68
170,47,40.79,321.31,4,2.88,35.14
170,48,353.30,194.14,0,5.31,13.68
170,48,353.30,194.14,1,37.66,0.39
170,48,353.30,194.14,2,24.07,10.83
170,48,353.30,194.14,3,37.04,18.68
170,48,353.30,194.14,4,2.88,35.14
170,49,205.86,124.94,0,5.31,13.68
170,49,205.86,124.94,1,37.66,0.39
170,49,205.86,124.94,2,24.07,10.83
170,49,205.86,124.94,3,37.04,18.68
170,49,205.86,124.94,4,2.88,35.14
170,50,311.63,309.73,0,5.31,13.68
170,50,311.63,309.73,1,37.66,0.39
170,50,311.63,309.73,2,24.07,10.83
170,50,311.63,309.73,3,37.04,18.68
170,50,311.63,309.73,4,2.88,35.14
170,51,21.62,362.70,0,5.31,13.68
170,51,21.62,362.70,1,37.66,0.39
170,51,21.62,362.70,2,24.07,10.83
170,51,21.62,362.70,3,37.04,18.68
170,51,21.62,362.70,4,2.88,35.14
170,52,216.00,108.47,0,5.31,13.68
170,52,216.00,108.47,1,37.66,0.39
170,52,216.00,108.47,2,24.07,10.83
170,52,216.00,108.47,3,37.04,18.68
170,52,216.00,108.47,4,2.88,35.14
170,53,285.93,234.06,0,5.31,13.68
170,53,285.93,234.06,1,37.66,0.39
170,53,285.93,234.06,2,24.07,10.83
170,53,285.93,234.06,3,37.04,18.68
170,53,285.93,234.06,4,2.88,35.14
170,54,357.28,18.41,0,5.31,13.68
170,54,357.28,18.41,1,37.66,0.39
170,54,357.28,18.41,2,24.07,10.83
170,54,357.28,18.41,3,37.04,18.68
170,54,357.28,18.41,4,2.88,35.14
170,55,279.62,245.54,0,5.31,13.68
170,55,279.62,245.54,1,37.66,0.39
170,55,279.62,245.54,2,24.07,10.83
170,55,279.62,245.54,3,37.04,18.68
170,55,279.62,245.54,4,2.88,35.14
170,56,328.58,177.42,0,5.31,13.68
170,56,328.58,177.42,1,37.66,0.39
170,56,328.58,177.42,2,24.07,10.83
170,56,328.58,177.42,3,37.04,18.68
170,56,328.58,177.42,4,2.88,35.14
170,57,86.75,171.69,0,5.31,13.68
170,57,86.75,171.69,1,37.66,0.39
170,57,86.75,171.69,2,24.07,10.83
170,57,86.75,171.69,3,37.04,18.68
170,57,86.75,171.69,4,2.88,35.14
170,58,357.89,187.08,0,5.31,13.68
170,58,357.89,187.08,1,37.66,0.39
170,58,357.89,187.08,2,24.07,10.83
170,58,357.89,187.08,3,37.04,18.68
170,58,357.89,187.08,4,2.88,35.14
170,59,53.14,137.07,0,5.31,13.68
170,59,53.14,137.07,1,37.66,0.39
170,59,53.14,137.07,2,24.07,10.83
170,59,53.14,137.07,3,37.04,18.68
170,59,53.14,137.07,4,2.88,35.14
170,60,183.89,271.22,0,5.31,13.68
170,60,183.89,271.22,1,37.66,0.39
170,60,183.89,271.22,2,24.07,10.83
170,60,183.89,271.22,3,37.04,18.68
170,60,183.89,271.22,4,2.88,35.14
170,61,43.25,137.24,0,5.31,13.68
170,61,43.25,137.24,1,37.66,0.39
170,61,43.25,137.24,2,24.07,10.83
170,61,43.25,137.24,3,37.04,18.68
170,61,43.25,137.24,4,2.88,35.14
170,62,31.19,370.35,0,5.31,13.68
170,62,31.19,370.35,1,37.66,0.39
170,62,31.19,370.35,2,24.07,10.83
170,62,31.19,370.35,3,37.04,18.68
170,62,31.19,370.35,4,2.88,35.14
170,63,97.76,169.42,0,5.31,13.68
170,63,97.76,169.42,1,37.66,0.39
170,63,97.76,169.42,2,24.07,10.83
170,63,97.76,169.42,3,37.04,18.68
170,63,97.76,169.42,4,2.88,35.14
170,64,354.91,24.02,0,5.31,13.68
170,64,354.91,24.02,1,37.66,0.39
170,64,354.91,24.02,2,24.07,10.83
170,64,354.91,24.02,3,37.04,18.68
170,64,354.91,24.02,4,2.88,35.14
170,65,344.75,257.31,0,5.31,13.68
170,65,344.75,257.31,1,37.66,0.39
170,65,344.75,257.31,2,24.07,10.83
170,65,344.75,257.31,3,37.04,18.68
170,65,344.75,257.31,4,2.88,35.14
170,66,87.82,378.74,0,5.31,13.68
170,66,87.82,378.74,1,37.66,0.39
170,66,87.82,378.74,2,24.07,10.83
170,66,87.82,378.74,3,37.04,18.68
170,66,87.82,378.74,4,2.88,35.14
170,67,37.55,210.23,0,5.31,13.68
170,67,37.55,210.23,1,37.66,0.39
170,67,37.55,210.23,2,24.07,10.83
170,67,37.55,210.23,3,37.04,18.68
170,67,37.55,210.23,4,2.88,35.14
170,68,233.82,324.72,0,5.31,13.68
170,68,233.82,324.72,1,37.66,0.39
170,68,233.82,324.72,2,24.07,10.83
170,68,233.82,324.72,3,37.04,18.68
170,68,233.82,324.72,4,2.88,35.14
170,69,374.01,352.60,0,5.31,13.68
170,69,374.01,352.60,1,37.66,0.39
170,69,374.01,352.60,2,24.07,10.83
170,69,374.01,352.60,3,37.04,18.68
170,69,374.01,352.60,4,2.88,35.14
170,70,218.27,99.63,0,5.31,13.68
170,70,218.27,99.63,1,37.66,0.39
170,70,218.27,99.63,2,24.07,10.83
170,70,218.27,99.63,3,37.04,18.68
170,70,218.27,99.63,4,2.88,35.14
170,71,36.52,368.44,0,5.31,13.68
170,71,36.52,368.44,1,37.66,0.39
170,71,36.52,368.44,2,24.07,10.83
170,71,36.52,368.44,3,37.04,18.68
170,71,36.52,368.44,4,2.88,35.14
170,72,17.85,376.13,0,5.31,13.68
170,72,17.85,376.13,1,37.66,0.39
170,72,17.85,376.13,2,24.07,10.83
170,72,17.85,376.13,3,37.04,18.68
170,72,17.85,376.13,4,2.88,35.14
170,73,367.79,163.09,0,5.31,13.68
170,73,367.79,163.09,1,37.66,0.39
170,73,367.79,163.09,2,24.07,10.83
170,73,367.79,163.09,3,37.04,18.68
170,73,367.79,163.09,4,2.88,35.14
170,74,223.31,86.69,0,5.31,13.68
170,74,223.31,86.69,1,37.66,0.39
170,74,223.31,86.69,2,24.07,10.83
170,74,223.31,86.69,3,37.04,18.68
170,74,223.31,86.69,4,2.88,35.14
170,75,199.01,95.71,0,5.31,13.68
170,75,199.01,95.71,1,37.66,0.39
170,75,199.01,95.71,2,24.07,10.83
170,75,199.01,95.71,3,37.04,18.68
170,75,199.01,95.71,4,2.88,35.14
170,76,361.66,122.59,0,5.31,13.68
170,76,361.66,122.59,1,37.66,0.39
170,76,361.66,122.59,2,24.07,10.83
170,76,361.66,122.59,3,37.04,18.68
170,76,361.66,122.59,4,2.88,35.14
170,77,78.91,155.74,0,5.31,13.68
170,77,78.91,155.74,1,37.66,0.39
170,77,78.91,155.74,2,24.07,10.83
170,77,78.91,155.74,3,37.04,18.68
170,77,78.91,155.74,4,2.88,35.14
170,78,206.12,386.54,0,5.31,13.68
170,78,206.12,386.54,1,37.66,0.39
170,78,206.12,386.54,2,24.07,10.83
170,78,206.12,386.54,3,37.04,18.68
170,78,206.12,386.54,4,2.88,35.14
170,79,361.93,200.74,0,5.31,13.68
170,79,361.93,200.74,1,37.66,0.39
170,79,361.93,200.74,2,24.07,10.83
170,79,361.93,200.74,3,37.04,18.68
170,79,361.93,200.74,4,2.88,35.14
170,81,262.15,354.61,0,5.31,13.68
170,81,262.15,354.61,1,37.66,0.39
170,81,262.15,354.61,2,24.07,10.83
170,81,262.15,354.61,3,37.04,18.68
170,81,262.15,354.61,4,2.88,35.14
170,82,325.66,124.98,0,5.31,13.68
170,82,325.66,124.98,1,37.66,0.39
170,82,325.66,124.98,2,24.07,10.83
170,82,325.66,124.98,3,37.04,18.68
170,82,325.66,124.98,4,2.88,35.14
170,83,171.61,42.50,0,5.31,13.68
170,83,171.61,42.50,1,37.66,0.39
170,83,171.61,42.50,2,24.07,10.83
170,83,171.61,42.50,3,37.04,18.68
170,83,171.61,42.50,4,2.88,35.14
170,84,210.59,290.18,0,5.31,13.68
170,84,210.59,290.18,1,37.66,0.39
170,84,210.59,290.18,2,24.07,10.83
170,84,210.59,290.18,3,37.04,18.68
170,84,210.59,290.18,4,2.88,35.14
170,85,364.89,133.90,0,5.31,13.68
170,85,364.89,133.90,1,37.66,0.39
170,85,364.89,133.90,2,24.07,10.83
170,85,364.89,133.90,3,37.04,18.68
170,85,364.89,133.90,4,2.88,35.14
170,86,29.09,129.27,0,5.31,13.68
170,86,29.09,129.27,1,37.66,0.39
170,86,29.09,129.27,2,24.07,10.83
170,86,29.09,129.27,3,37.04,18.68
170,86,29.09,129.27,4,2.88,35.14
170,87,384.17,21.47,0,5.31,13.68
170,87,384.17,21.47,1,37.66,0.39
170,87,384.17,21.47,2,24.07,10.83
170,87,384.17,21.47,3,37.04,18.68
170,87,384.17,21.47,4,2.88,35.14
170,88,190.47,304.81,0,5.31,13.68
170,88,190.47,304.81,1,37.66,0.39
170,88,190.47,304.81,2,24.07,10.83
170,88,190.47,304.81,3,37.04,18.68
170,88,190.47,304.81,4,2.88,35.14
170,89,319.71,44.66,0,5.31,13.68
170,89,319.71,44.66,1,37.66,0.39
170,89,319.71,44.66,2,24.07,10.83
170,89,319.71,44.66,3,37.04,18.68
170,89,319.71,44.66,4,2.88,35.14
170,90,193.15,51.33,0,5.31,13.68
170,90,193.15,51.33,1,37.66,0.39
170,90,193.15,51.33,2,24.07,10.83
170,90,193.15,51.33,3,37.04,18.68
170,90,193.15,51.33,4,2.88,35.14
170,92,249.30,89.30,0,5.31,13.68
170,92,249.30,89.30,1,37.66,0.39
170,92,249.30,89.30,2,24.07,10.83
170,92,249.30,89.30,3,37.04,18.68
170,92,249.30,89.30,4,2.88,35.14
170,93,237.67,85.94,0,5.31,13.68
170,93,237.67,85.94,1,37.66,0.39
170,93,237.67,85.94,2,24.07,10.83
170,93,237.67,85.94,3,37.04,18.68
170,93,237.67,85.94,4,2.88,35.14
170,94,20.35,360.68,0,5.31,13.68
170,94,20.35,360.68,1,37.66,0.39
170,94,20.35,360.68,2,24.07,10.83
170,94,20.35,360.68,3,37.04,18.68
170,94,20.35,360.68,4,2.88,35.14
170,95,332.50,154.20,0,5.31,13.68
170,95,332.50,154.20,1,37.66,0.39
170,95,332.50,154.20,2,24.07,10.83
170,95,332.50,154.20,3,37.04,18.68
170,95,332.50,154.20,4,2.88,35.14
170,96,79.48,178.05,0,5.31,13.68
170,96,79.48,178.05,1,37.66,0.39
170,96,79.48,178.05,2,24.07,10.83
170,96,79.48,178.05,3,37.04,18.68
170,96,79.48,178.05,4,2.88,35.14
170,97,254.43,167.18,0,5.31,13.68
170,97,254.43,167.18,1,37.66,0.39
170,97,254.43,167.18,2,24.07,10.83
170,97,254.43,167.18,3,37.04,18.68
170,97,254.43,167.18,4,2.88,35.14
170,98,338.16,14.13,0,5.31,13.68
170,98,338.16,14.13,1,37.66,0.39
170,98,338.16,14.13,2,24.07,10.83
170,98,338.16,14.13,3,37.04,18.68
170,98,338.16,14.13,4,2.88,35.14
170,99,372.02,176.39,0,5.31,13.68
170,99,372.02,176.39,1,37.66,0.39
170,99,372.02,176.39,2,24.07,10.83
170,99,372.02,176.39,3,37.04,18.68
170,99,372.02,176.39,4,2.88,35.14
170,102,56.71,174.29,0,5.31,13.68
170,102,56.71,174.29,1,37.66,0.39
170,102,56.71,174.29,2,24.07,10.83
170,102,56.71,174.29,3,37.04,18.68
170,102,56.71,174.29,4,2.88,35.14
170,103,113.34,384.40,0,5.31,13.68
170,103,113.34,384.40,1,37.66,0.39
170,103,113.34,384.40,2,24.07,10.83
170,103,113.34,384.40,3,37.04,18.68
170,103,113.34,384.40,4,2.88,35.14
170,104,347.44,10.98,0,5.31,13.68
170,104,347.44,10.98,1,37.66,0.39
170,104,347.44,10.98,2,24.07,10.83
170,104,347.44,10.98,3,37.04,18.68
170,104,347.44,10.98,4,2.88,35.14
170,105,34.77,360.30,0,5.31,13.68
170,105,34.77,360.30,1,37.66,0.39
170,105,34.77,360.30,2,24.07,10.83
170,105,34.77,360.30,3,37.04,18.68
170,105,34.77,360.30,4,2.88,35.14
170,106,55.10,256.59,0,5.31,13.68
170,106,55.10,256.59,1,37.66,0.39
170,106,55.10,256.59,2,24.07,10.83
170,106,55.10,256.59,3,37.04,18.68
170,106,55.10,256.59,4,2.88,35.14
170,107,228.75,111.70,0,5.31,13.68
170,107,228.75,111.70,1,37.66,0.39
170,107,228.75,111.70,2,24.07,10.83
170,107,228.75,111.70,3,37.04,18.68
170,107,228.75,111.70,4,2.88,35.14
170,108,5.82,60.17,0,5.31,13.68
170,108,5.82,60.17,1,37.66,0.39
170,108,5.82,60.17,2,24.07,10.83
170,108,5.82,60.17,3,37.04,18.68
170,108,5.82,60.17,4,2.88,35.14
170,109,69.11,313.30,0,5.31,13.68
170,109,69.11,313.30,1,37.66,0.39
170,109,69.11,313.30,2,24.07,10.83
170,109,69.11,313.30,3,37.04,18.68
170,109,69.11,313.30,4,2.88,35.14
170,110,118.59,335.41,0,5.31,13.68
170,110,118.59,335.41,1,37.66,0.39
170,110,118.59,335.41,2,24.07,10.83
170,110,118.59,335.41,3,37.04,18.68
170,110,118.59,335.41,4,2.88,35.14
170,111,371.79,24.75,0,5.31,13.68
170,111,371.79,24.75,1,37.66,0.39
170,111,371.79,24.75,2,24.07,10.83
170,111,371.79,24.75,3,37.04,18.68
170,111,371.79,24.75,4,2.88,35.14
170,112,181.61,101.97,0,5.31,13.68
170,112,181.61,101.97,1,37.66,0.39
170,112,181.61,101.97,2,24.07,10.83
170,112,181.61,101.97,3,37.04,18.68
170,112,181.61,101.97,4,2.88,35.14
170,113,105.58,130.02,0,5.31,13.68
170,113,105.58,130.02,1,37.66,0.39
170,113,105.58,130.02,2,24.07,10.83
170,113,105.58,130.02,3,37.04,18.68
170,113,105.58,130.02,4,2.88,35.14
170,114,159.52,31.24,0,5.31,13.68
170,114,159.52,31.24,1,37.66,0.39
170,114,159.52,31.24,2,24.07,10.83
170,114,159.52,31.24,3,37.04,18.68
170,114,159.52,31.24,4,2.88,35.14
170,115,373.22,219.25,0,5.31,13.68
170,115,373.22,219.25,1,37.66,0.39
170,115,373.22,219.25,2,24.07,10.83
170,115,373.22,219.25,3,37.04,18.68
170,115,373.22,219.25,4,2.88,35.14
170,116,211.53,137.28,0,5.31,13.68
170,116,211.53,137.28,1,37.66,0.39
170,116,211.53,137.28,2,24.07,10.83
170,116,211.53,137.28,3,37.04,18.68
170,116,211.53,137.28,4,2.88,35.14
170,117,353.03,114.66,0,5.31,13.68
170,117,353.03,114.66,1,37.66,0.39
170,117,353.03,114.66,2,24.07,10.83
170,117,353.03,114.66,3,37.04,18.68
170,117,353.03,114.66,4,2.88,35.14
170,118,91.48,204.24,0,5.31,13.68
170,118,91.48,204.24,1,37.66,0.39
170,118,91.48,204.24,2,24.07,10.83
170,118,91.48,204.24,3,37.04,18.68
170,118,91.48,204.24,4,2.88,35.14
170,119,326.34,113.86,0,5.31,13.68
170,119,326.34,113.86,1,37.66,0.39
170,119,326.34,113.86,2,24.07,10.83
170,119,326.34,113.86,3,37.04,18.68
170,119,326.34,113.86,4,2.88,35.14
170,120,187.28,234.23,0,5.31,13.68
170,120,187.28,234.23,1,37.66,0.39
170,120,187.28,234.23,2,24.07,10.83
170,120,187.28,234.23,3,37.04,18.68
170,120,187.28,234.23,4,2.88,35.14
170,121,74.19,116.99,0,5.31,13.68
170,121,74.19,116.99,1,37.66,0.39
170,121,74.19,116.99,2,24.07,10.83
170,121,74.19,116.99,3,37.04,18.68
170,121,74.19,116.99,4,2.88,35.14
170,122,144.62,233.24,0,5.31,13.68
170,122,144.62,233.24,1,37.66,0.39
170,122,144.62,233.24,2,24.07,10.83
170,122,144.62,233.24,3,37.04,18.68
170,122,144.62,233.24,4,2.88,35.14
170,123,174.87,327.34,0,5.31,13.68
170,123,174.87,327.34,1,37.66,0.39
170,123,174.87,327.34,2,24.07,10.83
170,123,174.87,327.34,3,37.04,18.68
170,123,174.87,327.34,4,2.88,35.14
170,124,113.05,30.30,0,5.31,13.68
170,124,113.05,30.30,1,37.66,0.39
170,124,113.05,30.30,2,24.07,10.83
170,124,113.05,30.30,3,37.04,18.68
170,124,113.05,30.30,4,2.88,35.14
170,125,364.94,102.53,0,5.31,13.68
170,125,364.94,102.53,1,37.66,0.39
170,125,364.94,102.53,2,24.07,10.83
170,125,364.94,102.53,3,37.04,18.68
170,125,364.94,102.53,4,2.88,35.14
170,126,27.25,97.65,0,5.31,13.68
170,126,27.25,97.65,1,37.66,0.39
170,126,27.25,97.65,2,24.07,10.83
170,126,27.25,97.65,3,37.04,18.68
170,126,27.25,97.65,4,2.88,35.14
170,127,26.47,377.59,0,5.31,13.68
170,127,26.47,377.59,1,37.66,0.39
170,127,26.47,377.59,2,24.07,10.83
170,127,26.47,377.59,3,37.04,18.68
170,127,26.47,377.59,4,2.88,35.14
170,128,244.90,363.76,0,5.31,13.68
170,128,244.90,363.76,1,37.66,0.39
170,128,244.90,363.76,2,24.07,10.83
170,128,244.90,363.76,3,37.04,18.68
170,128,244.90,363.76,4,2.88,35.14
170,129,291.24,171.43,0,5.31,13.68
170,129,291.24,171.43,1,37.66,0.39
170,129,291.24,171.43,2,24.07,10.83
170,129,291.24,171.43,3,37.04,18.68
170,129,291.24,171.43,4,2.88,35.14
170,130,373.03,191.91,0,5.31,13.68
170,130,373.03,191.91,1,37.66,0.39
170,130,373.03,191.91,2,24.07,10.83
170,130,373.03,191.91,3,37.04,18.68
170,130,373.03,191.91,4,2.88,35.14
170,131,253.99,74.32,0,5.31,13.68
170,131,253.99,74.32,1,37.66,0.39
170,131,253.99,74.32,2,24.07,10.83
170,131,253.99,74.32,3,37.04,18.68
170,131,253.99,74.32,4,2.88,35.14
170,132,366.29,289.94,0,5.31,13.68
170,132,366.29,289.94,1,37.66,0.39
170,132,366.29,289.94,2,24.07,10.83
170,132,366.29,289.94,3,37.04,18.68
170,132,366.29,289.94,4,2.88,35.14
170,133,16.28,115.63,0,5.31,13.68
170,133,16.28,115.63,1,37.66,0.39
170,133,16.28,115.63,2,24.07,10.83
170,133,16.28,115.63,3,37.04,18.68
170,133,16.28,115.63,4,2.88,35.14
170,134,377.81,32.64,0,5.31,13.68
170,134,377.81,32.64,1,37.66,0.39
170,134,377.81,32.64,2,24.07,10.83
170,134,377.81,32.64,3,37.04,18.68
170,134,377.81,32.64,4,2.88,35.14
170,135,87.22,261.46,0,5.31,13.68
170,135,87.22,261.46,1,37.66,0.39
170,135,87.22,261.46,2,24.07,10.83
170,135,87.22,261.46,3,37.04,18.68
170,135,87.22,261.46,4,2.88,35.14
170,136,365.10,28.81,0,5.31,13.68
170,136,365.10,28.81,1,37.66,0.39
170,136,365.10,28.81,2,24.07,10.83
170,136,365.10,28.81,3,37.04,18.68
170,136,365.10,28.81,4,2.88,35.14
170,137,249.13,64.67,0,5.31,13.68
170,137,249.13,64.67,1,37.66,0.39
170,137,249.13,64.67,2,24.07,10.83
170,137,249.13,64.67,3,37.04,18.68
170,137,249.13,64.67,4,2.88,35.14
170,138,242.11,90.39,0,5.31,13.68
170,138,242.11,90.39,1,37.66,0.39
170,138,242.11,90.39,2,24.07,10.83
170,138,242.11,90.39,3,37.04,18.68
170,138,242.11,90.39,4,2.88,35.14
170,139,359.21,110.54,0,5.31,13.68
170,139,359.21,110.54,1,37.66,0.39
170,139,359.21,110.54,2,24.07,10.83
170,139,359.21,110.54,3,37.04,18.68
170,139,359.21,110.54,4,2.88,35.14
170,140,375.62,5.60,0,5.31,13.68
170,140,375.62,5.60,1,37.66,0.39
170,140,375.62,5.60,2,24.07,10.83
170,140,375.62,5.60,3,37.04,18.68
170,140,375.62,5.60,4,2.88,35.14
170,141,348.34,371.19,0,5.31,13.68
170,141,348.34,371.19,1,37.66,0.39
170,141,348.34,371.19,2,24.07,10.83
170,141,348.34,371.19,3,37.04,18.68
170,141,348.34,371.19,4,2.88,35.14
170,142,231.43,126.12,0,5.31,13.68
170,142,231.43,126.12,1,37.66,0.39
170,142,231.43,126.12,2,24.07,10.83
170,142,231.43,126.12,3,37.04,18.68
170,142,231.43,126.12,4,2.88,35.14
170,143,349.95,344.05,0,5.31,13.68
170,143,349.95,344.05,1,37.66,0.39
170,143,349.95,344.05,2,24.07,10.83
170,143,349.95,344.05,3,37.04,18.68
170,143,349.95,344.05,4,2.88,35.14
170,144,380.40,194.00,0,5.31,13.68
170,144,380.40,194.00,1,37.66,0.39
170,144,380.40,194.00,2,24.07,10.83
170,144,380.40,194.00,3,37.04,18.68
170,144,380.40,194.00,4,2.88,35.14
170,145,240.38,346.11,0,5.31,13.68
170,145,240.38,346.11,1,37.66,0.39
170,145,240.38,346.11,2,24.07,10.83
170,145,240.38,346.11,3,37.04,18.68
170,145,240.38,346.11,4,2.88,35.14
170,146,110.76,192.50,0,5.31,13.68
170,146,110.76,192.50,1,37.66,0.39
170,146,110.76,192.50,2,24.07,10.83
170,146,110.76,192.50,3,37.04,18.68
170,146,110.76,192.50,4,2.88,35.14
170,147,18.40,268.57,0,5.31,13.68
170,147,18.40,268.57,1,37.66,0.39
170,147,18.40,268.57,2,24.07,10.83
170,147,18.40,268.57,3,37.04,18.68
170,147,18.40,268.57,4,2.88,35.14
170,148,303.46,211.55,0,5.31,13.68
170,148,303.46,211.55,1,37.66,0.39
170,148,303.46,211.55,2,24.07,10.83
170,148,303.46,211.55,3,37.04,18.68
170,148,303.46,211.55,4,2.88,35.14
170,149,349.44,262.80,0,5.31,13.68
170,149,349.44,262.80,1,37.66,0.39
170,149,349.44,262.80,2,24.07,10.83
170,149,349.44,262.80,3,37.04,18.68
170,149,349.44,262.80,4,2.88,35.14
170,150,270.75,135.97,0,5.31,13.68
170,150,270.75,135.97,1,37.66,0.39
170,150,270.75,135.97,2,24.07,10.83
170,150,270.75,135.97,3,37.04,18.68
170,150,270.75,135.97,4,2.88,35.14
170,151,207.25,86.51,0,5.31,13.68
170,151,207.25,86.51,1,37.66,0.39
170,151,207.25,86.51,2,24.07,10.83
170,151,207.25,86.51,3,37.04,18.68
170,151,207.25,86.51,4,2.88,35.14
170,152,34.51,86.19,0,5.31,13.68
170,152,34.51,86.19,1,37.66,0.39
170,152,34.51,86.19,2,24.07,10.83
170,152,34.51,86.19,3,37.04,18.68
170,152,34.51,86.19,4,2.88,35.14
170,153,43.84,124.09,0,5.31,13.68
170,153,43.84,124.09,1,37.66,0.39
170,153,43.84,124.09,2,24.07,10.83
170,153,43.84,124.09,3,37.04,18.68
170,153,43.84,124.09,4,2.88,35.14
170,155,205.28,143.29,0,5.31,13.68
170,155,205.28,143.29,1,37.66,0.39
170,155,205.28,143.29,2,24.07,10.83
170,155,205.28,143.29,3,37.04,18.68
170,155,205.28,143.29,4,2.88,35.14
170,156,350.16,319.38,0,5.31,13.68
170,156,350.16,319.38,1,37.66,0.39
170,156,350.16,319.38,2,24.07,10.83
170,156,350.16,319.38,3,37.04,18.68
170,156,350.16,319.38,4,2.88,35.14
170,157,198.90,86.76,0,5.31,13.68
170,157,198.90,86.76,1,37.66,0.39
170,157,198.90,86.76,2,24.07,10.83
170,157,198.90,86.76,3,37.04,18.68
170,157,198.90,86.76,4,2.88,35.14
170,158,216.00,96.17,0,5.31,13.68
170,158,216.00,96.17,1,37.66,0.39
170,158,216.00,96.17,2,24.07,10.83
170,158,216.00,96.17,3,37.04,18.68
170,158,216.00,96.17,4,2.88,35.14
170,159,367.57,307.86,0,5.31,13.68
170,159,367.57,307.86,1,37.66,0.39
170,159,367.57,307.86,2,24.07,10.83
170,159,367.57,307.86,3,37.04,18.68
170,159,367.57,307.86,4,2.88,35.14
170,160,314.21,395.34,0,5.31,13.68
170,160,314.21,395.34,1,37.66,0.39
170,160,314.21,395.34,2,24.07,10.83
170,160,314.21,395.34,3,37.04,18.68
170,160,314.21,395.34,4,2.88,35.14
170,161,178.67,157.02,0,5.31,13.68
170,161,178.67,157.02,1,37.66,0.39
170,161,178.67,157.02,2,24.07,10.83
170,161,178.67,157.02,3,37.04,18.68
170,161,178.67,157.02,4,2.88,35.14
170,162,295.06,351.07,0,5.31,13.68
170,162,295.06,351.07,1,37.66,0.39
170,162,295.06,351.07,2,24.07,10.83
170,162,295.06,351.07,3,37.04,18.68
170,162,295.06,351.07,4,2.88,35.14
170,163,171.53,152.95,0,5.31,13.68
170,163,171.53,152.95,1,37.66,0.39
170,163,171.53,152.95,2,24.07,10.83
170,163,171.53,152.95,3,37.04,18.68
170,163,171.53,152.95,4,2.88,35.14
170,164,42.52,22.38,0,5.31,13.68
170,164,42.52,22.38,1,37.66,0.39
170,164,42.52,22.38,2,24.07,10.83
170,164,42.52,22.38,3,37.04,18.68
170,164,42.52,22.38,4,2.88,35.14
170,165,93.04,60.93,0,5.31,13.68
170,165,93.04,60.93,1,37.66,0.39
170,165,93.04,60.93,2,24.07,10.83
170,165,93.04,60.93,3,37.04,18.68
170,165,93.04,60.93,4,2.88,35.14
170,166,269.11,380.25,0,5.31,13.68
170,166,269.11,380.25,1,37.66,0.39
170,166,269.11,380.25,2,24.07,10.83
170,166,269.11,380.25,3,37.04,18.68
170,166,269.11,380.25,4,2.88,35.14
170,167,391.71,329.53,0,5.31,13.68
170,167,391.71,329.53,1,37.66,0.39
170,167,391.71,329.53,2,24.07,10.83
170,167,391.71,329.53,3,37.04,18.68
170,167,391.71,329.53,4,2.88,35.14
170,168,206.35,272.98,0,5.31,13.68
170,168,206.35,272.98,1,37.66,0.39
170,168,206.35,272.98,2,24.07,10.83
170,168,206.35,272.98,3,37.04,18.68
170,168,206.35,272.98,4,2.88,35.14
170,169,201.86,63.21,0,5.31,13.68
170,169,201.86,63.21,1,37.66,0.39
170,169,201.86,63.21,2,24.07,10.83
170,169,201.86,63.21,3,37.04,18.68
170,169,201.86,63.21,4,2.88,35.14
170,170,294.53,258.17,0,5.31,13.68
170,170,294.53,258.17,1,37.66,0.39
170,170,294.53,258.17,2,24.07,10.83
170,170,294.53,258.17,3,37.04,18.68
170,170,294.53,258.17,4,2.88,35.14
170,171,49.00,123.44,0,5.31,13.68
170,171,49.00,123.44,1,37.66,0.39
170,171,49.00,123.44,2,24.07,10.83
170,171,49.00,123.44,3,37.04,18.68
170,171,49.00,123.44,4,2.88,35.14
170,172,352.70,199.98,0,5.31,13.68
170,172,352.70,199.98,1,37.66,0.39
170,172,352.70,199.98,2,24.07,10.83
170,172,352.70,199.98,3,37.04,18.68
170,172,352.70,199.98,4,2.88,35.14
170,173,379.42,156.79,0,5.31,13.68
170,173,379.42,156.79,1,37.66,0.39
170,173,379.42,156.79,2,24.07,10.83
170,173,379.42,156.79,3,37.04,18.68
170,173,379.42,156.79,4,2.88,35.14
170,174,171.74,224.00,0,5.31,13.68
170,174,171.74,224.00,1,37.66,0.39
170,174,171.74,224.00,2,24.07,10.83
170,174,171.74,224.00,3,37.04,18.68
170,174,171.74,224.00,4,2.88,35.14
170,176,42.54,203.08,0,5.31,13.68
170,176,42.54,203.08,1,37.66,0.39
170,176,42.54,203.08,2,24.07,10.83
170,176,42.54,203.08,3,37.04,18.68
170,176,42.54,203.08,4,2.88,35.14
170,177,206.40,280.24,0,5.31,13.68
170,177,206.40,280.24,1,37.66,0.39
170,177,206.40,280.24,2,24.07,10.83
170,177,206.40,280.24,3,37.04,18.68
170,177,206.40,280.24,4,2.88,35.14
170,178,206.00,94.29,0,5.31,13.68
170,178,206.00,94.29,1,37.66,0.39
170,178,206.00,94.29,2,24.07,10.83
170,178,206.00,94.29,3,37.04,18.68
170,178,206.00,94.29,4,2.88,35.14
170,179,48.57,322.58,0,5.31,13.68
170,179,48.57,322.58,1,37.66,0.39
170,179,48.57,322.58,2,24.07,10.83
170,179,48.57,322.58,3,37.04,18.68
170,179,48.57,322.58,4,2.88,35.14
170,180,186.93,163.31,0,5.31,13.68
170,180,186.93,163.31,1,37.66,0.39
170,180,186.93,163.31,2,24.07,10.83
170,180,186.93,163.31,3,37.04,18.68
170,180,186.93,163.31,4,2.88,35.14
170,181,11.03,137.41,0,5.31,13.68
170,181,11.03,137.41,1,37.66,0.39
170,181,11.03,137.41,2,24.07,10.83
170,181,11.03,137.41,3,37.04,18.68
170,181,11.03,137.41,4,2.88,35.14
170,182,22.10,366.90,0,5.31,13.68
170,182,22.10,366.90,1,37.66,0.39
170,182,22.10,366.90,2,24.07,10.83
170,182,22.10,366.90,3,37.04,18.68
170,182,22.10,366.90,4,2.88,35.14
170,183,61.39,132.63,0,5.31,13.68
170,183,61.39,132.63,1,37.66,0.39
170,183,61.39,132.63,2,24.07,10.83
170,183,61.39,132.63,3,37.04,18.68
170,183,61.39,132.63,4,2.88,35.14
170,184,32.39,110.38,0,5.31,13.68
170,184,32.39,110.38,1,37.66,0.39
170,184,32.39,110.38,2,24.07,10.83
170,184,32.39,110.38,3,37.04,18.68
170,184,32.39,110.38,4,2.88,35.14
170,185,84.60,295.37,0,5.31,13.68
170,185,84.60,295.37,1,37.66,0.39
170,185,84.60,295.37,2,24.07,10.83
170,185,84.60,295.37,3,37.04,18.68
170,185,84.60,295.37,4,2.88,35.14
170,186,211.18,106.38,0,5.31,13.68
170,186,211.18,106.38,1,37.66,0.39
170,186,211.18,106.38,2,24.07,10.83
170,186,211.18,106.38,3,37.04,18.68
170,186,211.18,106.38,4,2.88,35.14
170,187,146.30,318.34,0,5.31,13.68
170,187,146.30,318.34,1,37.66,0.39
170,187,146.30,318.34,2,24.07,10.83
170,187,146.30,318.34,3,37.04,18.68
170,187,146.30,318.34,4,2.88,35.14
170,188,247.53,134.71,0,5.31,13.68
170,188,247.53,134.71,1,37.66,0.39
170,188,247.53,134.71,2,24.07,10.83
170,188,247.53,134.71,3,37.04,18.68
170,188,247.53,134.71,4,2.88,35.14
170,189,42.61,273.01,0,5.31,13.68
170,189,42.61,273.01,1,37.66,0.39
170,189,42.61,273.01,2,24.07,10.83
170,189,42.61,273.01,3,37.04,18.68
170,189,42.61,273.01,4,2.88,35.14
170,190,46.10,47.70,0,5.31,13.68
170,190,46.10,47.70,1,37.66,0.39
170,190,46.10,47.70,2,24.07,10.83
170,190,46.10,47.70,3,37.04,18.68
170,190,46.10,47.70,4,2.88,35.14
170,191,60.28,347.71,0,5.31,13.68
170,191,60.28,347.71,1,37.66,0.39
170,191,60.28,347.71,2,24.07,10.83
170,191,60.28,347.71,3,37.04,18.68
170,191,60.28,347.71,4,2.88,35.14
170,192,232.75,81.54,0,5.31,13.68
170,192,232.75,81.54,1,37.66,0.39
170,192,232.75,81.54,2,24.07,10.83
170,192,232.75,81.54,3,37.04,18.68
170,192,232.75,81.54,4,2.88,35.14
170,193,338.52,99.83,0,5.31,13.68
170,193,338.52,99.83,1,37.66,0.39
170,193,338.52,99.83,2,24.07,10.83
170,193,338.52,99.83,3,37.04,18.68
170,193,338.52,99.83,4,2.88,35.14
170,194,27.62,137.81,0,5.31,13.68
170,194,27.62,137.81,1,37.66,0.39
170,194,27.62,137.81,2,24.07,10.83
170,194,27.62,137.81,3,37.04,18.68
170,194,27.62,137.81,4,2.88,35.14
170,195,111.89,349.74,0,5.31,13.68
170,195,111.89,349.74,1,37.66,0.39
170,195,111.89,349.74,2,24.07,10.83
170,195,111.89,349.74,3,37.04,18.68
170,195,111.89,349.74,4,2.88,35.14
170,196,39.59,111.58,0,5.31,13.68
170,196,39.59,111.58,1,37.66,0.39
170,196,39.59,111.58,2,24.07,10.83
170,196,39.59,111.58,3,37.04,18.68
170,196,39.59,111.58,4,2.88,35.14
170,197,373.03,205.06,0,5.31,13.68
170,197,373.03,205.06,1,37.66,0.39
170,197,373.03,205.06,2,24.07,10.83
170,197,373.03,205.06,3,37.04,18.68
170,197,373.03,205.06,4,2.88,35.14
170,198,333.72,162.03,0,5.31,13.68
170,198,333.72,162.03,1,37.66,0.39
170,198,333.72,162.03,2,24.07,10.83
170,198,333.72,162.03,3,37.04,18.68
170,198,333.72,162.03,4,2.88,35.14
170,199,22.04,165.72,0,5.31,13.68
170,199,22.04,165.72,1,37.66,0.39
170,199,22.04,165.72,2,24.07,10.83
170,199,22.04,165.72,3,37.04,18.68
170,199,22.04,165.72,4,2.88,35.14
170,200,10.49,72.87,0,5.31,13.68
170,200,10.49,72.87,1,37.66,0.39
170,200,10.49,72.87,2,24.07,10.83
170,200,10.49,72.87,3,37.04,18.68
170,200,10.49,72.87,4,2.88,35.14
170,201,368.61,142.84,0,5.31,13.68
170,201,368.61,142.84,1,37.66,0.39
170,201,368.61,142.84,2,24.07,10.83
170,201,368.61,142.84,3,37.04,18.68
170,201,368.61,142.84,4,2.88,35.14
170,203,344.19,220.88,0,5.31,13.68
170,203,344.19,220.88,1,37.66,0.39
170,203,344.19,220.88,2,24.07,10.83
170,203,344.19,220.88,3,37.04,18.68
170,203,344.19,220.88,4,2.88,35.14
170,204,35.58,326.56,0,5.31,13.68
170,204,35.58,326.56,1,37.66,0.39
170,204,35.58,326.56,2,24.07,10.83
170,204,35.58,326.56,3,37.04,18.68
170,204,35.58,326.56,4,2.88,35.14
170,205,56.84,127.54,0,5.31,13.68
170,205,56.84,127.54,1,37.66,0.39
170,205,56.84,127.54,2,24.07,10.83
170,205,56.84,127.54,3,37.04,18.68
170,205,56.84,127.54,4,2.88,35.14
170,206,222.46,114.69,0,5.31,13.68
170,206,222.46,114.69,1,37.66,0.39
170,206,222.46,114.69,2,24.07,10.83
170,206,222.46,114.69,3,37.04,18.68
170,206,222.46,114.69,4,2.88,35.14
170,207,18.31,282.10,0,5.31,13.68
170,207,18.31,282.10,1,37.66,0.39
170,207,18.31,282.10,2,24.07,10.83
170,207,18.31,282.10,3,37.04,18.68
170,207,18.31,282.10,4,2.88,35.14
170,208,50.23,365.00,0,5.31,13.68
170,208,50.23,365.00,1,37.66,0.39
170,208,50.23,365.00,2,24.07,10.83
170,208,50.23,365.00,3,37.04,18.68
170,208,50.23,365.00,4,2.88,35.14
170,209,365.29,180.03,0,5.31,13.68
170,209,365.29,180.03,1,37.66,0.39
170,209,365.29,180.03,2,24.07,10.83
170,209,365.29,180.03,3,37.04,18.68
170,209,365.29,180.03,4,2.88,35.14
170,210,244.08,106.72,0,5.31,13.68
170,210,244.08,106.72,1,37.66,0.39
170,210,244.08,106.72,2,24.07,10.83
170,210,244.08,106.72,3,37.04,18.68
170,210,244.08,106.72,4,2.88,35.14
170,211,145.90,381.39,0,5.31,13.68
170,211,145.90,381.39,1,37.66,0.39
170,211,145.90,381.39,2,24.07,10.83
170,211,145.90,381.39,3,37.04,18.68
170,211,145.90,381.39,4,2.88,35.14
170,212,381.64,279.81,0,5.31,13.68
170,212,381.64,279.81,1,37.66,0.39
170,212,381.64,279.81,2,24.07,10.83
170,212,381.64,279.81,3,37.04,18.68
170,212,381.64,279.81,4,2.88,35.14
170,213,375.75,280.53,0,5.31,13.68
170,213,375.75,280.53,1,37.66,0.39
170,213,375.75,280.53,2,24.07,10.83
170,213,375.75,280.53,3,37.04,18.68
170,213,375.75,280.53,4,2.88,35.14
170,214,233.46,93.70,0,5.31,13.68
170,214,233.46,93.70,1,37.66,0.39
170,214,233.46,93.70,2,24.07,10.83
170,214,233.46,93.70,3,37.04,18.68
170,214,233.46,93.70,4,2.88,35.14
170,215,269.98,376.52,0,5.31,13.68
170,215,269.98,376.52,1,37.66,0.39
170,215,269.98,376.52,2,24.07,10.83
170,215,269.98,376.52,3,37.04,18.68
170,215,269.98,376.52,4,2.88,35.14
170,216,254.41,386.64,0,5.31,13.68
170,216,254.41,386.64,1,37.66,0.39
170,216,254.41,386.64,2,24.07,10.83
170,216,254.41,386.64,3,37.04,18.68
170,216,254.41,386.64,4,2.88,35.14
170,217,374.02,12.37,0,5.31,13.68
170,217,374.02,12.37,1,37.66,0.39
170,217,374.02,12.37,2,24.07,10.83
170,217,374.02,12.37,3,37.04,18.68
170,217,374.02,12.37,4,2.88,35.14
170,218,287.84,384.31,0,5.31,13.68
170,218,287.84,384.31,1,37.66,0.39
170,218,287.84,384.31,2,24.07,10.83
170,218,287.84,384.31,3,37.04,18.68
170,218,287.84,384.31,4,2.88,35.14
170,219,16.72,96.16,0,5.31,13.68
170,219,16.72,96.16,1,37.66,0.39
170,219,16.72,96.16,2,24.07,10.83
170,219,16.72,96.16,3,37.04,18.68
170,219,16.72,96.16,4,2.88,35.14
170,220,371.35,11.04,0,5.31,13.68
170,220,371.35,11.04,1,37.66,0.39
170,220,371.35,11.04,2,24.07,10.83
170,220,371.35,11.04,3,37.04,18.68
170,220,371.35,11.04,4,2.88,35.14
170,221,323.59,237.18,0,5.31,13.68
170,221,323.59,237.18,1,37.66,0.39
170,221,323.59,237.18,2,24.07,10.83
170,221,323.59,237.18,3,37.04,18.68
170,221,323.59,237.18,4,2.88,35.14
170,222,26.88,357.53,0,5.31,13.68
170,222,26.88,357.53,1,37.66,0.39
170,222,26.88,357.53,2,24.07,10.83
170,222,26.88,357.53,3,37.04,18.68
170,222,26.88,357.53,4,2.88,35.14
170,223,333.44,186.77,0,5.31,13.68
170,223,333.44,186.77,1,37.66,0.39
170,223,333.44,186.77,2,24.07,10.83
170,223,333.44,186.77,3,37.04,18.68
170,223,333.44,186.77,4,2.88,35.14
170,224,375.52,22.69,0,5.31,13.68
170,224,375.52,22.69,1,37.66,0.39
170,224,375.52,22.69,2,24.07,10.83
170,224,375.52,22.69,3,37.04,18.68
170,224,375.52,22.69,4,2.88,35.14
170,225,365.69,207.18,0,5.31,13.68
170,225,365.69,207.18,1,37.66,0.39
170,225,365.69,207.18,2,24.07,10.83
170,225,365.69,207.18,3,37.04,18.68
170,225,365.69,207.18,4,2.88,35.14
170,226,289.09,179.25,0,5.31,13.68
170,226,289.09,179.25,1,37.66,0.39
170,226,289.09,179.25,2,24.07,10.83
170,226,289.09,179.25,3,37.04,18.68
170,226,289.09,179.25,4,2.88,35.14
170,227,107.35,332.50,0,5.31,13.68
170,227,107.35,332.50,1,37.66,0.39
170,227,107.35,332.50,2,24.07,10.83
170,227,107.35,332.50,3,37.04,18.68
170,227,107.35,332.50,4,2.88,35.14
170,228,239.20,55.70,0,5.31,13.68
170,228,239.20,55.70,1,37.66,0.39
170,228,239.20,55.70,2,24.07,10.83
170,228,239.20,55.70,3,37.04,18.68
170,228,239.20,55.70,4,2.88,35.14
170,229,160.33,121.00,0,5.31,13.68
170,229,160.33,121.00,1,37.66,0.39
170,229,160.33,121.00,2,24.07,10.83
170,229,160.33,121.00,3,37.04,18.68
170,229,160.33,121.00,4,2.88,35.14
170,230,168.63,33.56,0,5.31,13.68
170,230,168.63,33.56,1,37.66,0.39
170,230,168.63,33.56,2,24.07,10.83
170,230,168.63,33.56,3,37.04,18.68
170,230,168.63,33.56,4,2.88,35.14
170,231,290.45,341.05,0,5.31,13.68
170,231,290.45,341.05,1,37.66,0.39
170,231,290.45,341.05,2,24.07,10.83
170,231,290.45,341.05,3,37.04,18.68
170,231,290.45,341.05,4,2.88,35.14
170,232,334.64,35.71,0,5.31,13.68
170,232,334.64,35.71,1,37.66,0.39
170,232,334.64,35.71,2,24.07,10.83
170,232,334.64,35.71,3,37.04,18.68
170,232,334.64,35.71,4,2.88,35.14
170,233,365.91,257.87,0,5.31,13.68
170,233,365.91,257.87,1,37.66,0.39
170,233,365.91,257.87,2,24.07,10.83
170,233,365.91,257.87,3,37.04,18.68
170,233,365.91,257.87,4,2.88,35.14
170,236,230.36,105.72,0,5.31,13.68
170,236,230.36,105.72,1,37.66,0.39
170,236,230.36,105.72,2,24.07,10.83
170,236,230.36,105.72,3,37.04,18.68
170,236,230.36,105.72,4,2.88,35.14
170,237,175.61,163.37,0,5.31,13.68
170,237,175.61,163.37,1,37.66,0.39
170,237,175.61,163.37,2,24.07,10.83
170,237,175.61,163.37,3,37.04,18.68
170,237,175.61,163.37,4,2.88,35.14
170,238,27.21,289.96,0,5.31,13.68
170,238,27.21,289.96,1,37.66,0.39
170,238,27.21,289.96,2,24.07,10.83
170,238,27.21,289.96,3,37.04,18.68
170,238,27.21,289.96,4,2.88,35.14
170,239,191.05,127.38,0,5.31,13.68
170,239,191.05,127.38,1,37.66,0.39
170,239,191.05,127.38,2,24.07,10.83
170,239,191.05,127.38,3,37.04,18.68
170,239,191.05,127.38,4,2.88,35.14
170,240,149.14,225.39,0,5.31,13.68
170,240,149.14,225.39,1,37.66,0.39
170,240,149.14,225.39,2,24.07,10.83
170,240,149.14,225.39,3,37.04,18.68
170,240,149.14,225.39,4,2.88,35.14
170,241,377.13,198.61,0,5.31,13.68
170,241,377.13,198.61,1,37.66,0.39
170,241,377.13,198.61,2,24.07,10.83
170,241,377.13,198.61,3,37.04,18.68
170,241,377.13,198.61,4,2.88,35.14
170,242,205.64,226.06,0,5.31,13.68
170,242,205.64,226.06,1,37.66,0.39
170,242,205.64,226.06,2,24.07,10.83
170,242,205.64,226.06,3,37.04,18.68
170,242,205.64,226.06,4,2.88,35.14
170,243,35.31,274.57,0,5.31,13.68
170,243,35.31,274.57,1,37.66,0.39
170,243,35.31,274.57,2,24.07,10.83
170,243,35.31,274.57,3,37.04,18.68
170,243,35.31,274.57,4,2.88,35.14
170,244,196.32,325.05,0,5.31,13.68
170,244,196.32,325.05,1,37.66,0.39
170,244,196.32,325.05,2,24.07,10.83
170,244,196.32,325.05,3,37.04,18.68
170,244,196.32,325.05,4,2.88,35.14
170,245,198.02,160.48,0,5.31,13.68
170,245,198.02,160.48,1,37.66,0.39
170,245,198.02,160.48,2,24.07,10.83
170,245,198.02,160.48,3,37.04,18.68
170,245,198.02,160.48,4,2.88,35.14
170,246,327.35,242.84,0,5.31,13.68
170,246,327.35,242.84,1,37.66,0.39
170,246,327.35,242.84,2,24.07,10.83
170,246,327.35,242.84,3,37.04,18.68
170,246,327.35,242.84,4,2.88,35.14
170,247,77.74,102.50,0,5.31,13.68
170,247,77.74,102.50,1,37.66,0.39
170,247,77.74,102.50,2,24.07,10.83
170,247,77.74,102.50,3,37.04,18.68
170,247,77.74,102.50,4,2.88,35.14
170,248,389.86,323.51,0,5.31,13.68
170,248,389.86,323.51,1,37.66,0.39
170,248,389.86,323.51,2,24.07,10.83
170,248,389.86,323.51,3,37.04,18.68
170,248,389.86,323.51,4,2.88,35.14
170,249,354.22,394.25,0,5.31,13.68
170,249,354.22,394.25,1,37.66,0.39
170,249,354.22,394.25,2,24.07,10.83
170,249,354.22,394.25,3,37.04,18.68
170,249,354.22,394.25,4,2.88,35.14
170,250,221.52,303.26,0,5.31,13.68
170,250,221.52,303.26,1,37.66,0.39
170,250,221.52,303.26,2,24.07,10.83
170,250,221.52,303.26,3,37.04,18.68
170,250,221.52,303.26,4,2.88,35.14
170,251,91.24,300.07,0,5.31,13.68
170,251,91.24,300.07,1,37.66,0.39
170,251,91.24,300.07,2,24.07,10.83
170,251,91.24,300.07,3,37.04,18.68
170,251,91.24,300.07,4,2.88,35.14
170,252,5.45,82.78,0,5.31,13.68
170,252,5.45,82.78,1,37.66,0.39
170,252,5.45,82.78,2,24.07,10.83
170,252,5.45,82.78,3,37.04,18.68
170,252,5.45,82.78,4,2.88,35.14
170,253,323.05,187.94,0,5.31,13.68
170,253,323.05,187.94,1,37.66,0.39
170,253,323.05,187.94,2,24.07,10.83
170,253,323.05,187.94,3,37.04,18.68
170,253,323.05,187.94,4,2.88,35.14
170,254,351.22,136.61,0,5.31,13.68
170,254,351.22,136.61,1,37.66,0.39
170,254,351.22,136.61,2,24.07,10.83
170,254,351.22,136.61,3,37.04,18.68
170,254,351.22,136.61,4,2.88,35.14
170,255,25.75,308.03,0,5.31,13.68
170,255,25.75,308.03,1,37.66,0.39
170,255,25.75,308.03,2,24.07,10.83
170,255,25.75,308.03,3,37.04,18.68
170,255,25.75,308.03,4,2.88,35.14
170,256,54.79,92.69,0,5.31,13.68
170,256,54.79,92.69,1,37.66,0.39
170,256,54.79,92.69,2,24.07,10.83
170,256,54.79,92.69,3,37.04,18.68
170,256,54.79,92.69,4,2.88,35.14
170,257,354.87,175.08,0,5.31,13.68
170,257,354.87,175.08,1,37.66,0.39
170,257,354.87,175.08,2,24.07,10.83
170,257,354.87,175.08,3,37.04,18.68
170,257,354.87,175.08,4,2.88,35.14
170,258,364.02,47.22,0,5.31,13.68
170,258,364.02,47.22,1,37.66,0.39
170,258,364.02,47.22,2,24.07,10.83
170,258,364.02,47.22,3,37.04,18.68
170,258,364.02,47.22,4,2.88,35.14
170,259,68.53,94.04,0,5.31,13.68
170,259,68.53,94.04,1,37.66,0.39
170,259,68.53,94.04,2,24.07,10.83
170,259,68.53,94.04,3,37.04,18.68
170,259,68.53,94.04,4,2.88,35.14
170,260,300.53,378.57,0,5.31,13.68
170,260,300.53,378.57,1,37.66,0.39
170,260,300.53,378.57,2,24.07,10.83
170,260,300.53,378.57,3,37.04,18.68
170,260,300.53,378.57,4,2.88,35.14
170,261,68.89,373.36,0,5.31,13.68
170,261,68.89,373.36,1,37.66,0.39
170,261,68.89,373.36,2,24.07,10.83
170,261,68.89,373.36,3,37.04,18.68
170,261,68.89,373.36,4,2.88,35.14
170,262,161.17,92.41,0,5.31,13.68
170,262,161.17,92.41,1,37.66,0.39
170,262,161.17,92.41,2,24.07,10.83
170,262,161.17,92.41,3,37.04,18.68
170,262,161.17,92.41,4,2.88,35.14
170,263,162.58,68.07,0,5.31,13.68
170,263,162.58,68.07,1,37.66,0.39
170,263,162.58,68.07,2,24.07,10.83
170,263,162.58,68.07,3,37.04,18.68
170,263,162.58,68.07,4,2.88,35.14
170,264,33.49,139.19,0,5.31,13.68
170,264,33.49,139.19,1,37.66,0.39
170,264,33.49,139.19,2,24.07,10.83
170,264,33.49,139.19,3,37.04,18.68
170,264,33.49,139.19,4,2.88,35.14
170,265,229.43,309.23,0,5.31,13.68
170,265,229.43,309.23,1,37.66,0.39
170,265,229.43,309.23,2,24.07,10.83
170,265,229.43,309.23,3,37.04,18.68
170,265,229.43,309.23,4,2.88,35.14
170,266,123.16,298.54,0,5.31,13.68
170,266,123.16,298.54,1,37.66,0.39
170,266,123.16,298.54,2,24.07,10.83
170,266,123.16,298.54,3,37.04,18.68
170,266,123.16,298.54,4,2.88,35.14
170,267,170.03,56.68,0,5.31,13.68
170,267,170.03,56.68,1,37.66,0.39
170,267,170.03,56.68,2,24.07,10.83
170,267,170.03,56.68,3,37.04,18.68
170,267,170.03,56.68,4,2.88,35.14
170,268,189.61,104.37,0,5.31,13.68
170,268,189.61,104.37,1,37.66,0.39
170,268,189.61,104.37,2,24.07,10.83
170,268,189.61,104.37,3,37.04,18.68
170,268,189.61,104.37,4,2.88,35.14
170,269,6.82,142.92,0,5.31,13.68
170,269,6.82,142.92,1,37.66,0.39
170,269,6.82,142.92,2,24.07,10.83
170,269,6.82,142.92,3,37.04,18.68
170,269,6.82,142.92,4,2.88,35.14
170,270,61.47,294.45,0,5.31,13.68
170,270,61.47,294.45,1,37.66,0.39
170,270,61.47,294.45,2,24.07,10.83
170,270,61.47,294.45,3,37.04,18.68
170,270,61.47,294.45,4,2.88,35.14
170,271,27.07,115.71,0,5.31,13.68
170,271,27.07,115.71,1,37.66,0.39
170,271,27.07,115.71,2,24.07,10.83
170,271,27.07,115.71,3,37.04,18.68
170,271,27.07,115.71,4,2.88,35.14
170,272,55.37,306.83,0,5.31,13.68
170,272,55.37,306.83,1,37.66,0.39
170,272,55.37,306.83,2,24.07,10.83
170,272,55.37,306.83,3,37.04,18.68
170,272,55.37,306.83,4,2.88,35.14
170,273,24.70,262.16,0,5.31,13.68
170,273,24.70,262.16,1,37.66,0.39
170,273,24.70,262.16,2,24.07,10.83
170,273,24.70,262.16,3,37.04,18.68
170,273,24.70,262.16,4,2.88,35.14
170,274,103.79,3.88,0,5.31,13.68
170,274,103.79,3.88,1,37.66,0.39
170,274,103.79,3.88,2,24.07,10.83
170,274,103.79,3.88,3,37.04,18.68
170,274,103.79,3.88,4,2.88,35.14
170,275,307.50,220.34,0,5.31,13.68
170,275,307.50,220.34,1,37.66,0.39
170,275,307.50,220.34,2,24.07,10.83
170,275,307.50,220.34,3,37.04,18.68
170,275,307.50,220.34,4,2.88,35.14
170,276,303.34,236.65,0,5.31,13.68
170,276,303.34,236.65,1,37.66,0.39
170,276,303.34,236.65,2,24.07,10.83
170,276,303.34,236.65,3,37.04,18.68
170,276,303.34,236.65,4,2.88,35.14
170,277,281.03,192.90,0,5.31,13.68
170,277,281.03,192.90,1,37.66,0.39
170,277,281.03,192.90,2,24.07,10.83
170,277,281.03,192.90,3,37.04,18.68
170,277,281.03,192.90,4,2.88,35.14
170,278,78.42,390.14,0,5.31,13.68
170,278,78.42,390.14,1,37.66,0.39
170,278,78.42,390.14,2,24.07,10.83
170,278,78.42,390.14,3,37.04,18.68
170,278,78.42,390.14,4,2.88,35.14
170,279,242.82,394.29,0,5.31,13.68
170,279,242.82,394.29,1,37.66,0.39
170,279,242.82,394.29,2,24.07,10.83
170,279,242.82,394.29,3,37.04,18.68
170,279,242.82,394.29,4,2.88,35.14
170,281,208.12,52.67,0,5.31,13.68
170,281,208.12,52.67,1,37.66,0.39
170,281,208.12,52.67,2,24.07,10.83
170,281,208.12,52.67,3,37.04,18.68
170,281,208.12,52.67,4,2.88,35.14
170,282,339.30,177.92,0,5.31,13.68
170,282,339.30,177.92,1,37.66,0.39
170,282,339.30,177.92,2,24.07,10.83
170,282,339.30,177.92,3,37.04,18.68
170,282,339.30,177.92,4,2.88,35.14
170,283,325.10,161.88,0,5.31,13.68
170,283,325.10,161.88,1,37.66,0.39
170,283,325.10,161.88,2,24.07,10.83
170,283,325.10,161.88,3,37.04,18.68
170,283,325.10,161.88,4,2.88,35.14
170,284,208.07,98.72,0,5.31,13.68
170,284,208.07,98.72,1,37.66,0.39
170,284,208.07,98.72,2,24.07,10.83
170,284,208.07,98.72,3,37.04,18.68
170,284,208.07,98.72,4,2.88,35.14
170,285,227.10,344.43,0,5.31,13.68
170,285,227.10,344.43,1,37.66,0.39
170,285,227.10,344.43,2,24.07,10.83
170,285,227.10,344.43,3,37.04,18.68
170,285,227.10,344.43,4,2.88,35.14
170,286,256.98,330.15,0,5.31,13.68
170,286,256.98,330.15,1,37.66,0.39
170,286,256.98,330.15,2,24.07,10.83
170,286,256.98,330.15,3,37.04,18.68
170,286,256.98,330.15,4,2.88,35.14
170,288,117.77,5.38,0,5.31,13.68
170,288,117.77,5.38,1,37.66,0.39
170,288,117.77,5.38,2,24.07,10.83
170,288,117.77,5.38,3,37.04,18.68
170,288,117.77,5.38,4,2.88,35.14
170,289,62.64,323.96,0,5.31,13.68
170,289,62.64,323.96,1,37.66,0.39
170,289,62.64,323.96,2,24.07,10.83
170,289,62.64,323.96,3,37.04,18.68
170,289,62.64,323.96,4,2.88,35.14
170,290,298.55,263.18,0,5.31,13.68
170,290,298.55,263.18,1,37.66,0.39
170,290,298.55,263.18,2,24.07,10.83
170,290,298.55,263.18,3,37.04,18.68
170,290,298.55,263.18,4,2.88,35.14
170,291,62.42,38.82,0,5.31,13.68
170,291,62.42,38.82,1,37.66,0.39
170,291,62.42,38.82,2,24.07,10.83
170,291,62.42,38.82,3,37.04,18.68
170,291,62.42,38.82,4,2.88,35.14
170,292,272.39,295.59,0,5.31,13.68
170,292,272.39,295.59,1,37.66,0.39
170,292,272.39,295.59,2,24.07,10.83
170,292,272.39,295.59,3,37.04,18.68
170,292,272.39,295.59,4,2.88,35.14
170,293,211.01,117.59,0,5.31,13.68
170,293,211.01,117.59,1,37.66,0.39
170,293,211.01,117.59,2,24.07,10.83
170,293,211.01,117.59,3,37.04,18.68
170,293,211.01,117.59,4,2.88,35.14
170,294,95.90,354.56,0,5.31,13.68
170,294,95.90,354.56,1,37.66,0.39
170,294,95.90,354.56,2,24.07,10.83
170,294,95.90,354.56,3,37.04,18.68
170,294,95.90,354.56,4,2.88,35.14
170,295,368.38,187.25,0,5.31,13.68
170,295,368.38,187.25,1,37.66,0.39
170,295,368.38,187.25,2,24.07,10.83
170,295,368.38,187.25,3,37.04,18.68
170,295,368.38,187.25,4,2.88,35.14
170,296,342.22,28.74,0,5.31,13.68
170,296,342.22,28.74,1,37.66,0.39
170,296,342.22,28.74,2,24.07,10.83
170,296,342.22,28.74,3,37.04,18.68
170,296,342.22,28.74,4,2.88,35.14
170,297,368.80,127.23,0,5.31,13.68
170,297,368.80,127.23,1,37.66,0.39
170,297,368.80,127.23,2,24.07,10.83
170,297,368.80,127.23,3,37.04,18.68
170,297,368.80,127.23,4,2.88,35.14
170,298,349.01,35.15,0,5.31,13.68
170,298,349.01,35.15,1,37.66,0.39
170,298,349.01,35.15,2,24.07,10.83
170,298,349.01,35.15,3,37.04,18.68
170,298,349.01,35.15,4,2.88,35.14
170,299,38.13,128.24,0,5.31,13.68
170,299,38.13,128.24,1,37.66,0.39
170,299,38.13,128.24,2,24.07,10.83
170,299,38.13,128.24,3,37.04,18.68
170,299,38.13,128.24,4,2.88,35.14
170,300,205.64,345.29,0,5.31,13.68
170,300,205.64,345.29,1,37.66,0.39
170,300,205.64,345.29,2,24.07,10.83
170,300,205.64,345.29,3,37.04,18.68
170,300,205.64,345.29,4,2.88,35.14
180,1,226.56,104.25,0,5.31,13.68
180,1,226.56,104.25,1,37.66,0.39
180,1,226.56,104.25,2,24.78,10.99
180,1,226.56,104.25,3,37.04,18.68
180,1,226.56,104.25,4,2.63,34.05
180,2,43.89,90.33,0,5.31,13.68
180,2,43.89,90.33,1,37.66,0.39
180,2,43.89,90.33,2,24.78,10.99
180,2,43.89,90.33,3,37.04,18.68
180,2,43.89,90.33,4,2.63,34.05
180,3,181.33,261.52,0,5.31,13.68
180,3,181.33,261.52,1,37.66,0.39
180,3,181.33,261.52,2,24.78,10.99
180,3,181.33,261.52,3,37.04,18.68
180,3,181.33,261.52,4,2.63,34.05
180,4,236.84,105.38,0,5.31,13.68
180,4,236.84,105.38,1,37.66,0.39
180,4,236.84,105.38,2,24.78,10.99
180,4,236.84,105.38,3,37.04,18.68
180,4,236.84,105.38,4,2.63,34.05
180,5,21.63,335.66,0,5.31,13.68
180,5,21.63,335.66,1,37.66,0.39
180,5,21.63,335.66,2,24.78,10.99
180,5,21.63,335.66,3,37.04,18.68
180,5,21.63,335.66,4,2.63,34.05
180,6,75.27,294.01,0,5.31,13.68
180,6,75.27,294.01,1,37.66,0.39
180,6,75.27,294.01,2,24.78,10.99
180,6,75.27,294.01,3,37.04,18.68
180,6,75.27,294.01,4,2.63,34.05
180,7,68.65,113.89,0,5.31,13.68
180,7,68.65,113.89,1,37.66,0.39
180,7,68.65,113.89,2,24.78,10.99
180,7,68.65,113.89,3,37.04,18.68
180,7,68.65,113.89,4,2.63,34.05
180,8,134.69,377.18,0,5.31,13.68
180,8,134.69,377.18,1,37.66,0.39
180,8,134.69,377.18,2,24.78,10.99
180,8,134.69,377.18,3,37.04,18.68
180,8,134.69,377.18,4,2.63,34.05
180,9,273.12,200.81,0,5.31,13.68
180,9,273.12,200.81,1,37.66,0.39
180,9,273.12,200.81,2,24.78,10.99
180,9,273.12,200.81,3,37.04,18.68
180,9,273.12,200.81,4,2.63,34.05
180,10,376.57,177.62,0,5.31,13.68
180,10,376.57,177.62,1,37.66,0.39
180,10,376.57,177.62,2,24.78,10.99
180,10,376.57,177.62,3,37.04,18.68
180,10,376.57,177.62,4,2.63,34.05
180,11,170.26,115.02,0,5.31,13.68
180,11,170.26,115.02,1,37.66,0.39
180,11,170.26,115.02,2,24.78,10.99
180,11,170.26,115.02,3,37.04,18.68
180,11,170.26,115.02,4,2.63,34.05
180,12,223.23,90.38,0,5.31,13.68
180,12,223.23,90.38,1,37.66,0.39
180,12,223.23,90.38,2,24.78,10.99
180,12,223.23,90.38,3,37.04,18.68
180,12,223.23,90.38,4,2.63,34.05
180,13,157.61,87.38,0,5.31,13.68
180,13,157.61,87.38,1,37.66,0.39
180,13,157.61,87.38,2,24.78,10.99
180,13,157.61,87.38,3,37.04,18.68
180,13,157.61,87.38,4,2.63,34.05
180,14,15.16,365.55,0,5.31,13.68
180,14,15.16,365.55,1,37.66,0.39
180,14,15.16,365.55,2,24.78,10.99
180,14,15.16,365.55,3,37.04,18.68
180,14,15.16,365.55,4,2.63,34.05
180,15,7.48,339.03,0,5.31,13.68
180,15,7.48,339.03,1,37.66,0.39
180,15,7.48,339.03,2,24.78,10.99
180,15,7.48,339.03,3,37.04,18.68
180,15,7.48,339.03,4,2.63,34.05
180,16,333.76,276.86,0,5.31,13.68
180,16,333.76,276.86,1,37.66,0.39
180,16,333.76,276.86,2,24.78,10.99
180,16,333.76,276.86,3,37.04,18.68
180,16,333.76,276.86,4,2.63,34.05
180,17,377.56,185.73,0,5.31,13.68
180,17,377.56,185.73,1,37.66,0.39
180,17,377.56,185.73,2,24.78,10.99
180,17,377.56,185.73,3,37.04,18.68
180,17,377.56,185.73,4,2.63,34.05
180,18,186.70,350.13,0,5.31,13.68
180,18,186.70,350.13,1,37.66,0.39
180,18,186.70,350.13,2,24.78,10.99
180,18,186.70,350.13,3,37.04,18.68
180,18,186.70,350.13,4,2.63,34.05
180,19,60.48,334.84,0,5.31,13.68
180,19,60.48,334.84,1,37.66,0.39
180,19,60.48,334.84,2,24.78,10.99
180,19,60.48,334.84,3,37.04,18.68
180,19,60.48,334.84,4,2.63,34.05
180,20,210.93,384.30,0,5.31,13.68
180,20,210.93,384.30,1,37.66,0.39
180,20,210.93,384.30,2,24.78,10.99
180,20,210.93,384.30,3,37.04,18.68
180,20,210.93,384.30,4,2.63,34.05
180,21,377.75,141.65,0,5.31,13.68
180,21,377.75,141.65,1,37.66,0.39
180,21,377.75,141.65,2,24.78,10.99
180,21,377.75,141.65,3,37.04,18.68
180,21,377.75,141.65,4,2.63,34.05
180,22,284.51,366.20,0,5.31,13.68
180,22,284.51,366.20,1,37.66,0.39
180,22,284.51,366.20,2,24.78,10.99
180,22,284.51,366.20,3,37.04,18.68
180,22,284.51,366.20,4,2.63,34.05
180,23,356.42,251.31,0,5.31,13.68
180,23,356.42,251.31,1,37.66,0.39
180,23,356.42,251.31,2,24.78,10.99
180,23,356.42,251.31,3,37.04,18.68
180,23,356.42,251.31,4,2.63,34.05
180,24,156.19,68.75,0,5.31,13.68
180,24,156.19,68.75,1,37.66,0.39
180,24,156.19,68.75,2,24.78,10.99
180,24,156.19,68.75,3,37.04,18.68
180,24,156.19,68.75,4,2.63,34.05
180,25,61.35,356.21,0,5.31,13.68
180,25,61.35,356.21,1,37.66,0.39
180,25,61.35,356.21,2,24.78,10.99
180,25,61.35,356.21,3,37.04,18.68
180,25,61.35,356.21,4,2.63,34.05
180,26,296.07,24.97,0,5.31,13.68
180,26,296.07,24.97,1,37.66,0.39
180,26,296.07,24.97,2,24.78,10.99
180,26,296.07,24.97,3,37.04,18.68
180,26,296.07,24.97,4,2.63,34.05
180,27,224.49,94.22,0,5.31,13.68
180,27,224.49,94.22,1,37.66,0.39
180,27,224.49,94.22,2,24.78,10.99
180,27,224.49,94.22,3,37.04,18.68
180,27,224.49,94.22,4,2.63,34.05
180,28,383.63,354.15,0,5.31,13.68
180,28,383.63,354.15,1,37.66,0.39
180,28,383.63,354.15,2,24.78,10.99
180,28,383.63,354.15,3,37.04,18.68
180,28,383.63,354.15,4,2.63,34.05
180,29,151.74,255.95,0,5.31,13.68
180,29,151.74,255.95,1,37.66,0.39
180,29,151.74,255.95,2,24.78,10.99
180,29,151.74,255.95,3,37.04,18.68
180,29,151.74,255.95,4,2.63,34.05
180,31,201.06,52.08,0,5.31,13.68
180,31,201.06,52.08,1,37.66,0.39
180,31,201.06,52.08,2,24.78,10.99
180,31,201.06,52.08,3,37.04,18.68
180,31,201.06,52.08,4,2.63,34.05
180,32,232.08,81.36,0,5.31,13.68
180,32,232.08,81.36,1,37.66,0.39
180,32,232.08,81.36,2,24.78,10.99
180,32,232.08,81.36,3,37.04,18.68
180,32,232.08,81.36,4,2.63,34.05
180,33,33.69,292.00,0,5.31,13.68
180,33,33.69,292.00,1,37.66,0.39
180,33,33.69,292.00,2,24.78,10.99
180,33,33.69,292.00,3,37.04,18.68
180,33,33.69,292.00,4,2.63,34.05
180,34,204.52,108.01,0,5.31,13.68
180,34,204.52,108.01,1,37.66,0.39
180,34,204.52,108.01,2,24.78,10.99
180,34,204.52,108.01,3,37.04,18.68
180,34,204.52,108.01,4,2.63,34.05
180,35,335.69,203.88,0,5.31,13.68
180,35,335.69,203.88,1,37.66,0.39
180,35,335.69,203.88,2,24.78,10.99
180,35,335.69,203.88,3,37.04,18.68
180,35,335.69,203.88,4,2.63,34.05
180,36,88.88,329.86,0,5.31,13.68
180,36,88.88,329.86,1,37.66,0.39
180,36,88.88,329.86,2,24.78,10.99
180,36,88.88,329.86,3,37.04,18.68
180,36,88.88,329.86,4,2.63,34.05
180,37,316.04,270.56,0,5.31,13.68
180,37,316.04,270.56,1,37.66,0.39
180,37,316.04,270.56,2,24.78,10.99
180,37,316.04,270.56,3,37.04,18.68
180,37,316.04,270.56,4,2.63,34.05
180,38,126.76,230.10,0,5.31,13.68
180,38,126.76,230.10,1,37.66,0.39
180,38,126.76,230.10,2,24.78,10.99
180,38,126.76,230.10,3,37.04,18.68
180,38,126.76,230.10,4,2.63,34.05
180,39,98.85,194.73,0,5.31,13.68
180,39,98.85,194.73,1,37.66,0.39
180,39,98.85,194.73,2,24.78,10.99
180,39,98.85,194.73,3,37.04,18.68
180,39,98.85,194.73,4,2.63,34.05
180,40,252.32,103.45,0,5.31,13.68
180,40,252.32,103.45,1,37.66,0.39
180,40,252.32,103.45,2,24.78,10.99
180,40,252.32,103.45,3,37.04,18.68
180,40,252.32,103.45,4,2.63,34.05
180,41,260.99,303.33,0,5.31,13.68
180,41,260.99,303.33,1,37.66,0.39
180,41,260.99,303.33,2,24.78,10.99
180,41,260.99,303.33,3,37.04,18.68
180,41,260.99,303.33,4,2.63,34.05
180,42,358.36,223.51,0,5.31,13.68
180,42,358.36,223.51,1,37.66,0.39
180,42,358.36,223.51,2,24.78,10.99
180,42,358.36,223.51,3,37.04,18.68
180,42,358.36,223.51,4,2.63,34.05
180,43,215.92,86.71,0,5.31,13.68
180,43,215.92,86.71,1,37.66,0.39
180,43,215.92,86.71,2,24.78,10.99
180,43,215.92,86.71,3,37.04,18.68
180,43,215.92,86.71,4,2.63,34.05
180,44,362.35,195.95,0,5.31,13.68
180,44,362.35,195.95,1,37.66,0.39
180,44,362.35,195.95,2,24.78,10.99
180,44,362.35,195.95,3,37.04,18.68
180,44,362.35,195.95,4,2.63,34.05
180,46,60.21,367.58,0,5.31,13.68
180,46,60.21,367.58,1,37.66,0.39
180,46,60.21,367.58,2,24.78,10.99
180,46,60.21,367.58,3,37.04,18.68
180,46,60.21,367.58,4,2.63,34.05
180,47,39.40,322.91,0,5.31,13.68
180,47,39.40,322.91,1,37.66,0.39
180,47,39.40,322.91,2,24.78,10.99
180,47,39.40,322.91,3,37.04,18.68
180,47,39.40,322.91,4,2.63,34.05
180,48,353.96,192.84,0,5.31,13.68
180,48,353.96,192.84,1,37.66,0.39
180,48,353.96,192.84,2,24.78,10.99
180,48,353.96,192.84,3,37.04,18.68
180,48,353.96,192.84,4,2.63,34.05
180,49,207.93,124.32,0,5.31,13.68
180,49,207.93,124.32,1,37.66,0.39
180,49,207.93,124.32,2,24.78,10.99
180,49,207.93,124.32,3,37.04,18.68
180,49,207.93,124.32,4,2.63,34.05
180,50,314.25,308.30,0,5.31,13.68
180,50,314.25,308.30,1,37.66,0.39
180,50,314.25,308.30,2,24.78,10.99
180,50,314.25,308.30,3,37.04,18.68
180,50,314.25,308.30,4,2.63,34.05
180,51,23.60,358.68,0,5.31,13.68
180,51,23.60,358.68,1,37.66,0.39
180,51,23.60,358.68,2,24.78,10.99
180,51,23.60,358.68,3,37.04,18.68
180,51,23.60,358.68,4,2.63,34.05
180,52,218.30,109.78,0,5.31,13.68
180,52,218.30,109.78,1,37.66,0.39
180,52,218.30,109.78,2,24.78,10.99
180,52,218.30,109.78,3,37.04,18.68
180,52,218.30,109.78,4,2.63,34.05
180,53,287.89,233.18,0,5.31,13.68
180,53,287.89,233.18,1,37.66,0.39
180,53,287.89,233.18,2,24.78,10.99
180,53,287.89,233.18,3,37.04,18.68
180,53,287.89,233.18,4,2.63,34.05
180,54,357.85,16.50,0,5.31,13.68
180,54,357.85,16.50,1,37.66,0.39
180,54,357.85,16.50,2,24.78,10.99
180,54,357.85,16.50,3,37.04,18.68
180,54,357.85,16.50,4,2.63,34.05
180,55,281.49,243.79,0,5.31,13.68
180,55,281.49,243.79,1,37.66,0.39
180,55,281.49,243.79,2,24.78,10.99
180,55,281.49,243.79,3,37.04,18.68
180,55,281.49,243.79,4,2.63,34.05
180,56,330.35,178.47,0,5.31,13.68
180,56,330.35,178.47,1,37.66,0.39
180,56,330.35,178.47,2,24.78,10.99
180,56,330.35,178.47,3,37.04,18.68
180,56,330.35,178.47,4,2.63,34.05
180,57,85.22,169.87,0,5.31,13.68
180,57,85.22,169.87,1,37.66,0.39
180,57,85.22,169.87,2,24.78,10.99
180,57,85.22,169.87,3,37.04,18.68
180,57,85.22,169.87,4,2.63,34.05
180,58,358.49,186.46,0,5.31,13.68
180,58,358.49,186.46,1,37.66,0.39
180,58,358.49,186.46,2,24.78,10.99
180,58,358.49,186.46,3,37.04,18.68
180,58,358.49,186.46,4,2.63,34.05
180,59,54.18,138.72,0,5.31,13.68
180,59,54.18,138.72,1,37.66,0.39
180,59,54.18,138.72,2,24.78,10.99
180,59,54.18,138.72,3,37.04,18.68
180,59,54.18,138.72,4,2.63,34.05
180,60,183.91,271.55,0,5.31,13.68
180,60,183.91,271.55,1,37.66,0.39
180,60,183.91,271.55,2,24.78,10.99
180,60,183.91,271.55,3,37.04,18.68
180,60,183.91,271.55,4,2.63,34.05
180,61,45.94,138.11,0,5.31,13.68
180,61,45.94,138.11,1,37.66,0.39
180,61,45.94,138.11,2,24.78,10.99
180,61,45.94,138.11,3,37.04,18.68
180,61,45.94,138.11,4,2.63,34.05
180,62,31.90,368.05,0,5.31,13.68
180,62,31.90,368.05,1,37.66,0.39
180,62,31.90,368.05,2,24.78,10.99
180,62,31.90,368.05,3,37.04,18.68
180,62,31.90,368.05,4,2.63,34.05
180,63,93.38,168.43,0,5.31,13.68
180,63,93.38,168.43,1,37.66,0.39
180,63,93.38,168.43,2,24.78,10.99
180,63,93.38,168.43,3,37.04,18.68
180,63,93.38,168.43,4,2.63,34.05
180,64,357.92,22.24,0,5.31,13.68
180,64,357.92,22.24,1,37.66,0.39
180,64,357.92,22.24,2,24.78,10.99
180,64,357.92,22.24,3,37.04,18.68
180,64,357.92,22.24,4,2.63,34.05
180,65,344.93,255.27,0,5.31,13.68
180,65,344.93,255.27,1,37.66,0.39
180,65,344.93,255.27,2,24.78,10.99
180,65,344.93,255.27,3,37.04,18.68
180,65,344.93,255.27,4,2.63,34.05
180,66,85.04,378.25,0,5.31,13.68
180,66,85.04,378.25,1,37.66,0.39
180,66,85.04,378.25,2,24.78,10.99
180,66,85.04,378.25,3,37.04,18.68
180,66,85.04,378.25,4,2.63,34.05
180,67,37.97,207.51,0,5.31,13.68
180,67,37.97,207.51,1,37.66,0.39
180,67,37.97,207.51,2,24.78,10.99
180,67,37.97,207.51,3,37.04,18.68
180,67,37.97,207.51,4,2.63,34.05
180,68,233.80,326.16,0,5.31,13.68
180,68,233.80,326.16,1,37.66,0.39
180,68,233.80,326.16,2,24.78,10.99
180,68,233.80,326.16,3,37.04,18.68
180,68,233.80,326.16,4,2.63,34.05
180,69,373.89,354.20,0,5.31,13.68
180,69,373.89,354.20,1,37.66,0.39
180,69,373.89,354.20,2,24.78,10.99
180,69,373.89,354.20,3,37.04,18.68
180,69,373.89,354.20,4,2.63,34.05
180,70,224.66,102.28,0,5.31,13.68
180,70,224.66,102.28,1,37.66,0.39
180,70,224.66,102.28,2,24.78,10.99
180,70,224.66,102.28,3,37.04,18.68
180,70,224.66,102.28,4,2.63,34.05
180,71,36.97,364.80,0,5.31,13.68
180,71,36.97,364.80,1,37.66,0.39
180,71,36.97,364.80,2,24.78,10.99
180,71,36.97,364.80,3,37.04,18.68
180,71,36.97,364.80,4,2.63,34.05
180,72,17.79,371.85,0,5.31,13.68
180,72,17.79,371.85,1,37.66,0.39
180,72,17.79,371.85,2,24.78,10.99
180,72,17.79,371.85,3,37.04,18.68
180,72,17.79,371.85,4,2.63,34.05
180,73,368.82,166.50,0,5.31,13.68
180,73,368.82,166.50,1,37.66,0.39
180,73,368.82,166.50,2,24.78,10.99
180,73,368.82,166.50,3,37.04,18.68
180,73,368.82,166.50,4,2.63,34.05
180,74,225.05,88.18,0,5.31,13.68
180,74,225.05,88.18,1,37.66,0.39
180,74,225.05,88.18,2,24.78,10.99
180,74,225.05,88.18,3,37.04,18.68
180,74,225.05,88.18,4,2.63,34.05
180,75,204.44,97.90,0,5.31,13.68
180,75,204.44,97.90,1,37.66,0.39
180,75,204.44,97.90,2,24.78,10.99
180,75,204.44,97.90,3,37.04,18.68
180,75,204.44,97.90,4,2.63,34.05
180,76,362.47,126.06,0,5.31,13.68
180,76,362.47,126.06,1,37.66,0.39
180,76,362.47,126.06,2,24.78,10.99
180,76,362.47,126.06,3,37.04,18.68
180,76,362.47,126.06,4,2.63,34.05
180,77,76.03,154.68,0,5.31,13.68
180,77,76.03,154.68,1,37.66,0.39
180,77,76.03,154.68,2,24.78,10.99
180,77,76.03,154.68,3,37.04,18.68
180,77,76.03,154.68,4,2.63,34.05
180,78,205.39,385.35,0,5.31,13.68
180,78,205.39,385.35,1,37.66,0.39
180,78,205.39,385.35,2,24.78,10.99
180,78,205.39,385.35,3,37.04,18.68
180,78,205.39,385.35,4,2.63,34.05
180,79,362.07,200.09,0,5.31,13.68
180,79,362.07,200.09,1,37.66,0.39
180,79,362.07,200.09,2,24.78,10.99
180,79,362.07,200.09,3,37.04,18.68
180,79,362.07,200.09,4,2.63,34.05
180,81,259.64,357.61,0,5.31,13.68
180,81,259.64,357.61,1,37.66,0.39
180,81,259.64,357.61,2,24.78,10.99
180,81,259.64,357.61,3,37.04,18.68
180,81,259.64,357.61,4,2.63,34.05
180,82,327.28,126.50,0,5.31,13.68
180,82,327.28,126.50,1,37.66,0.39
180,82,327.28,126.50,2,24.78,10.99
180,82,327.28,126.50,3,37.04,18.68
180,82,327.28,126.50,4,2.63,34.05
180,83,174.53,42.79,0,5.31,13.68
180,83,174.53,42.79,1,37.66,0.39
180,83,174.53,42.79,2,24.78,10.99
180,83,174.53,42.79,3,37.04,18.68
180,83,174.53,42.79,4,2.63,34.05
180,84,208.84,289.94,0,5.31,13.68
180,84,208.84,289.94,1,37.66,0.39
180,84,208.84,289.94,2,24.78,10.99
180,84,208.84,289.94,3,37.04,18.68
180,84,208.84,289.94,4,2.63,34.05
180,85,364.50,137.02,0,5.31,13.68
180,85,364.50,137.02,1,37.66,0.39
180,85,364.50,137.02,2,24.78,10.99
180,85,364.50,137.02,3,37.04,18.68
180,85,364.50,137.02,4,2.63,34.05
180,86,30.56,129.03,0,5.31,13.68
180,86,30.56,129.03,1,37.66,0.39
180,86,30.56,129.03,2,24.78,10.99
180,86,30.56,129.03,3,37.04,18.68
180,86,30.56,129.03,4,2.63,34.05
180,87,383.69,19.47,0,5.31,13.68
180,87,383.69,19.47,1,37.66,0.39
180,87,383.69,19.47,2,24.78,10.99
180,87,383.69,19.47,3,37.04,18.68
180,87,383.69,19.47,4,2.63,34.05
180,88,188.88,305.75,0,5.31,13.68
180,88,188.88,305.75,1,37.66,0.39
180,88,188.88,305.75,2,24.78,10.99
180,88,188.88,305.75,3,37.04,18.68
180,88,188.88,305.75,4,2.63,34.05
180,89,317.67,46.20,0,5.31,13.68
180,89,317.67,46.20,1,37.66,0.39
180,89,317.67,46.20,2,24.78,10.99
180,89,317.67,46.20,3,37.04,18.68
180,89,317.67,46.20,4,2.63,34.05
180,90,193.83,54.02,0,5.31,13.68
180,90,193.83,54.02,1,37.66,0.39
180,90,193.83,54.02,2,24.78,10.99
180,90,193.83,54.02,3,37.04,18.68
180,90,193.83,54.02,4,2.63,34.05
180,92,249.42,91.78,0,5.31,13.68
180,92,249.42,91.78,1,37.66,0.39
180,92,249.42,91.78,2,24.78,10.99
180,92,249.42,91.78,3,37.04,18.68
180,92,249.42,91.78,4,2.63,34.05
180,93,239.66,88.15,0,5.31,13.68
180,93,239.66,88.15,1,37.66,0.39
180,93,239.66,88.15,2,24.78,10.99
180,93,239.66,88.15,3,37.04,18.68
180,93,239.66,88.15,4,2.63,34.05
180,94,16.62,356.22,0,5.31,13.68
180,94,16.62,356.22,1,37.66,0.39
180,94,16.62,356.22,2,24.78,10.99
180,94,16.62,356.22,3,37.04,18.68
180,94,16.62,356.22,4,2.63,34.05
180,95,332.43,153.68,0,5.31,13.68
180,95,332.43,153.68,1,37.66,0.39
180,95,332.43,153.68,2,24.78,10.99
180,95,332.43,153.68,3,37.04,18.68
180,95,332.43,153.68,4,2.63,34.05
180,96,78.20,175.60,0,5.31,13.68
180,96,78.20,175.60,1,37.66,0.39
180,96,78.20,175.60,2,24.78,10.99
180,96,78.20,175.60,3,37.04,18.68
180,96,78.20,175.60,4,2.63,34.05
180,97,254.71,164.84,0,5.31,13.68
180,97,254.71,164.84,1,37.66,0.39
180,97,254.71,164.84,2,24.78,10.99
180,97,254.71,164.84,3,37.04,18.68
180,97,254.71,164.84,4,2.63,34.05
180,98,341.28,12.48,0,5.31,13.68
180,98,341.28,12.48,1,37.66,0.39
180,98,341.28,12.48,2,24.78,10.99
180,98,341.28,12.48,3,37.04,18.68
180,98,341.28,12.48,4,2.63,34.05
180,99,370.69,177.00,0,5.31,13.68
180,99,370.69,177.00,1,37.66,0.39
180,99,370.69,177.00,2,24.78,10.99
180,99,370.69,177.00,3,37.04,18.68
180,99,370.69,177.00,4,2.63,34.05
180,102,57.00,170.82,0,5.31,13.68
180,102,57.00,170.82,1,37.66,0.39
180,102,57.00,170.82,2,24.78,10.99
180,102,57.00,170.82,3,37.04,18.68
180,102,57.00,170.82,4,2.63,34.05
180,103,109.34,382.96,0,5.31,13.68
180,103,109.34,382.96,1,37.66,0.39
180,103,109.34,382.96,2,24.78,10.99
180,103,109.34,382.96,3,37.04,18.68
180,103,109.34,382.96,4,2.63,34.05
180,104,350.24,9.18,0,5.31,13.68
180,104,350.24,9.18,1,37.66,0.39
180,104,350.24,9.18,2,24.78,10.99
180,104,350.24,9.18,3,37.04,18.68
180,104,350.24,9.18,4,2.63,34.05
180,105,34.72,355.22,0,5.31,13.68
180,105,34.72,355.22,1,37.66,0.39
180,105,34.72,355.22,2,24.78,10.99
180,105,34.72,355.22,3,37.04,18.68
180,105,34.72,355.22,4,2.63,34.05
180,106,52.75,260.21,0,5.31,13.68
180,106,52.75,260.21,1,37.66,0.39
180,106,52.75,260.21,2,24.78,10.99
180,106,52.75,260.21,3,37.04,18.68
180,106,52.75,260.21,4,2.63,34.05
180,107,232.85,112.61,0,5.31,13.68
180,107,232.85,112.61,1,37.66,0.39
180,107,232.85,112.61,2,24.78,10.99
180,107,232.85,112.61,3,37.04,18.68
180,107,232.85,112.61,4,2.63,34.05
180,108,6.82,63.04,0,5.31,13.68
180,108,6.82,63.04,1,37.66,0.39
180,108,6.82,63.04,2,24.78,10.99
180,108,6.82,63.04,3,37.04,18.68
180,108,6.82,63.04,4,2.63,34.05
180,109,68.34,313.96,0,5.31,13.68
180,109,68.34,313.96,1,37.66,0.39
180,109,68.34,313.96,2,24.78,10.99
180,109,68.34,313.96,3,37.04,18.68
180,109,68.34,313.96,4,2.63,34.05
180,110,116.40,335.61,0,5.31,13.68
180,110,116.40,335.61,1,37.66,0.39
180,110,116.40,335.61,2,24.78,10.99
180,110,116.40,335.61,3,37.04,18.68
180,110,116.40,335.61,4,2.63,34.05
180,111,372.58,24.37,0,5.31,13.68
180,111,372.58,24.37,1,37.66,0.39
180,111,372.58,24.37,2,24.78,10.99
180,111,372.58,24.37,3,37.04,18.68
180,111,372.58,24.37,4,2.63,34.05
180,112,186.21,102.39,0,5.31,13.68
180,112,186.21,102.39,1,37.66,0.39
180,112,186.21,102.39,2,24.78,10.99
180,112,186.21,102.39,3,37.04,18.68
180,112,186.21,102.39,4,2.63,34.05
180,113,103.55,131.50,0,5.31,13.68
180,113,103.55,131.50,1,37.66,0.39
180,113,103.55,131.50,2,24.78,10.99
180,113,103.55,131.50,3,37.04,18.68
180,113,103.55,131.50,4,2.63,34.05
180,114,161.21,31.55,0,5.31,13.68
180,114,161.21,31.55,1,37.66,0.39
180,114,161.21,31.55,2,24.78,10.99
180,114,161.21,31.55,3,37.04,18.68
180,114,161.21,31.55,4,2.63,34.05
180,115,372.37,216.89,0,5.31,13.68
180,115,372.37,216.89,1,37.66,0.39
180,115,372.37,216.89,2,24.78,10.99
180,115,372.37,216.89,3,37.04,18.68
180,115,372.37,216.89,4,2.63,34.05
180,116,214.58,134.06,0,5.31,13.68
180,116,214.58,134.06,1,37.66,0.39
180,116,214.58,134.06,2,24.78,10.99
180,116,214.58,134.06,3,37.04,18.68
180,116,214.58,134.06,4,2.63,34.05
180,117,352.65,115.21,0,5.31,13.68
180,117,352.65,115.21,1,37.66,0.39
180,117,352.65,115.21,2,24.78,10.99
180,117,352.65,115.21,3,37.04,18.68
180,117,352.65,115.21,4,2.63,34.05
180,118,89.99,203.78,0,5.31,13.68
180,118,89.99,203.78,1,37.66,0.39
180,118,89.99,203.78,2,24.78,10.99
180,118,89.99,203.78,3,37.04,18.68
180,118,89.99,203.78,4,2.63,34.05
180,119,327.07,116.44,0,5.31,13.68
180,119,327.07,116.44,1,37.66,0.39
180,119,327.07,116.44,2,24.78,10.99
180,119,327.07,116.44,3,37.04,18.68
180,119,327.07,116.44,4,2.63,34.05
180,120,186.35,233.70,0,5.31,13.68
180,120,186.35,233.70,1,37.66,0.39
180,120,186.35,233.70,2,24.78,10.99
180,120,186.35,233.70,3,37.04,18.68
180,120,186.35,233.70,4,2.63,34.05
180,121,72.59,119.62,0,5.31,13.68
180,121,72.59,119.62,1,37.66,0.39
180,121,72.59,119.62,2,24.78,10.99
180,121,72.59,119.62,3,37.04,18.68
180,121,72.59,119.62,4,2.63,34.05
180,122,144.47,234.30,0,5.31,13.68
180,122,144.47,234.30,1,37.66,0.39
180,122,144.47,234.30,2,24.78,10.99
180,122,144.47,234.30,3,37.04,18.68
180,122,144.47,234.30,4,2.63,34.05
180,123,171.88,327.35,0,5.31,13.68
180,123,171.88,327.35,1,37.66,0.39
180,123,171.88,327.35,2,24.78,10.99
180,123,171.88,327.35,3,37.04,18.68
180,123,171.88,327.35,4,2.63,34.05
180,124,114.00,31.42,0,5.31,13.68
180,124,114.00,31.42,1,37.66,0.39
180,124,114.00,31.42,2,24.78,10.99
180,124,114.00,31.42,3,37.04,18.68
180,124,114.00,31.42,4,2.63,34.05
180,125,365.25,106.02,0,5.31,13.68
180,125,365.25,106.02,1,37.66,0.39
180,125,365.25,106.02,2,24.78,10.99
180,125,365.25,106.02,3,37.04,18.68
180,125,365.25,106.02,4,2.63,34.05
180,126,27.92,100.19,0,5.31,13.68
180,126,27.92,100.19,1,37.66,0.39
180,126,27.92,100.19,2,24.78,10.99
180,126,27.92,100.19,3,37.04,18.68
180,126,27.92,100.19,4,2.63,34.05
180,127,26.48,373.59,0,5.31,13.68
180,127,26.48,373.59,1,37.66,0.39
180,127,26.48,373.59,2,24.78,10.99
180,127,26.48,373.59,3,37.04,18.68
180,127,26.48,373.59,4,2.63,34.05
180,128,242.52,362.78,0,5.31,13.68
180,128,242.52,362.78,1,37.66,0.39
180,128,242.52,362.78,2,24.78,10.99
180,128,242.52,362.78,3,37.04,18.68
180,128,242.52,362.78,4,2.63,34.05
180,129,295.64,170.93,0,5.31,13.68
180,129,295.64,170.93,1,37.66,0.39
180,129,295.64,170.93,2,24.78,10.99
180,129,295.64,170.93,3,37.04,18.68
180,129,295.64,170.93,4,2.63,34.05
180,130,373.00,190.00,0,5.31,13.68
180,130,373.00,190.00,1,37.66,0.39
180,130,373.00,190.00,2,24.78,10.99
180,130,373.00,190.00,3,37.04,18.68
180,130,373.00,190.00,4,2.63,34.05
180,131,254.37,76.81,0,5.31,13.68
180,131,254.37,76.81,1,37.66,0.39
180,131,254.37,76.81,2,24.78,10.99
180,131,254.37,76.81,3,37.04,18.68
180,131,254.37,76.81,4,2.63,34.05
180,132,365.82,286.16,0,5.31,13.68
180,132,365.82,286.16,1,37.66,0.39
180,132,365.82,286.16,2,24.78,10.99
180,132,365.82,286.16,3,37.04,18.68
180,132,365.82,286.16,4,2.63,34.05
180,133,17.58,116.92,0,5.31,13.68
180,133,17.58,116.92,1,37.66,0.39
180,133,17.58,116.92,2,24.78,10.99
180,133,17.58,116.92,3,37.04,18.68
180,133,17.58,116.92,4,2.63,34.05
180,134,377.79,30.35,0,5.31,13.68
180,134,377.79,30.35,1,37.66,0.39
180,134,377.79,30.35,2,24.78,10.99
180,134,377.79,30.35,3,37.04,18.68
180,134,377.79,30.35,4,2.63,34.05
180,135,86.10,262.36,0,5.31,13.68
180,135,86.10,262.36,1,37.66,0.39
180,135,86.10,262.36,2,24.78,10.99
180,135,86.10,262.36,3,37.04,18.68
180,135,86.10,262.36,4,2.63,34.05
180,136,366.31,25.84,0,5.31,13.68
180,136,366.31,25.84,1,37.66,0.39
180,136,366.31,25.84,2,24.78,10.99
180,136,366.31,25.84,3,37.04,18.68
180,136,366.31,25.84,4,2.63,34.05
180,137,250.41,67.53,0,5.31,13.68
180,137,250.41,67.53,1,37.66,0.39
180,137,250.41,67.53,2,24.78,10.99
180,137,250.41,67.53,3,37.04,18.68
180,137,250.41,67.53,4,2.63,34.05
180,138,242.54,93.41,0,5.31,13.68
180,138,242.54,93.41,1,37.66,0.39
180,138,242.54,93.41,2,24.78,10.99
180,138,242.54,93.41,3,37.04,18.68
180,138,242.54,93.41,4,2.63,34.05
180,139,359.64,112.97,0,5.31,13.68
180,139,359.64,112.97,1,37.66,0.39
180,139,359.64,112.97,2,24.78,10.99
180,139,359.64,112.97,3,37.04,18.68
180,139,359.64,112.97,4,2.63,34.05
180,140,375.98,3.94,0,5.31,13.68
180,140,375.98,3.94,1,37.66,0.39
180,140,375.98,3.94,2,24.78,10.99
180,140,375.98,3.94,3,37.04,18.68
180,140,375.98,3.94,4,2.63,34.05
180,141,347.14,368.81,0,5.31,13.68
180,141,347.14,368.81,1,37.66,0.39
180,141,347.14,368.81,2,24.78,10.99
180,141,347.14,368.81,3,37.04,18.68
180,141,347.14,368.81,4,2.63,34.05
180,142,233.47,123.86,0,5.31,13.68
180,142,233.47,123.86,1,37.66,0.39
180,142,233.47,123.86,2,24.78,10.99
180,142,233.47,123.86,3,37.04,18.68
180,142,233.47,123.86,4,2.63,34.05
180,143,351.11,344.80,0,5.31,13.68
180,143,351.11,344.80,1,37.66,0.39
180,143,351.11,344.80,2,24.78,10.99
180,143,351.11,344.80,3,37.04,18.68
180,143,351.11,344.80,4,2.63,34.05
180,144,380.94,193.68,0,5.31,13.68
180,144,380.94,193.68,1,37.66,0.39
180,144,380.94,193.68,2,24.78,10.99
180,144,380.94,193.68,3,37.04,18.68
180,144,380.94,193.68,4,2.63,34.05
180,145,239.86,343.97,0,5.31,13.68
180,145,239.86,343.97,1,37.66,0.39
180,145,239.86,343.97,2,24.78,10.99
180,145,239.86,343.97,3,37.04,18.68
180,145,239.86,343.97,4,2.63,34.05
180,146,109.11,189.80,0,5.31,13.68
180,146,109.11,189.80,1,37.66,0.39
180,146,109.11,189.80,2,24.78,10.99
180,146,109.11,189.80,3,37.04,18.68
180,146,109.11,189.80,4,2.63,34.05
180,147,19.10,270.23,0,5.31,13.68
180,147,19.10,270.23,1,37.66,0.39
180,147,19.10,270.23,2,24.78,10.99
180,147,19.10,270.23,3,37.04,18.68
180,147,19.10,270.23,4,2.63,34.05
180,148,304.43,210.08,0,5.31,13.68
180,148,304.43,210.08,1,37.66,0.39
180,148,304.43,210.08,2,24.78,10.99
180,148,304.43,210.08,3,37.04,18.68
180,148,304.43,210.08,4,2.63,34.05
180,149,350.43,259.65,0,5.31,13.68
180,149,350.43,259.65,1,37.66,0.39
180,149,350.43,259.65,2,24.78,10.99
180,149,350.43,259.65,3,37.04,18.68
180,149,350.43,259.65,4,2.63,34.05
180,150,274.01,136.81,0,5.31,13.68
180,150,274.01,136.81,1,37.66,0.39
180,150,274.01,136.81,2,24.78,10.99
180,150,274.01,136.81,3,37.04,18.68
180,150,274.01,136.81,4,2.63,34.05
180,151,208.49,85.30,0,5.31,13.68
180,151,208.49,85.30,1,37.66,0.39
180,151,208.49,85.30,2,24.78,10.99
180,151,208.49,85.30,3,37.04,18.68
180,151,208.49,85.30,4,2.63,34.05
180,152,34.94,88.33,0,5.31,13.68
180,152,34.94,88.33,1,37.66,0.39
180,152,34.94,88.33,2,24.78,10.99
180,152,34.94,88.33,3,37.04,18.68
180,152,34.94,88.33,4,2.63,34.05
180,153,44.39,125.71,0,5.31,13.68
180,153,44.39,125.71,1,37.66,0.39
180,153,44.39,125.71,2,24.78,10.99
180,153,44.39,125.71,3,37.04,18.68
180,153,44.39,125.71,4,2.63,34.05
180,155,207.38,141.80,0,5.31,13.68
180,155,207.38,141.80,1,37.66,0.39
180,155,207.38,141.80,2,24.78,10.99
180,155,207.38,141.80,3,37.04,18.68
180,155,207.38,141.80,4,2.63,34.05
180,156,351.71,317.58,0,5.31,13.68
180,156,351.71,317.58,1,37.66,0.39
180,156,351.71,317.58,2,24.78,10.99
180,156,351.71,317.58,3,37.04,18.68
180,156,351.71,317.58,4,2.63,34.05
180,157,203.21,89.31,0,5.31,13.68
180,157,203.21,89.31,1,37.66,0.39
180,157,203.21,89.31,2,24.78,10.99
180,157,203.21,89.31,3,37.04,18.68
180,157,203.21,89.31,4,2.63,34.05
180,158,224.09,99.00,0,5.31,13.68
180,158,224.09,99.00,1,37.66,0.39
180,158,224.09,99.00,2,24.78,10.99
180,158,224.09,99.00,3,37.04,18.68
180,158,224.09,99.00,4,2.63,34.05
180,159,368.25,306.08,0,5.31,13.68
180,159,368.25,306.08,1,37.66,0.39
180,159,368.25,306.08,2,24.78,10.99
180,159,368.25,306.08,3,37.04,18.68
180,159,368.25,306.08,4,2.63,34.05
180,160,314.75,394.77,0,5.31,13.68
180,160,314.75,394.77,1,37.66,0.39
180,160,314.75,394.77,2,24.78,10.99
180,160,314.75,394.77,3,37.04,18.68
180,160,314.75,394.77,4,2.63,34.05
180,161,179.60,155.40,0,5.31,13.68
180,161,179.60,155.40,1,37.66,0.39
180,161,179.60,155.40,2,24.78,10.99
180,161,179.60,155.40,3,37.04,18.68
180,161,179.60,155.40,4,2.63,34.05
180,162,294.37,351.36,0,5.31,13.68
180,162,294.37,351.36,1,37.66,0.39
180,162,294.37,351.36,2,24.78,10.99
180,162,294.37,351.36,3,37.04,18.68
180,162,294.37,351.36,4,2.63,34.05
180,163,173.81,151.57,0,5.31,13.68
180,163,173.81,151.57,1,37.66,0.39
180,163,173.81,151.57,2,24.78,10.99
180,163,173.81,151.57,3,37.04,18.68
180,163,173.81,151.57,4,2.63,34.05
180,164,42.37,24.10,0,5.31,13.68
180,164,42.37,24.10,1,37.66,0.39
180,164,42.37,24.10,2,24.78,10.99
180,164,42.37,24.10,3,37.04,18.68
180,164,42.37,24.10,4,2.63,34.05
180,165,93.38,63.80,0,5.31,13.68
180,165,93.38,63.80,1,37.66,0.39
180,165,93.38,63.80,2,24.78,10.99
180,165,93.38,63.80,3,37.04,18.68
180,165,93.38,63.80,4,2.63,34.05
180,166,270.44,377.74,0,5.31,13.68
180,166,270.44,377.74,1,37.66,0.39
180,166,270.44,377.74,2,24.78,10.99
180,166,270.44,377.74,3,37.04,18.68
180,166,270.44,377.74,4,2.63,34.05
180,167,393.06,326.47,0,5.31,13.68
180,167,393.06,326.47,1,37.66,0.39
180,167,393.06,326.47,2,24.78,10.99
180,167,393.06,326.47,3,37.04,18.68
180,167,393.06,326.47,4,2.63,34.05
180,168,204.59,275.25,0,5.31,13.68
180,168,204.59,275.25,1,37.66,0.39
180,168,204.59,275.25,2,24.78,10.99
180,168,204.59,275.25,3,37.04,18.68
180,168,204.59,275.25,4,2.63,34.05
180,169,201.85,64.48,0,5.31,13.68
180,169,201.85,64.48,1,37.66,0.39
180,169,201.85,64.48,2,24.78,10.99
180,169,201.85,64.48,3,37.04,18.68
180,169,201.85,64.48,4,2.63,34.05
180,170,294.72,256.74,0,5.31,13.68
180,170,294.72,256.74,1,37.66,0.39
180,170,294.72,256.74,2,24.78,10.99
180,170,294.72,256.74,3,37.04,18.68
180,170,294.72,256.74,4,2.63,34.05
180,171,49.94,122.25,0,5.31,13.68
180,171,49.94,122.25,1,37.66,0.39
180,171,49.94,122.25,2,24.78,10.99
180,171,49.94,122.25,3,37.04,18.68
180,171,49.94,122.25,4,2.63,34.05
180,172,350.89,201.64,0,5.31,13.68
180,172,350.89,201.64,1,37.66,0.39
180,172,350.89,201.64,2,24.78,10.99
180,172,350.89,201.64,3,37.04,18.68
180,172,350.89,201.64,4,2.63,34.05
180,173,379.32,159.60,0,5.31,13.68
180,173,379.32,159.60,1,37.66,0.39
180,173,379.32,159.60,2,24.78,10.99
180,173,379.32,159.60,3,37.04,18.68
180,173,379.32,159.60,4,2.63,34.05
180,174,170.28,223.59,0,5.31,13.68
180,174,170.28,223.59,1,37.66,0.39
180,174,170.28,223.59,2,24.78,10.99
180,174,170.28,223.59,3,37.04,18.68
180,174,170.28,223.59,4,2.63,34.05
180,176,43.30,201.03,0,5.31,13.68
180,176,43.30,201.03,1,37.66,0.39
180,176,43.30,201.03,2,24.78,10.99
180,176,43.30,201.03,3,37.04,18.68
180,176,43.30,201.03,4,2.63,34.05
180,177,205.96,280.63,0,5.31,13.68
180,177,205.96,280.63,1,37.66,0.39
180,177,205.96,280.63,2,24.78,10.99
180,177,205.96,280.63,3,37.04,18.68
180,177,205.96,280.63,4,2.63,34.05
180,178,210.22,95.74,0,5.31,13.68
180,178,210.22,95.74,1,37.66,0.39
180,178,210.22,95.74,2,24.78,10.99
180,178,210.22,95.74,3,37.04,18.68
180,178,210.22,95.74,4,2.63,34.05
180,179,47.61,323.72,0,5.31,13.68
180,179,47.61,323.72,1,37.66,0.39
180,179,47.61,323.72,2,24.78,10.99
180,179,47.61,323.72,3,37.04,18.68
180,179,47.61,323.72,4,2.63,34.05
180,180,189.16,161.62,0,5.31,13.68
180,180,189.16,161.62,1,37.66,0.39
180,180,189.16,161.62,2,24.78,10.99
180,180,189.16,161.62,3,37.04,18.68
180,180,189.16,161.62,4,2.63,34.05
180,181,9.76,136.42,0,5.31,13.68
180,181,9.76,136.42,1,37.66,0.39
180,181,9.76,136.42,2,24.78,10.99
180,181,9.76,136.42,3,37.04,18.68
180,181,9.76,136.42,4,2.63,34.05
180,182,23.00,364.00,0,5.31,13.68
180,182,23.00,364.00,1,37.66,0.39
180,182,23.00,364.00,2,24.78,10.99
180,182,23.00,364.00,3,37.04,18.68
180,182,23.00,364.00,4,2.63,34.05
180,183,60.63,133.00,0,5.31,13.68
180,183,60.63,133.00,1,37.66,0.39
180,183,60.63,133.00,2,24.78,10.99
180,183,60.63,133.00,3,37.04,18.68
180,183,60.63,133.00,4,2.63,34.05
180,184,33.65,111.79,0,5.31,13.68
180,184,33.65,111.79,1,37.66,0.39
180,184,33.65,111.79,2,24.78,10.99
180,184,33.65,111.79,3,37.04,18.68
180,184,33.65,111.79,4,2.63,34.05
180,185,82.07,296.60,0,5.31,13.68
180,185,82.07,296.60,1,37.66,0.39
180,185,82.07,296.60,2,24.78,10.99
180,185,82.07,296.60,3,37.04,18.68
180,185,82.07,296.60,4,2.63,34.05
180,186,214.56,106.28,0,5.31,13.68
180,186,214.56,106.28,1,37.66,0.39
180,186,214.56,106.28,2,24.78,10.99
180,186,214.56,106.28,3,37.04,18.68
180,186,214.56,106.28,4,2.63,34.05
180,187,143.60,319.92,0,5.31,13.68
180,187,143.60,319.92,1,37.66,0.39
180,187,143.60,319.92,2,24.78,10.99
180,187,143.60,319.92,3,37.04,18.68
180,187,143.60,319.92,4,2.63,34.05
180,188,246.57,133.83,0,5.31,13.68
180,188,246.57,133.83,1,37.66,0.39
180,188,246.57,133.83,2,24.78,10.99
180,188,246.57,133.83,3,37.04,18.68
180,188,246.57,133.83,4,2.63,34.05
180,189,41.97,275.65,0,5.31,13.68
180,189,41.97,275.65,1,37.66,0.39
180,189,41.97,275.65,2,24.78,10.99
180,189,41.97,275.65,3,37.04,18.68
180,189,41.97,275.65,4,2.63,34.05
180,190,46.46,49.85,0,5.31,13.68
180,190,46.46,49.85,1,37.66,0.39
180,190,46.46,49.85,2,24.78,10.99
180,190,46.46,49.85,3,37.04,18.68
180,190,46.46,49.85,4,2.63,34.05
180,191,59.39,346.81,0,5.31,13.68
180,191,59.39,346.81,1,37.66,0.39
180,191,59.39,346.81,2,24.78,10.99
180,191,59.39,346.81,3,37.04,18.68
180,191,59.39,346.81,4,2.63,34.05
180,192,235.48,82.13,0,5.31,13.68
180,192,235.48,82.13,1,37.66,0.39
180,192,235.48,82.13,2,24.78,10.99
180,192,235.48,82.13,3,37.04,18.68
180,192,235.48,82.13,4,2.63,34.05
180,193,338.36,103.56,0,5.31,13.68
180,193,338.36,103.56,1,37.66,0.39
180,193,338.36,103.56,2,24.78,10.99
180,193,338.36,103.56,3,37.04,18.68
180,193,338.36,103.56,4,2.63,34.05
180,194,30.20,137.78,0,5.31,13.68
180,194,30.20,137.78,1,37.66,0.39
180,194,30.20,137.78,2,24.78,10.99
180,194,30.20,137.78,3,37.04,18.68
180,194,30.20,137.78,4,2.63,34.05
180,195,108.46,349.79,0,5.31,13.68
180,195,108.46,349.79,1,37.66,0.39
180,195,108.46,349.79,2,24.78,10.99
180,195,108.46,349.79,3,37.04,18.68
180,195,108.46,349.79,4,2.63,34.05
180,196,40.06,113.29,0,5.31,13.68
180,196,40.06,113.29,1,37.66,0.39
180,196,40.06,113.29,2,24.78,10.99
180,196,40.06,113.29,3,37.04,18.68
180,196,40.06,113.29,4,2.63,34.05
180,197,372.51,202.22,0,5.31,13.68
180,197,372.51,202.22,1,37.66,0.39
180,197,372.51,202.22,2,24.78,10.99
180,197,372.51,202.22,3,37.04,18.68
180,197,372.51,202.22,4,2.63,34.05
180,198,335.99,164.18,0,5.31,13.68
180,198,335.99,164.18,1,37.66,0.39
180,198,335.99,164.18,2,24.78,10.99
180,198,335.99,164.18,3,37.04,18.68
180,198,335.99,164.18,4,2.63,34.05
180,199,23.82,163.64,0,5.31,13.68
180,199,23.82,163.64,1,37.66,0.39
180,199,23.82,163.64,2,24.78,10.99
180,199,23.82,163.64,3,37.04,18.68
180,199,23.82,163.64,4,2.63,34.05
180,200,11.68,74.84,0,5.31,13.68
180,200,11.68,74.84,1,37.66,0.39
180,200,11.68,74.84,2,24.78,10.99
180,200,11.68,74.84,3,37.04,18.68
180,200,11.68,74.84,4,2.63,34.05
180,201,368.80,145.66,0,5.31,13.68
180,201,368.80,145.66,1,37.66,0.39
180,201,368.80,145.66,2,24.78,10.99
180,201,368.80,145.66,3,37.04,18.68
180,201,368.80,145.66,4,2.63,34.05
180,203,345.30,219.07,0,5.31,13.68
180,203,345.30,219.07,1,37.66,0.39
180,203,345.30,219.07,2,24.78,10.99
180,203,345.30,219.07,3,37.04,18.68
180,203,345.30,219.07,4,2.63,34.05
180,204,33.08,328.63,0,5.31,13.68
180,204,33.08,328.63,1,37.66,0.39
180,204,33.08,328.63,2,24.78,10.99
180,204,33.08,328.63,3,37.04,18.68
180,204,33.08,328.63,4,2.63,34.05
180,205,56.36,128.36,0,5.31,13.68
180,205,56.36,128.36,1,37.66,0.39
180,205,56.36,128.36,2,24.78,10.99
180,205,56.36,128.36,3,37.04,18.68
180,205,56.36,128.36,4,2.63,34.05
180,206,225.20,117.34,0,5.31,13.68
180,206,225.20,117.34,1,37.66,0.39
180,206,225.20,117.34,2,24.78,10.99
180,206,225.20,117.34,3,37.04,18.68
180,206,225.20,117.34,4,2.63,34.05
180,207,18.12,282.79,0,5.31,13.68
180,207,18.12,282.79,1,37.66,0.39
180,207,18.12,282.79,2,24.78,10.99
180,207,18.12,282.79,3,37.04,18.68
180,207,18.12,282.79,4,2.63,34.05
180,208,47.65,363.55,0,5.31,13.68
180,208,47.65,363.55,1,37.66,0.39
180,208,47.65,363.55,2,24.78,10.99
180,208,47.65,363.55,3,37.04,18.68
180,208,47.65,363.55,4,2.63,34.05
180,209,365.85,180.71,0,5.31,13.68
180,209,365.85,180.71,1,37.66,0.39
180,209,365.85,180.71,2,24.78,10.99
180,209,365.85,180.71,3,37.04,18.68
180,209,365.85,180.71,4,2.63,34.05
180,210,244.63,107.69,0,5.31,13.68
180,210,244.63,107.69,1,37.66,0.39
180,210,244.63,107.69,2,24.78,10.99
180,210,244.63,107.69,3,37.04,18.68
180,210,244.63,107.69,4,2.63,34.05
180,211,142.80,379.87,0,5.31,13.68
180,211,142.80,379.87,1,37.66,0.39
180,211,142.80,379.87,2,24.78,10.99
180,211,142.80,379.87,3,37.04,18.68
180,211,142.80,379.87,4,2.63,34.05
180,212,382.28,278.50,0,5.31,13.68
180,212,382.28,278.50,1,37.66,0.39
180,212,382.28,278.50,2,24.78,10.99
180,212,382.28,278.50,3,37.04,18.68
180,212,382.28,278.50,4,2.63,34.05
180,213,374.49,276.25,0,5.31,13.68
180,213,374.49,276.25,1,37.66,0.39
180,213,374.49,276.25,2,24.78,10.99
180,213,374.49,276.25,3,37.04,18.68
180,213,374.49,276.25,4,2.63,34.05
180,214,235.64,95.61,0,5.31,13.68
180,214,235.64,95.61,1,37.66,0.39
180,214,235.64,95.61,2,24.78,10.99
180,214,235.64,95.61,3,37.04,18.68
180,214,235.64,95.61,4,2.63,34.05
180,215,268.93,376.31,0,5.31,13.68
180,215,268.93,376.31,1,37.66,0.39
180,215,268.93,376.31,2,24.78,10.99
180,215,268.93,376.31,3,37.04,18.68
180,215,268.93,376.31,4,2.63,34.05
180,216,254.22,387.86,0,5.31,13.68
180,216,254.22,387.86,1,37.66,0.39
180,216,254.22,387.86,2,24.78,10.99
180,216,254.22,387.86,3,37.04,18.68
180,216,254.22,387.86,4,2.63,34.05
180,217,374.20,10.92,0,5.31,13.68
180,217,374.20,10.92,1,37.66,0.39
180,217,374.20,10.92,2,24.78,10.99
180,217,374.20,10.92,3,37.04,18.68
180,217,374.20,10.92,4,2.63,34.05
180,218,285.37,385.96,0,5.31,13.68
180,218,285.37,385.96,1,37.66,0.39
180,218,285.37,385.96,2,24.78,10.99
180,218,285.37,385.96,3,37.04,18.68
180,218,285.37,385.96,4,2.63,34.05
180,219,18.35,98.45,0,5.31,13.68
180,219,18.35,98.45,1,37.66,0.39
180,219,18.35,98.45,2,24.78,10.99
180,219,18.35,98.45,3,37.04,18.68
180,219,18.35,98.45,4,2.63,34.05
180,220,372.36,7.88,0,5.31,13.68
180,220,372.36,7.88,1,37.66,0.39
180,220,372.36,7.88,2,24.78,10.99
180,220,372.36,7.88,3,37.04,18.68
180,220,372.36,7.88,4,2.63,34.05
180,221,324.25,234.90,0,5.31,13.68
180,221,324.25,234.90,1,37.66,0.39
180,221,324.25,234.90,2,24.78,10.99
180,221,324.25,234.90,3,37.04,18.68
180,221,324.25,234.90,4,2.63,34.05
180,222,26.46,353.35,0,5.31,13.68
180,222,26.46,353.35,1,37.66,0.39
180,222,26.46,353.35,2,24.78,10.99
180,222,26.46,353.35,3,37.04,18.68
180,222,26.46,353.35,4,2.63,34.05
180,223,338.17,187.76,0,5.31,13.68
180,223,338.17,187.76,1,37.66,0.39
180,223,338.17,187.76,2,24.78,10.99
180,223,338.17,187.76,3,37.04,18.68
180,223,338.17,187.76,4,2.63,34.05
180,224,376.40,19.15,0,5.31,13.68
180,224,376.40,19.15,1,37.66,0.39
180,224,376.40,19.15,2,24.78,10.99
180,224,376.40,19.15,3,37.04,18.68
180,224,376.40,19.15,4,2.63,34.05
180,225,364.98,205.63,0,5.31,13.68
180,225,364.98,205.63,1,37.66,0.39
180,225,364.98,205.63,2,24.78,10.99
180,225,364.98,205.63,3,37.04,18.68
180,225,364.98,205.63,4,2.63,34.05
180,226,289.99,177.69,0,5.31,13.68
180,226,289.99,177.69,1,37.66,0.39
180,226,289.99,177.69,2,24.78,10.99
180,226,289.99,177.69,3,37.04,18.68
180,226,289.99,177.69,4,2.63,34.05
180,227,104.58,332.91,0,5.31,13.68
180,227,104.58,332.91,1,37.66,0.39
180,227,104.58,332.91,2,24.78,10.99
180,227,104.58,332.91,3,37.04,18.68
180,227,104.58,332.91,4,2.63,34.05
180,228,239.96,58.61,0,5.31,13.68
180,228,239.96,58.61,1,37.66,0.39
180,228,239.96,58.61,2,24.78,10.99
180,228,239.96,58.61,3,37.04,18.68
180,228,239.96,58.61,4,2.63,34.05
180,229,163.73,120.17,0,5.31,13.68
180,229,163.73,120.17,1,37.66,0.39
180,229,163.73,120.17,2,24.78,10.99
180,229,163.73,120.17,3,37.04,18.68
180,229,163.73,120.17,4,2.63,34.05
180,230,170.48,34.83,0,5.31,13.68
180,230,170.48,34.83,1,37.66,0.39
180,230,170.48,34.83,2,24.78,10.99
180,230,170.48,34.83,3,37.04,18.68
180,230,170.48,34.83,4,2.63,34.05
180,231,290.87,341.08,0,5.31,13.68
180,231,290.87,341.08,1,37.66,0.39
180,231,290.87,341.08,2,24.78,10.99
180,231,290.87,341.08,3,37.04,18.68
180,231,290.87,341.08,4,2.63,34.05
180,232,337.75,32.11,0,5.31,13.68
180,232,337.75,32.11,1,37.66,0.39
180,232,337.75,32.11,2,24.78,10.99
180,232,337.75,32.11,3,37.04,18.68
180,232,337.75,32.11,4,2.63,34.05
180,233,367.22,256.32,0,5.31,13.68
180,233,367.22,256.32,1,37.66,0.39
180,233,367.22,256.32,2,24.78,10.99
180,233,367.22,256.32,3,37.04,18.68
180,233,367.22,256.32,4,2.63,34.05
180,236,234.30,106.59,0,5.31,13.68
180,236,234.30,106.59,1,37.66,0.39
180,236,234.30,106.59,2,24.78,10.99
180,236,234.30,106.59,3,37.04,18.68
180,236,234.30,106.59,4,2.63,34.05
180,237,177.60,162.18,0,5.31,13.68
180,237,177.60,162.18,1,37.66,0.39
180,237,177.60,162.18,2,24.78,10.99
180,237,177.60,162.18,3,37.04,18.68
180,237,177.60,162.18,4,2.63,34.05
180,238,27.04,291.44,0,5.31,13.68
180,238,27.04,291.44,1,37.66,0.39
180,238,27.04,291.44,2,24.78,10.99
180,238,27.04,291.44,3,37.04,18.68
180,238,27.04,291.44,4,2.63,34.05
180,239,192.81,127.71,0,5.31,13.68
180,239,192.81,127.71,1,37.66,0.39
180,239,192.81,127.71,2,24.78,10.99
180,239,192.81,127.71,3,37.04,18.68
180,239,192.81,127.71,4,2.63,34.05
180,240,148.40,225.61,0,5.31,13.68
180,240,148.40,225.61,1,37.66,0.39
180,240,148.40,225.61,2,24.78,10.99
180,240,148.40,225.61,3,37.04,18.68
180,240,148.40,225.61,4,2.63,34.05
180,241,377.15,197.60,0,5.31,13.68
180,241,377.15,197.60,1,37.66,0.39
180,241,377.15,197.60,2,24.78,10.99
180,241,377.15,197.60,3,37.04,18.68
180,241,377.15,197.60,4,2.63,34.05
180,242,204.59,226.47,0,5.31,13.68
180,242,204.59,226.47,1,37.66,0.39
180,242,204.59,226.47,2,24.78,10.99
180,242,204.59,226.47,3,37.04,18.68
180,242,204.59,226.47,4,2.63,34.05
180,243,34.86,276.43,0,5.31,13.68
180,243,34.86,276.43,1,37.66,0.39
180,243,34.86,276.43,2,24.78,10.99
180,243,34.86,276.43,3,37.04,18.68
180,243,34.86,276.43,4,2.63,34.05
180,244,193.52,322.87,0,5.31,13.68
180,244,193.52,322.87,1,37.66,0.39
180,244,193.52,322.87,2,24.78,10.99
180,244,193.52,322.87,3,37.04,18.68
180,244,193.52,322.87,4,2.63,34.05
180,245,200.52,158.62,0,5.31,13.68
180,245,200.52,158.62,1,37.66,0.39
180,245,200.52,158.62,2,24.78,10.99
180,245,200.52,158.62,3,37.04,18.68
180,245,200.52,158.62,4,2.63,34.05
180,246,330.19,239.61,0,5.31,13.68
180,246,330.19,239.61,1,37.66,0.39
180,246,330.19,239.61,2,24.78,10.99
180,246,330.19,239.61,3,37.04,18.68
180,246,330.19,239.61,4,2.63,34.05
180,247,77.41,105.06,0,5.31,13.68
180,247,77.41,105.06,1,37.66,0.39
180,247,77.41,105.06,2,24.78,10.99
180,247,77.41,105.06,3,37.04,18.68
180,247,77.41,105.06,4,2.63,34.05
180,248,390.99,320.21,0,5.31,13.68
180,248,390.99,320.21,1,37.66,0.39
180,248,390.99,320.21,2,24.78,10.99
180,248,390.99,320.21,3,37.04,18.68
180,248,390.99,320.21,4,2.63,34.05
180,249,355.99,395.34,0,5.31,13.68
180,249,355.99,395.34,1,37.66,0.39
180,249,355.99,395.34,2,24.78,10.99
180,249,355.99,395.34,3,37.04,18.68
180,249,355.99,395.34,4,2.63,34.05
180,250,224.41,304.04,0,5.31,13.68
180,250,224.41,304.04,1,37.66,0.39
180,250,224.41,304.04,2,24.78,10.99
180,250,224.41,304.04,3,37.04,18.68
180,250,224.41,304.04,4,2.63,34.05
180,251,87.31,302.01,0,5.31,13.68
180,251,87.31,302.01,1,37.66,0.39
180,251,87.31,302.01,2,24.78,10.99
180,251,87.31,302.01,3,37.04,18.68
180,251,87.31,302.01,4,2.63,34.05
180,252,6.15,83.89,0,5.31,13.68
180,252,6.15,83.89,1,37.66,0.39
180,252,6.15,83.89,2,24.78,10.99
180,252,6.15,83.89,3,37.04,18.68
180,252,6.15,83.89,4,2.63,34.05
180,253,326.84,188.39,0,5.31,13.68
180,253,326.84,188.39,1,37.66,0.39
180,253,326.84,188.39,2,24.78,10.99
180,253,326.84,188.39,3,37.04,18.68
180,253,326.84,188.39,4,2.63,34.05
180,254,353.13,139.08,0,5.31,13.68
180,254,353.13,139.08,1,37.66,0.39
180,254,353.13,139.08,2,24.78,10.99
180,254,353.13,139.08,3,37.04,18.68
180,254,353.13,139.08,4,2.63,34.05
180,255,25.97,311.21,0,5.31,13.68
180,255,25.97,311.21,1,37.66,0.39
180,255,25.97,311.21,2,24.78,10.99
180,255,25.97,311.21,3,37.04,18.68
180,255,25.97,311.21,4,2.63,34.05
180,256,54.17,94.53,0,5.31,13.68
180,256,54.17,94.53,1,37.66,0.39
180,256,54.17,94.53,2,24.78,10.99
180,256,54.17,94.53,3,37.04,18.68
180,256,54.17,94.53,4,2.63,34.05
180,257,357.83,177.35,0,5.31,13.68
180,257,357.83,177.35,1,37.66,0.39
180,257,357.83,177.35,2,24.78,10.99
180,257,357.83,177.35,3,37.04,18.68
180,257,357.83,177.35,4,2.63,34.05
180,258,365.49,45.31,0,5.31,13.68
180,258,365.49,45.31,1,37.66,0.39
180,258,365.49,45.31,2,24.78,10.99
180,258,365.49,45.31,3,37.04,18.68
180,258,365.49,45.31,4,2.63,34.05
180,259,67.44,95.60,0,5.31,13.68
180,259,67.44,95.60,1,37.66,0.39
180,259,67.44,95.60,2,24.78,10.99
180,259,67.44,95.60,3,37.04,18.68
180,259,67.44,95.60,4,2.63,34.05
180,260,301.84,379.27,0,5.31,13.68
180,260,301.84,379.27,1,37.66,0.39
180,260,301.84,379.27,2,24.78,10.99
180,260,301.84,379.27,3,37.04,18.68
180,260,301.84,379.27,4,2.63,34.05
180,261,66.83,373.06,0,5.31,13.68
180,261,66.83,373.06,1,37.66,0.39
180,261,66.83,373.06,2,24.78,10.99
180,261,66.83,373.06,3,37.04,18.68
180,261,66.83,373.06,4,2.63,34.05
180,262,164.63,92.99,0,5.31,13.68
180,262,164.63,92.99,1,37.66,0.39
180,262,164.63,92.99,2,24.78,10.99
180,262,164.63,92.99,3,37.04,18.68
180,262,164.63,92.99,4,2.63,34.05
180,263,165.09,69.68,0,5.31,13.68
180,263,165.09,69.68,1,37.66,0.39
180,263,165.09,69.68,2,24.78,10.99
180,263,165.09,69.68,3,37.04,18.68
180,263,165.09,69.68,4,2.63,34.05
180,264,37.04,139.42,0,5.31,13.68
180,264,37.04,139.42,1,37.66,0.39
180,264,37.04,139.42,2,24.78,10.99
180,264,37.04,139.42,3,37.04,18.68
180,264,37.04,139.42,4,2.63,34.05
180,265,225.80,312.31,0,5.31,13.68
180,265,225.80,312.31,1,37.66,0.39
180,265,225.80,312.31,2,24.78,10.99
180,265,225.80,312.31,3,37.04,18.68
180,265,225.80,312.31,4,2.63,34.05
180,266,120.59,299.00,0,5.31,13.68
180,266,120.59,299.00,1,37.66,0.39
180,266,120.59,299.00,2,24.78,10.99
180,266,120.59,299.00,3,37.04,18.68
180,266,120.59,299.00,4,2.63,34.05
180,267,172.94,57.80,0,5.31,13.68
180,267,172.94,57.80,1,37.66,0.39
180,267,172.94,57.80,2,24.78,10.99
180,267,172.94,57.80,3,37.04,18.68
180,267,172.94,57.80,4,2.63,34.05
180,268,193.53,104.68,0,5.31,13.68
180,268,193.53,104.68,1,37.66,0.39
180,268,193.53,104.68,2,24.78,10.99
180,268,193.53,104.68,3,37.04,18.68
180,268,193.53,104.68,4,2.63,34.05
180,269,7.88,142.65,0,5.31,13.68
180,269,7.88,142.65,1,37.66,0.39
180,269,7.88,142.65,2,24.78,10.99
180,269,7.88,142.65,3,37.04,18.68
180,269,7.88,142.65,4,2.63,34.05
180,270,60.45,297.25,0,5.31,13.68
180,270,60.45,297.25,1,37.66,0.39
180,270,60.45,297.25,2,24.78,10.99
180,270,60.45,297.25,3,37.04,18.68
180,270,60.45,297.25,4,2.63,34.05
180,271,27.61,115.85,0,5.31,13.68
180,271,27.61,115.85,1,37.66,0.39
180,271,27.61,115.85,2,24.78,10.99
180,271,27.61,115.85,3,37.04,18.68
180,271,27.61,115.85,4,2.63,34.05
180,272,54.77,309.10,0,5.31,13.68
180,272,54.77,309.10,1,37.66,0.39
180,272,54.77,309.10,2,24.78,10.99
180,272,54.77,309.10,3,37.04,18.68
180,272,54.77,309.10,4,2.63,34.05
180,273,24.42,263.41,0,5.31,13.68
180,273,24.42,263.41,1,37.66,0.39
180,273,24.42,263.41,2,24.78,10.99
180,273,24.42,263.41,3,37.04,18.68
180,273,24.42,263.41,4,2.63,34.05
180,274,102.50,4.16,0,5.31,13.68
180,274,102.50,4.16,1,37.66,0.39
180,274,102.50,4.16,2,24.78,10.99
180,274,102.50,4.16,3,37.04,18.68
180,274,102.50,4.16,4,2.63,34.05
180,275,309.40,220.03,0,5.31,13.68
180,275,309.40,220.03,1,37.66,0.39
180,275,309.40,220.03,2,24.78,10.99
180,275,309.40,220.03,3,37.04,18.68
180,275,309.40,220.03,4,2.63,34.05
180,276,306.15,234.63,0,5.31,13.68
180,276,306.15,234.63,1,37.66,0.39
180,276,306.15,234.63,2,24.78,10.99
180,276,306.15,234.63,3,37.04,18.68
180,276,306.15,234.63,4,2.63,34.05
180,277,284.48,192.69,0,5.31,13.68
180,277,284.48,192.69,1,37.66,0.39
180,277,284.48,192.69,2,24.78,10.99
180,277,284.48,192.69,3,37.04,18.68
180,277,284.48,192.69,4,2.63,34.05
180,278,77.26,389.17,0,5.31,13.68
180,278,77.26,389.17,1,37.66,0.39
180,278,77.26,389.17,2,24.78,10.99
180,278,77.26,389.17,3,37.04,18.68
180,278,77.26,389.17,4,2.63,34.05
180,279,240.61,390.38,0,5.31,13.68
180,279,240.61,390.38,1,37.66,0.39
180,279,240.61,390.38,2,24.78,10.99
180,279,240.61,390.38,3,37.04,18.68
180,279,240.61,390.38,4,2.63,34.05
180,281,208.94,55.98,0,5.31,13.68
180,281,208.94,55.98,1,37.66,0.39
180,281,208.94,55.98,2,24.78,10.99
180,281,208.94,55.98,3,37.04,18.68
180,281,208.94,55.98,4,2.63,34.05
180,282,342.80,178.60,0,5.31,13.68
180,282,342.80,178.60,1,37.66,0.39
180,282,342.80,178.60,2,24.78,10.99
180,282,342.80,178.60,3,37.04,18.68
180,282,342.80,178.60,4,2.63,34.05
180,283,327.80,162.71,0,5.31,13.68
180,283,327.80,162.71,1,37.66,0.39
180,283,327.80,162.71,2,24.78,10.99
180,283,327.80,162.71,3,37.04,18.68
180,283,327.80,162.71,4,2.63,34.05
180,284,213.79,96.90,0,5.31,13.68
180,284,213.79,96.90,1,37.66,0.39
180,284,213.79,96.90,2,24.78,10.99
180,284,213.79,96.90,3,37.04,18.68
180,284,213.79,96.90,4,2.63,34.05
180,285,225.09,343.59,0,5.31,13.68
180,285,225.09,343.59,1,37.66,0.39
180,285,225.09,343.59,2,24.78,10.99
180,285,225.09,343.59,3,37.04,18.68
180,285,225.09,343.59,4,2.63,34.05
180,286,255.64,331.77,0,5.31,13.68
180,286,255.64,331.77,1,37.66,0.39
180,286,255.64,331.77,2,24.78,10.99
180,286,255.64,331.77,3,37.04,18.68
180,286,255.64,331.77,4,2.63,34.05
180,288,116.60,5.88,0,5.31,13.68
180,288,116.60,5.88,1,37.66,0.39
180,288,116.60,5.88,2,24.78,10.99
180,288,116.60,5.88,3,37.04,18.68
180,288,116.60,5.88,4,2.63,34.05
180,289,60.64,324.42,0,5.31,13.68
180,289,60.64,324.42,1,37.66,0.39
180,289,60.64,324.42,2,24.78,10.99
180,289,60.64,324.42,3,37.04,18.68
180,289,60.64,324.42,4,2.63,34.05
180,290,300.35,261.76,0,5.31,13.68
180,290,300.35,261.76,1,37.66,0.39
180,290,300.35,261.76,2,24.78,10.99
180,290,300.35,261.76,3,37.04,18.68
180,290,300.35,261.76,4,2.63,34.05
180,291,61.62,41.30,0,5.31,13.68
180,291,61.62,41.30,1,37.66,0.39
180,291,61.62,41.30,2,24.78,10.99
180,291,61.62,41.30,3,37.04,18.68
180,291,61.62,41.30,4,2.63,34.05
180,292,271.42,297.18,0,5.31,13.68
180,292,271.42,297.18,1,37.66,0.39
180,292,271.42,297.18,2,24.78,10.99
180,292,271.42,297.18,3,37.04,18.68
180,292,271.42,297.18,4,2.63,34.05
180,293,216.02,115.85,0,5.31,13.68
180,293,216.02,115.85,1,37.66,0.39
180,293,216.02,115.85,2,24.78,10.99
180,293,216.02,115.85,3,37.04,18.68
180,293,216.02,115.85,4,2.63,34.05
180,294,94.15,353.45,0,5.31,13.68
180,294,94.15,353.45,1,37.66,0.39
180,294,94.15,353.45,2,24.78,10.99
180,294,94.15,353.45,3,37.04,18.68
180,294,94.15,353.45,4,2.63,34.05
180,296,346.14,26.38,0,5.31,13.68
180,296,346.14,26.38,1,37.66,0.39
180,296,346.14,26.38,2,24.78,10.99
180,296,346.14,26.38,3,37.04,18.68
180,296,346.14,26.38,4,2.63,34.05
180,297,370.04,132.81,0,5.31,13.68
180,297,370.04,132.81,1,37.66,0.39
180,297,370.04,132.81,2,24.78,10.99
180,297,370.04,132.81,3,37.04,18.68
180,297,370.04,132.81,4,2.63,34.05
180,298,350.70,33.06,0,5.31,13.68
180,298,350.70,33.06,1,37.66,0.39
180,298,350.70,33.06,2,24.78,10.99
180,298,350.70,33.06,3,37.04,18.68
180,298,350.70,33.06,4,2.63,34.05
180,299,40.94,128.23,0,5.31,13.68
180,299,40.94,128.23,1,37.66,0.39
180,299,40.94,128.23,2,24.78,10.99
180,299,40.94,128.23,3,37.04,18.68
180,299,40.94,128.23,4,2.63,34.05
180,300,205.40,343.29,0,5.31,13.68
180,300,205.40,343.29,1,37.66,0.39
180,300,205.40,343.29,2,24.78,10.99
180,300,205.40,343.29,3,37.04,18.68
180,300,205.40,343.29,4,2.63,34.05
190,1,228.00,108.00,0,5.31,13.68
190,1,228.00,108.00,1,37.82,0.31
190,1,228.00,108.00,2,25.49,11.14
190,1,228.00,108.00,3,37.04,18.68
190,1,228.00,108.00,4,2.37,32.95
190,2,44.36,92.78,0,5.31,13.68
190,2,44.36,92.78,1,37.82,0.31
190,2,44.36,92.78,2,25.49,11.14
190,2,44.36,92.78,3,37.04,18.68
190,2,44.36,92.78,4,2.37,32.95
190,3,182.14,261.93,0,5.31,13.68
190,3,182.14,261.93,1,37.82,0.31
190,3,182.14,261.93,2,25.49,11.14
190,3,182.14,261.93,3,37.04,18.68
190,3,182.14,261.93,4,2.37,32.95
190,4,238.96,106.04,0,5.31,13.68
190,4,238.96,106.04,1,37.82,0.31
190,4,238.96,106.04,2,25.49,11.14
190,4,238.96,106.04,3,37.04,18.68
190,4,238.96,106.04,4,2.37,32.95
190,5,22.02,335.16,0,5.31,13.68
190,5,22.02,335.16,1,37.82,0.31
190,5,22.02,335.16,2,25.49,11.14
190,5,22.02,335.16,3,37.04,18.68
190,5,22.02,335.16,4,2.37,32.95
190,6,72.46,293.85,0,5.31,13.68
190,6,72.46,293.85,1,37.82,0.31
190,6,72.46,293.85,2,25.49,11.14
190,6,72.46,293.85,3,37.04,18.68
190,6,72.46,293.85,4,2.37,32.95
190,7,66.16,116.83,0,5.31,13.68
190,7,66.16,116.83,1,37.82,0.31
190,7,66.16,116.83,2,25.49,11.14
190,7,66.16,116.83,3,37.04,18.68
190,7,66.16,116.83,4,2.37,32.95
190,8,133.51,376.57,0,5.31,13.68
190,8,133.51,376.57,1,37.82,0.31
190,8,133.51,376.57,2,25.49,11.14
190,8,133.51,376.57,3,37.04,18.68
190,8,133.51,376.57,4,2.37,32.95
190,9,275.27,200.54,0,5.31,13.68
190,9,275.27,200.54,1,37.82,0.31
190,9,275.27,200.54,2,25.49,11.14
190,9,275.27,200.54,3,37.04,18.68
190,9,275.27,200.54,4,2.37,32.95
190,10,376.37,176.46,0,5.31,13.68
190,10,376.37,176.46,1,37.82,0.31
190,10,376.37,176.46,2,25.49,11.14
190,10,376.37,176.46,3,37.04,18.68
190,10,376.37,176.46,4,2.37,32.95
190,11,172.43,114.89,0,5.31,13.68
190,11,172.43,114.89,1,37.82,0.31
190,11,172.43,114.89,2,25.49,11.14
190,11,172.43,114.89,3,37.04,18.68
190,11,172.43,114.89,4,2.37,32.95
190,12,226.35,91.90,0,5.31,13.68
190,12,226.35,91.90,1,37.82,0.31
190,12,226.35,91.90,2,25.49,11.14
190,12,226.35,91.90,3,37.04,18.68
190,12,226.35,91.90,4,2.37,32.95
190,13,160.69,88.35,0,5.31,13.68
190,13,160.69,88.35,1,37.82,0.31
190,13,160.69,88.35,2,25.49,11.14
190,13,160.69,88.35,3,37.04,18.68
190,13,160.69,88.35,4,2.37,32.95
190,14,13.61,363.68,0,5.31,13.68
190,14,13.61,363.68,1,37.82,0.31
190,14,13.61,363.68,2,25.49,11.14
190,14,13.61,363.68,3,37.04,18.68
190,14,13.61,363.68,4,2.37,32.95
190,15,9.01,338.36,0,5.31,13.68
190,15,9.01,338.36,1,37.82,0.31
190,15,9.01,338.36,2,25.49,11.14
190,15,9.01,338.36,3,37.04,18.68
190,15,9.01,338.36,4,2.37,32.95
190,16,333.66,273.28,0,5.31,13.68
190,16,333.66,273.28,1,37.82,0.31
190,16,333.66,273.28,2,25.49,11.14
190,16,333.66,273.28,3,37.04,18.68
190,16,333.66,273.28,4,2.37,32.95
190,17,377.36,185.76,0,5.31,13.68
190,17,377.36,185.76,1,37.82,0.31
190,17,377.36,185.76,2,25.49,11.14
190,17,377.36,185.76,3,37.04,18.68
190,17,377.36,185.76,4,2.37,32.95
190,18,184.60,348.88,0,5.31,13.68
190,18,184.60,348.88,1,37.82,0.31
190,18,184.60,348.88,2,25.49,11.14
190,18,184.60,348.88,3,37.04,18.68
190,18,184.60,348.88,4,2.37,32.95
190,19,59.18,334.95,0,5.31,13.68
190,19,59.18,334.95,1,37.82,0.31
190,19,59.18,334.95,2,25.49,11.14
190,19,59.18,334.95,3,37.04,18.68
190,19,59.18,334.95,4,2.37,32.95
190,20,213.36,387.31,0,5.31,13.68
190,20,213.36,387.31,1,37.82,0.31
190,20,213.36,387.31,2,25.49,11.14
190,20,213.36,387.31,3,37.04,18.68
190,20,213.36,387.31,4,2.37,32.95
190,21,378.80,142.91,0,5.31,13.68
190,21,378.80,142.91,1,37.82,0.31
190,21,378.80,142.91,2,25.49,11.14
190,21,378.80,142.91,3,37.04,18.68
190,21,378.80,142.91,4,2.37,32.95
190,22,284.91,368.30,0,5.31,13.68
190,22,284.91,368.30,1,37.82,0.31
190,22,284.91,368.30,2,25.49,11.14
190,22,284.91,368.30,3,37.04,18.68
190,22,284.91,368.30,4,2.37,32.95
190,23,357.17,247.78,0,5.31,13.68
190,23,357.17,247.78,1,37.82,0.31
190,23,357.17,247.78,2,25.49,11.14
190,23,357.17,247.78,3,37.04,18.68
190,23,357.17,247.78,4,2.37,32.95
190,24,157.57,69.55,0,5.31,13.68
190,24,157.57,69.55,1,37.82,0.31
190,24,157.57,69.55,2,25.49,11.14
190,24,157.57,69.55,3,37.04,18.68
190,24,157.57,69.55,4,2.37,32.95
190,25,59.55,353.67,0,5.31,13.68
190,25,59.55,353.67,1,37.82,0.31
190,25,59.55,353.67,2,25.49,11.14
190,25,59.55,353.67,3,37.04,18.68
190,25,59.55,353.67,4,2.37,32.95
190,26,296.04,28.68,0,5.31,13.68
190,26,296.04,28.68,1,37.82,0.31
190,26,296.04,28.68,2,25.49,11.14
190,26,296.04,28.68,3,37.04,18.68
190,26,296.04,28.68,4,2.37,32.95
190,27,224.97,98.29,0,5.31,13.68
190,27,224.97,98.29,1,37.82,0.31
190,27,224.97,98.29,2,25.49,11.14
190,27,224.97,98.29,3,37.04,18.68
190,27,224.97,98.29,4,2.37,32.95
190,28,381.77,354.38,0,5.31,13.68
190,28,381.77,354.38,1,37.82,0.31
190,28,381.77,354.38,2,25.49,11.14
190,28,381.77,354.38,3,37.04,18.68
190,28,381.77,354.38,4,2.37,32.95
190,29,152.59,256.69,0,5.31,13.68
190,29,152.59,256.69,1,37.82,0.31
190,29,152.59,256.69,2,25.49,11.14
190,29,152.59,256.69,3,37.04,18.68
190,29,152.59,256.69,4,2.37,32.95
190,31,202.88,52.97,0,5.31,13.68
190,31,202.88,52.97,1,37.82,0.31
190,31,202.88,52.97,2,25.49,11.14
190,31,202.88,52.97,3,37.04,18.68
190,31,202.88,52.97,4,2.37,32.95
190,32,234.09,85.07,0,5.31,13.68
190,32,234.09,85.07,1,37.82,0.31
190,32,234.09,85.07,2,25.49,11.14
190,32,234.09,85.07,3,37.04,18.68
190,32,234.09,85.07,4,2.37,32.95
190,33,33.33,294.42,0,5.31,13.68
190,33,33.33,294.42,1,37.82,0.31
190,33,33.33,294.42,2,25.49,11.14
190,33,33.33,294.42,3,37.04,18.68
190,33,33.33,294.42,4,2.37,32.95
190,34,208.67,109.00,0,5.31,13.68
190,34,208.67,109.00,1,37.82,0.31
190,34,208.67,109.00,2,25.49,11.14
190,34,208.67,109.00,3,37.04,18.68
190,34,208.67,109.00,4,2.37,32.95
190,35,338.85,201.63,0,5.31,13.68
190,35,338.85,201.63,1,37.82,0.31
190,35,338.85,201.63,2,25.49,11.14
190,35,338.85,201.63,3,37.04,18.68
190,35,338.85,201.63,4,2.37,32.95
190,36,86.67,330.22,0,5.31,13.68
190,36,86.67,330.22,1,37.82,0.31
190,36,86.67,330.22,2,25.49,11.14
190,36,86.67,330.22,3,37.04,18.68
190,36,86.67,330.22,4,2.37,32.95
190,37,317.63,266.90,0,5.31,13.68
190,37,317.63,266.90,1,37.82,0.31
190,37,317.63,266.90,2,25.49,11.14
190,37,317.63,266.90,3,37.04,18.68
190,37,317.63,266.90,4,2.37,32.95
190,38,124.38,227.47,0,5.31,13.68
190,38,124.38,227.47,1,37.82,0.31
190,38,124.38,227.47,2,25.49,11.14
190,38,124.38,227.47,3,37.04,18.68
190,38,124.38,227.47,4,2.37,32.95
190,39,98.21,193.49,0,5.31,13.68
190,39,98.21,193.49,1,37.82,0.31
190,39,98.21,193.49,2,25.49,11.14
190,39,98.21,193.49,3,37.04,18.68
190,39,98.21,193.49,4,2.37,32.95
190,40,252.31,104.66,0,5.31,13.68
190,40,252.31,104.66,1,37.82,0.31
190,40,252.31,104.66,2,25.49,11.14
190,40,252.31,104.66,3,37.04,18.68
190,40,252.31,104.66,4,2.37,32.95
190,41,261.74,301.10,0,5.31,13.68
190,41,261.74,301.10,1,37.82,0.31
190,41,261.74,301.10,2,25.49,11.14
190,41,261.74,301.10,3,37.04,18.68
190,41,261.74,301.10,4,2.37,32.95
190,42,357.57,221.21,0,5.31,13.68
190,42,357.57,221.21,1,37.82,0.31
190,42,357.57,221.21,2,25.49,11.14
190,42,357.57,221.21,3,37.04,18.68
190,42,357.57,221.21,4,2.37,32.95
190,43,218.87,86.81,0,5.31,13.68
190,43,218.87,86.81,1,37.82,0.31
190,43,218.87,86.81,2,25.49,11.14
190,43,218.87,86.81,3,37.04,18.68
190,43,218.87,86.81,4,2.37,32.95
190,44,363.92,194.47,0,5.31,13.68
190,44,363.92,194.47,1,37.82,0.31
190,44,363.92,194.47,2,25.49,11.14
190,44,363.92,194.47,3,37.04,18.68
190,44,363.92,194.47,4,2.37,32.95
190,46,58.83,364.61,0,5.31,13.68
190,46,58.83,364.61,1,37.82,0.31
190,46,58.83,364.61,2,25.49,11.14
190,46,58.83,364.61,3,37.04,18.68
190,46,58.83,364.61,4,2.37,32.95
190,47,37.53,322.85,0,5.31,13.68
190,47,37.53,322.85,1,37.82,0.31
190,47,37.53,322.85,2,25.49,11.14
190,47,37.53,322.85,3,37.04,18.68
190,47,37.53,322.85,4,2.37,32.95
190,48,353.79,192.43,0,5.31,13.68
190,48,353.79,192.43,1,37.82,0.31
190,48,353.79,192.43,2,25.49,11.14
190,48,353.79,192.43,3,37.04,18.68
190,48,353.79,192.43,4,2.37,32.95
190,49,210.72,123.68,0,5.31,13.68
190,49,210.72,123.68,1,37.82,0.31
190,49,210.72,123.68,2,25.49,11.14
190,49,210.72,123.68,3,37.04,18.68
190,49,210.72,123.68,4,2.37,32.95
190,50,316.03,307.64,0,5.31,13.68
190,50,316.03,307.64,1,37.82,0.31
190,50,316.03,307.64,2,25.49,11.14
190,50,316.03,307.64,3,37.04,18.68
190,50,316.03,307.64,4,2.37,32.95
190,51,22.81,353.90,0,5.31,13.68
190,51,22.81,353.90,1,37.82,0.31
190,51,22.81,353.90,2,25.49,11.14
190,51,22.81,353.90,3,37.04,18.68
190,51,22.81,353.90,4,2.37,32.95
190,52,219.20,110.62,0,5.31,13.68
190,52,219.20,110.62,1,37.82,0.31
190,52,219.20,110.62,2,25.49,11.14
190,52,219.20,110.62,3,37.04,18.68
190,52,219.20,110.62,4,2.37,32.95
190,53,290.19,231.89,0,5.31,13.68
190,53,290.19,231.89,1,37.82,0.31
190,53,290.19,231.89,2,25.49,11.14
190,53,290.19,231.89,3,37.04,18.68
190,53,290.19,231.89,4,2.37,32.95
190,54,357.80,15.71,0,5.31,13.68
190,54,357.80,15.71,1,37.82,0.31
190,54,357.80,15.71,2,25.49,11.14
190,54,357.80,15.71,3,37.04,18.68
190,54,357.80,15.71,4,2.37,32.95
190,55,284.25,242.95,0,5.31,13.68
190,55,284.25,242.95,1,37.82,0.31
190,55,284.25,242.95,2,25.49,11.14
190,55,284.25,242.95,3,37.04,18.68
190,55,284.25,242.95,4,2.37,32.95
190,56,332.37,180.57,0,5.31,13.68
190,56,332.37,180.57,1,37.82,0.31
190,56,332.37,180.57,2,25.49,11.14
190,56,332.37,180.57,3,37.04,18.68
190,56,332.37,180.57,4,2.37,32.95
190,57,83.85,168.54,0,5.31,13.68
190,57,83.85,168.54,1,37.82,0.31
190,57,83.85,168.54,2,25.49,11.14
190,57,83.85,168.54,3,37.04,18.68
190,57,83.85,168.54,4,2.37,32.95
190,58,359.25,185.85,0,5.31,13.68
190,58,359.25,185.85,1,37.82,0.31
190,58,359.25,185.85,2,25.49,11.14
190,58,359.25,185.85,3,37.04,18.68
190,58,359.25,185.85,4,2.37,32.95
190,59,52.55,138.55,0,5.31,13.68
190,59,52.55,138.55,1,37.82,0.31
190,59,52.55,138.55,2,25.49,11.14
190,59,52.55,138.55,3,37.04,18.68
190,59,52.55,138.55,4,2.37,32.95
190,60,183.57,270.17,0,5.31,13.68
190,60,183.57,270.17,1,37.82,0.31
190,60,183.57,270.17,2,25.49,11.14
190,60,183.57,270.17,3,37.04,18.68
190,60,183.57,270.17,4,2.37,32.95
190,61,47.05,140.32,0,5.31,13.68
190,61,47.05,140.32,1,37.82,0.31
190,61,47.05,140.32,2,25.49,11.14
190,61,47.05,140.32,3,37.04,18.68
190,61,47.05,140.32,4,2.37,32.95
190,62,30.88,365.69,0,5.31,13.68
190,62,30.88,365.69,1,37.82,0.31
190,62,30.88,365.69,2,25.49,11.14
190,62,30.88,365.69,3,37.04,18.68
190,62,30.88,365.69,4,2.37,32.95
190,63,90.59,168.13,0,5.31,13.68
190,63,90.59,168.13,1,37.82,0.31
190,63,90.59,168.13,2,25.49,11.14
190,63,90.59,168.13,3,37.04,18.68
190,63,90.59,168.13,4,2.37,32.95
190,64,359.53,20.24,0,5.31,13.68
190,64,359.53,20.24,1,37.82,0.31
190,64,359.53,20.24,2,25.49,11.14
190,64,359.53,20.24,3,37.04,18.68
190,64,359.53,20.24,4,2.37,32.95
190,65,343.39,256.17,0,5.31,13.68
190,65,343.39,256.17,1,37.82,0.31
190,65,343.39,256.17,2,25.49,11.14
190,65,343.39,256.17,3,37.04,18.68
190,65,343.39,256.17,4,2.37,32.95
190,66,82.48,377.95,0,5.31,13.68
190,66,82.48,377.95,1,37.82,0.31
190,66,82.48,377.95,2,25.49,11.14
190,66,82.48,377.95,3,37.04,18.68
190,66,82.48,377.95,4,2.37,32.95
190,67,38.76,203.74,0,5.31,13.68
190,67,38.76,203.74,1,37.82,0.31
190,67,38.76,203.74,2,25.49,11.14
190,67,38.76,203.74,3,37.04,18.68
190,67,38.76,203.74,4,2.37,32.95
190,68,233.12,327.05,0,5.31,13.68
190,68,233.12,327.05,1,37.82,0.31
190,68,233.12,327.05,2,25.49,11.14
190,68,233.12,327.05,3,37.04,18.68
190,68,233.12,327.05,4,2.37,32.95
190,69,375.16,354.50,0,5.31,13.68
190,69,375.16,354.50,1,37.82,0.31
190,69,375.16,354.50,2,25.49,11.14
190,69,375.16,354.50,3,37.04,18.68
190,69,375.16,354.50,4,2.37,32.95
190,70,227.74,102.82,0,5.31,13.68
190,70,227.74,102.82,1,37.82,0.31
190,70,227.74,102.82,2,25.49,11.14
190,70,227.74,102.82,3,37.04,18.68
190,70,227.74,102.82,4,2.37,32.95
190,71,37.17,361.62,0,5.31,13.68
190,71,37.17,361.62,1,37.82,0.31
190,71,37.17,361.62,2,25.49,11.14
190,71,37.17,361.62,3,37.04,18.68
190,71,37.17,361.62,4,2.37,32.95
190,72,18.50,368.00,0,5.31,13.68
190,72,18.50,368.00,1,37.82,0.31
190,72,18.50,368.00,2,25.49,11.14
190,72,18.50,368.00,3,37.04,18.68
190,72,18.50,368.00,4,2.37,32.95
190,73,368.07,168.54,0,5.31,13.68
190,73,368.07,168.54,1,37.82,0.31
190,73,368.07,168.54,2,25.49,11.14
190,73,368.07,168.54,3,37.04,18.68
190,73,368.07,168.54,4,2.37,32.95
190,74,228.97,88.85,0,5.31,13.68
190,74,228.97,88.85,1,37.82,0.31
190,74,228.97,88.85,2,25.49,11.14
190,74,228.97,88.85,3,37.04,18.68
190,74,228.97,88.85,4,2.37,32.95
190,75,207.56,99.36,0,5.31,13.68
190,75,207.56,99.36,1,37.82,0.31
190,75,207.56,99.36,2,25.49,11.14
190,75,207.56,99.36,3,37.04,18.68
190,75,207.56,99.36,4,2.37,32.95
190,76,364.82,130.76,0,5.31,13.68
190,76,364.82,130.76,1,37.82,0.31
190,76,364.82,130.76,2,25.49,11.14
190,76,364.82,130.76,3,37.04,18.68
190,76,364.82,130.76,4,2.37,32.95
190,77,72.28,152.52,0,5.31,13.68
190,77,72.28,152.52,1,37.82,0.31
190,77,72.28,152.52,2,25.49,11.14
190,77,72.28,152.52,3,37.04,18.68
190,77,72.28,152.52,4,2.37,32.95
190,78,205.26,385.82,0,5.31,13.68
190,78,205.26,385.82,1,37.82,0.31
190,78,205.26,385.82,2,25.49,11.14
190,78,205.26,385.82,3,37.04,18.68
190,78,205.26,385.82,4,2.37,32.95
190,79,360.84,198.45,0,5.31,13.68
190,79,360.84,198.45,1,37.82,0.31
190,79,360.84,198.45,2,25.49,11.14
190,79,360.84,198.45,3,37.04,18.68
190,79,360.84,198.45,4,2.37,32.95
190,81,255.13,361.90,0,5.31,13.68
190,81,255.13,361.90,1,37.82,0.31
190,81,255.13,361.90,2,25.49,11.14
190,81,255.13,361.90,3,37.04,18.68
190,81,255.13,361.90,4,2.37,32.95
190,82,329.73,129.91,0,5.31,13.68
190,82,329.73,129.91,1,37.82,0.31
190,82,329.73,129.91,2,25.49,11.14
190,82,329.73,129.91,3,37.04,18.68
190,82,329.73,129.91,4,2.37,32.95
190,83,176.58,42.85,0,5.31,13.68
190,83,176.58,42.85,1,37.82,0.31
190,83,176.58,42.85,2,25.49,11.14
190,83,176.58,42.85,3,37.04,18.68
190,83,176.58,42.85,4,2.37,32.95
190,84,207.65,290.04,0,5.31,13.68
190,84,207.65,290.04,1,37.82,0.31
190,84,207.65,290.04,2,25.49,11.14
190,84,207.65,290.04,3,37.04,18.68
190,84,207.65,290.04,4,2.37,32.95
190,85,363.38,140.23,0,5.31,13.68
190,85,363.38,140.23,1,37.82,0.31
190,85,363.38,140.23,2,25.49,11.14
190,85,363.38,140.23,3,37.04,18.68
190,85,363.38,140.23,4,2.37,32.95
190,86,34.01,129.97,0,5.31,13.68
190,86,34.01,129.97,1,37.82,0.31
190,86,34.01,129.97,2,25.49,11.14
190,86,34.01,129.97,3,37.04,18.68
190,86,34.01,129.97,4,2.37,32.95
190,87,384.26,17.56,0,5.31,13.68
190,87,384.26,17.56,1,37.82,0.31
190,87,384.26,17.56,2,25.49,11.14
190,87,384.26,17.56,3,37.04,18.68
190,87,384.26,17.56,4,2.37,32.95
190,88,186.70,305.19,0,5.31,13.68
190,88,186.70,305.19,1,37.82,0.31
190,88,186.70,305.19,2,25.49,11.14
190,88,186.70,305.19,3,37.04,18.68
190,88,186.70,305.19,4,2.37,32.95
190,89,314.45,50.30,0,5.31,13.68
190,89,314.45,50.30,1,37.82,0.31
190,89,314.45,50.30,2,25.49,11.14
190,89,314.45,50.30,3,37.04,18.68
190,89,314.45,50.30,4,2.37,32.95
190,90,196.68,56.47,0,5.31,13.68
190,90,196.68,56.47,1,37.82,0.31
190,90,196.68,56.47,2,25.49,11.14
190,90,196.68,56.47,3,37.04,18.68
190,90,196.68,56.47,4,2.37,32.95
190,92,249.70,93.14,0,5.31,13.68
190,92,249.70,93.14,1,37.82,0.31
190,92,249.70,93.14,2,25.49,11.14
190,92,249.70,93.14,3,37.04,18.68
190,92,249.70,93.14,4,2.37,32.95
190,93,240.31,89.29,0,5.31,13.68
190,93,240.31,89.29,1,37.82,0.31
190,93,240.31,89.29,2,25.49,11.14
190,93,240.31,89.29,3,37.04,18.68
190,93,240.31,89.29,4,2.37,32.95
190,94,15.27,352.23,0,5.31,13.68
190,94,15.27,352.23,1,37.82,0.31
190,94,15.27,352.23,2,25.49,11.14
190,94,15.27,352.23,3,37.04,18.68
190,94,15.27,352.23,4,2.37,32.95
190,95,333.46,155.62,0,5.31,13.68
190,95,333.46,155.62,1,37.82,0.31
190,95,333.46,155.62,2,25.49,11.14
190,95,333.46,155.62,3,37.04,18.68
190,95,333.46,155.62,4,2.37,32.95
190,96,76.90,173.17,0,5.31,13.68
190,96,76.90,173.17,1,37.82,0.31
190,96,76.90,173.17,2,25.49,11.14
190,96,76.90,173.17,3,37.04,18.68
190,96,76.90,173.17,4,2.37,32.95
190,97,254.33,162.46,0,5.31,13.68
190,97,254.33,162.46,1,37.82,0.31
190,97,254.33,162.46,2,25.49,11.14
190,97,254.33,162.46,3,37.04,18.68
190,97,254.33,162.46,4,2.37,32.95
190,98,344.36,11.46,0,5.31,13.68
190,98,344.36,11.46,1,37.82,0.31
190,98,344.36,11.46,2,25.49,11.14
190,98,344.36,11.46,3,37.04,18.68
190,98,344.36,11.46,4,2.37,32.95
190,99,369.55,178.38,0,5.31,13.68
190,99,369.55,178.38,1,37.82,0.31
190,99,369.55,178.38,2,25.49,11.14
190,99,369.55,178.38,3,37.04,18.68
190,99,369.55,178.38,4,2.37,32.95
190,102,56.36,169.09,0,5.31,13.68
190,102,56.36,169.09,1,37.82,0.31
190,102,56.36,169.09,2,25.49,11.14
190,102,56.36,169.09,3,37.04,18.68
190,102,56.36,169.09,4,2.37,32.95
190,103,107.07,382.48,0,5.31,13.68
190,103,107.07,382.48,1,37.82,0.31
190,103,107.07,382.48,2,25.49,11.14
190,103,107.07,382.48,3,37.04,18.68
190,103,107.07,382.48,4,2.37,32.95
190,104,353.04,8.11,0,5.31,13.68
190,104,353.04,8.11,1,37.82,0.31
190,104,353.04,8.11,2,25.49,11.14
190,104,353.04,8.11,3,37.04,18.68
190,104,353.04,8.11,4,2.37,32.95
190,105,34.17,351.17,0,5.31,13.68
190,105,34.17,351.17,1,37.82,0.31
190,105,34.17,351.17,2,25.49,11.14
190,105,34.17,351.17,3,37.04,18.68
190,105,34.17,351.17,4,2.37,32.95
190,106,52.09,262.82,0,5.31,13.68
190,106,52.09,262.82,1,37.82,0.31
190,106,52.09,262.82,2,25.49,11.14
190,106,52.09,262.82,3,37.04,18.68
190,106,52.09,262.82,4,2.37,32.95
190,107,236.76,114.02,0,5.31,13.68
190,107,236.76,114.02,1,37.82,0.31
190,107,236.76,114.02,2,25.49,11.14
190,107,236.76,114.02,3,37.04,18.68
190,107,236.76,114.02,4,2.37,32.95
190,108,6.81,64.98,0,5.31,13.68
190,108,6.81,64.98,1,37.82,0.31
190,108,6.81,64.98,2,25.49,11.14
190,108,6.81,64.98,3,37.04,18.68
190,108,6.81,64.98,4,2.37,32.95
190,109,66.55,315.26,0,5.31,13.68
190,109,66.55,315.26,1,37.82,0.31
190,109,66.55,315.26,2,25.49,11.14
190,109,66.55,315.26,3,37.04,18.68
190,109,66.55,315.26,4,2.37,32.95
190,110,113.78,336.70,0,5.31,13.68
190,110,113.78,336.70,1,37.82,0.31
190,110,113.78,336.70,2,25.49,11.14
190,110,113.78,336.70,3,37.04,18.68
190,110,113.78,336.70,4,2.37,32.95
190,111,372.15,24.50,0,5.31,13.68
190,111,372.15,24.50,1,37.82,0.31
190,111,372.15,24.50,2,25.49,11.14
190,111,372.15,24.50,3,37.04,18.68
190,111,372.15,24.50,4,2.37,32.95
190,112,186.29,104.21,0,5.31,13.68
190,112,186.29,104.21,1,37.82,0.31
190,112,186.29,104.21,2,25.49,11.14
190,112,186.29,104.21,3,37.04,18.68
190,112,186.29,104.21,4,2.37,32.95
190,113,101.32,131.72,0,5.31,13.68
190,113,101.32,131.72,1,37.82,0.31
190,113,101.32,131.72,2,25.49,11.14
190,113,101.32,131.72,3,37.04,18.68
190,113,101.32,131.72,4,2.37,32.95
190,114,163.55,32.12,0,5.31,13.68
190,114,163.55,32.12,1,37.82,0.31
190,114,163.55,32.12,2,25.49,11.14
190,114,163.55,32.12,3,37.04,18.68
190,114,163.55,32.12,4,2.37,32.95
190,115,372.05,214.02,0,5.31,13.68
190,115,372.05,214.02,1,37.82,0.31
190,115,372.05,214.02,2,25.49,11.14
190,115,372.05,214.02,3,37.04,18.68
190,115,372.05,214.02,4,2.37,32.95
190,116,217.28,132.19,0,5.31,13.68
190,116,217.28,132.19,1,37.82,0.31
190,116,217.28,132.19,2,25.49,11.14
190,116,217.28,132.19,3,37.04,18.68
190,116,217.28,132.19,4,2.37,32.95
190,117,355.51,119.25,0,5.31,13.68
190,117,355.51,119.25,1,37.82,0.31
190,117,355.51,119.25,2,25.49,11.14
190,117,355.51,119.25,3,37.04,18.68
190,117,355.51,119.25,4,2.37,32.95
190,118,88.90,202.01,0,5.31,13.68
190,118,88.90,202.01,1,37.82,0.31
190,118,88.90,202.01,2,25.49,11.14
190,118,88.90,202.01,3,37.04,18.68
190,118,88.90,202.01,4,2.37,32.95
190,119,327.99,120.64,0,5.31,13.68
190,119,327.99,120.64,1,37.82,0.31
190,119,327.99,120.64,2,25.49,11.14
190,119,327.99,120.64,3,37.04,18.68
190,119,327.99,120.64,4,2.37,32.95
190,120,185.41,233.31,0,5.31,13.68
190,120,185.41,233.31,1,37.82,0.31
190,120,185.41,233.31,2,25.49,11.14
190,120,185.41,233.31,3,37.04,18.68
190,120,185.41,233.31,4,2.37,32.95
190,121,71.02,121.45,0,5.31,13.68
190,121,71.02,121.45,1,37.82,0.31
190,121,71.02,121.45,2,25.49,11.14
190,121,71.02,121.45,3,37.04,18.68
190,121,71.02,121.45,4,2.37,32.95
190,122,143.72,234.35,0,5.31,13.68
190,122,143.72,234.35,1,37.82,0.31
190,122,143.72,234.35,2,25.49,11.14
190,122,143.72,234.35,3,37.04,18.68
190,122,143.72,234.35,4,2.37,32.95
190,123,168.80,326.00,0,5.31,13.68
190,123,168.80,326.00,1,37.82,0.31
190,123,168.80,326.00,2,25.49,11.14
190,123,168.80,326.00,3,37.04,18.68
190,123,168.80,326.00,4,2.37,32.95
190,124,115.37,33.67,0,5.31,13.68
190,124,115.37,33.67,1,37.82,0.31
190,124,115.37,33.67,2,25.49,11.14
190,124,115.37,33.67,3,37.04,18.68
190,124,115.37,33.67,4,2.37,32.95
190,125,364.87,107.77,0,5.31,13.68
190,125,364.87,107.77,1,37.82,0.31
190,125,364.87,107.77,2,25.49,11.14
190,125,364.87,107.77,3,37.04,18.68
190,125,364.87,107.77,4,2.37,32.95
190,126,28.84,103.00,0,5.31,13.68
190,126,28.84,103.00,1,37.82,0.31
190,126,28.84,103.00,2,25.49,11.14
190,126,28.84,103.00,3,37.04,18.68
190,126,28.84,103.00,4,2.37,32.95
190,127,27.53,371.60,0,5.31,13.68
190,127,27.53,371.60,1,37.82,0.31
190,127,27.53,371.60,2,25.49,11.14
190,127,27.53,371.60,3,37.04,18.68
190,127,27.53,371.60,4,2.37,32.95
190,128,241.51,361.56,0,5.31,13.68
190,128,241.51,361.56,1,37.82,0.31
190,128,241.51,361.56,2,25.49,11.14
190,128,241.51,361.56,3,37.04,18.68
190,128,241.51,361.56,4,2.37,32.95
190,129,297.97,170.27,0,5.31,13.68
190,129,297.97,170.27,1,37.82,0.31
190,129,297.97,170.27,2,25.49,11.14
190,129,297.97,170.27,3,37.04,18.68
190,129,297.97,170.27,4,2.37,32.95
190,131,254.66,81.16,0,5.31,13.68
190,131,254.66,81.16,1,37.82,0.31
190,131,254.66,81.16,2,25.49,11.14
190,131,254.66,81.16,3,37.04,18.68
190,131,254.66,81.16,4,2.37,32.95
190,132,366.41,282.86,0,5.31,13.68
190,132,366.41,282.86,1,37.82,0.31
190,132,366.41,282.86,2,25.49,11.14
190,132,366.41,282.86,3,37.04,18.68
190,132,366.41,282.86,4,2.37,32.95
190,133,19.46,116.00,0,5.31,13.68
190,133,19.46,116.00,1,37.82,0.31
190,133,19.46,116.00,2,25.49,11.14
190,133,19.46,116.00,3,37.04,18.68
190,133,19.46,116.00,4,2.37,32.95
190,134,378.42,27.74,0,5.31,13.68
190,134,378.42,27.74,1,37.82,0.31
190,134,378.42,27.74,2,25.49,11.14
190,134,378.42,27.74,3,37.04,18.68
190,134,378.42,27.74,4,2.37,32.95
190,135,83.39,264.00,0,5.31,13.68
190,135,83.39,264.00,1,37.82,0.31
190,135,83.39,264.00,2,25.49,11.14
190,135,83.39,264.00,3,37.04,18.68
190,135,83.39,264.00,4,2.37,32.95
190,136,367.70,22.33,0,5.31,13.68
190,136,367.70,22.33,1,37.82,0.31
190,136,367.70,22.33,2,25.49,11.14
190,136,367.70,22.33,3,37.04,18.68
190,136,367.70,22.33,4,2.37,32.95
190,137,252.19,68.48,0,5.31,13.68
190,137,252.19,68.48,1,37.82,0.31
190,137,252.19,68.48,2,25.49,11.14
190,137,252.19,68.48,3,37.04,18.68
190,137,252.19,68.48,4,2.37,32.95
190,138,244.28,96.39,0,5.31,13.68
190,138,244.28,96.39,1,37.82,0.31
190,138,244.28,96.39,2,25.49,11.14
190,138,244.28,96.39,3,37.04,18.68
190,138,244.28,96.39,4,2.37,32.95
190,139,360.78,116.73,0,5.31,13.68
190,139,360.78,116.73,1,37.82,0.31
190,139,360.78,116.73,2,25.49,11.14
190,139,360.78,116.73,3,37.04,18.68
190,139,360.78,116.73,4,2.37,32.95
190,140,376.04,3.57,0,5.31,13.68
190,140,376.04,3.57,1,37.82,0.31
190,140,376.04,3.57,2,25.49,11.14
190,140,376.04,3.57,3,37.04,18.68
190,140,376.04,3.57,4,2.37,32.95
190,141,346.41,368.91,0,5.31,13.68
190,141,346.41,368.91,1,37.82,0.31
190,141,346.41,368.91,2,25.49,11.14
190,141,346.41,368.91,3,37.04,18.68
190,141,346.41,368.91,4,2.37,32.95
190,142,236.31,122.22,0,5.31,13.68
190,142,236.31,122.22,1,37.82,0.31
190,142,236.31,122.22,2,25.49,11.14
190,142,236.31,122.22,3,37.04,18.68
190,142,236.31,122.22,4,2.37,32.95
190,143,350.13,343.66,0,5.31,13.68
190,143,350.13,343.66,1,37.82,0.31
190,143,350.13,343.66,2,25.49,11.14
190,143,350.13,343.66,3,37.04,18.68
190,143,350.13,343.66,4,2.37,32.95
190,144,380.68,193.64,0,5.31,13.68
190,144,380.68,193.64,1,37.82,0.31
190,144,380.68,193.64,2,25.49,11.14
190,144,380.68,193.64,3,37.04,18.68
190,144,380.68,193.64,4,2.37,32.95
190,145,240.04,341.25,0,5.31,13.68
190,145,240.04,341.25,1,37.82,0.31
190,145,240.04,341.25,2,25.49,11.14
190,145,240.04,341.25,3,37.04,18.68
190,145,240.04,341.25,4,2.37,32.95
190,146,106.95,188.76,0,5.31,13.68
190,146,106.95,188.76,1,37.82,0.31
190,146,106.95,188.76,2,25.49,11.14
190,146,106.95,188.76,3,37.04,18.68
190,146,106.95,188.76,4,2.37,32.95
190,147,19.19,273.07,0,5.31,13.68
190,147,19.19,273.07,1,37.82,0.31
190,147,19.19,273.07,2,25.49,11.14
190,147,19.19,273.07,3,37.04,18.68
190,147,19.19,273.07,4,2.37,32.95
190,148,306.73,209.00,0,5.31,13.68
190,148,306.73,209.00,1,37.82,0.31
190,148,306.73,209.00,2,25.49,11.14
190,148,306.73,209.00,3,37.04,18.68
190,148,306.73,209.00,4,2.37,32.95
190,149,352.45,256.74,0,5.31,13.68
190,149,352.45,256.74,1,37.82,0.31
190,149,352.45,256.74,2,25.49,11.14
190,149,352.45,256.74,3,37.04,18.68
190,149,352.45,256.74,4,2.37,32.95
190,150,275.73,137.72,0,5.31,13.68
190,150,275.73,137.72,1,37.82,0.31
190,150,275.73,137.72,2,25.49,11.14
190,150,275.73,137.72,3,37.04,18.68
190,150,275.73,137.72,4,2.37,32.95
190,151,210.71,86.54,0,5.31,13.68
190,151,210.71,86.54,1,37.82,0.31
190,151,210.71,86.54,2,25.49,11.14
190,151,210.71,86.54,3,37.04,18.68
190,151,210.71,86.54,4,2.37,32.95
190,152,35.10,90.20,0,5.31,13.68
190,152,35.10,90.20,1,37.82,0.31
190,152,35.10,90.20,2,25.49,11.14
190,152,35.10,90.20,3,37.04,18.68
190,152,35.10,90.20,4,2.37,32.95
190,153,45.33,131.07,0,5.31,13.68
190,153,45.33,131.07,1,37.82,0.31
190,153,45.33,131.07,2,25.49,11.14
190,153,45.33,131.07,3,37.04,18.68
190,153,45.33,131.07,4,2.37,32.95
190,155,209.57,139.71,0,5.31,13.68
190,155,209.57,139.71,1,37.82,0.31
190,155,209.57,139.71,2,25.49,11.14
190,155,209.57,139.71,3,37.04,18.68
190,155,209.57,139.71,4,2.37,32.95
190,156,353.29,315.50,0,5.31,13.68
190,156,353.29,315.50,1,37.82,0.31
190,156,353.29,315.50,2,25.49,11.14
190,156,353.29,315.50,3,37.04,18.68
190,156,353.29,315.50,4,2.37,32.95
190,157,206.68,90.24,0,5.31,13.68
190,157,206.68,90.24,1,37.82,0.31
190,157,206.68,90.24,2,25.49,11.14
190,157,206.68,90.24,3,37.04,18.68
190,157,206.68,90.24,4,2.37,32.95
190,158,228.00,103.40,0,5.31,13.68
190,158,228.00,103.40,1,37.82,0.31
190,158,228.00,103.40,2,25.49,11.14
190,158,228.00,103.40,3,37.04,18.68
190,158,228.00,103.40,4,2.37,32.95
190,159,368.28,304.26,0,5.31,13.68
190,159,368.28,304.26,1,37.82,0.31
190,159,368.28,304.26,2,25.49,11.14
190,159,368.28,304.26,3,37.04,18.68
190,159,368.28,304.26,4,2.37,32.95
190,160,315.96,394.35,0,5.31,13.68
190,160,315.96,394.35,1,37.82,0.31
190,160,315.96,394.35,2,25.49,11.14
190,160,315.96,394.35,3,37.04,18.68
190,160,315.96,394.35,4,2.37,32.95
190,161,182.78,152.92,0,5.31,13.68
190,161,182.78,152.92,1,37.82,0.31
190,161,182.78,152.92,2,25.49,11.14
190,161,182.78,152.92,3,37.04,18.68
190,161,182.78,152.92,4,2.37,32.95
190,162,294.41,349.21,0,5.31,13.68
190,162,294.41,349.21,1,37.82,0.31
190,162,294.41,349.21,2,25.49,11.14
190,162,294.41,349.21,3,37.04,18.68
190,162,294.41,349.21,4,2.37,32.95
190,163,175.92,150.48,0,5.31,13.68
190,163,175.92,150.48,1,37.82,0.31
190,163,175.92,150.48,2,25.49,11.14
190,163,175.92,150.48,3,37.04,18.68
190,163,175.92,150.48,4,2.37,32.95
190,164,42.60,25.81,0,5.31,13.68
190,164,42.60,25.81,1,37.82,0.31
190,164,42.60,25.81,2,25.49,11.14
190,164,42.60,25.81,3,37.04,18.68
190,164,42.60,25.81,4,2.37,32.95
190,165,94.52,67.15,0,5.31,13.68
190,165,94.52,67.15,1,37.82,0.31
190,165,94.52,67.15,2,25.49,11.14
190,165,94.52,67.15,3,37.04,18.68
190,165,94.52,67.15,4,2.37,32.95
190,166,271.91,376.82,0,5.31,13.68
190,166,271.91,376.82,1,37.82,0.31
190,166,271.91,376.82,2,25.49,11.14
190,166,271.91,376.82,3,37.04,18.68
190,166,271.91,376.82,4,2.37,32.95
190,167,393.36,323.88,0,5.31,13.68
190,167,393.36,323.88,1,37.82,0.31
190,167,393.36,323.88,2,25.49,11.14
190,167,393.36,323.88,3,37.04,18.68
190,167,393.36,323.88,4,2.37,32.95
190,168,205.07,276.91,0,5.31,13.68
190,168,205.07,276.91,1,37.82,0.31
190,168,205.07,276.91,2,25.49,11.14
190,168,205.07,276.91,3,37.04,18.68
190,168,205.07,276.91,4,2.37,32.95
190,169,205.07,66.47,0,5.31,13.68
190,169,205.07,66.47,1,37.82,0.31
190,169,205.07,66.47,2,25.49,11.14
190,169,205.07,66.47,3,37.04,18.68
190,169,205.07,66.47,4,2.37,32.95
190,170,296.92,254.51,0,5.31,13.68
190,170,296.92,254.51,1,37.82,0.31
190,170,296.92,254.51,2,25.49,11.14
190,170,296.92,254.51,3,37.04,18.68
190,170,296.92,254.51,4,2.37,32.95
190,171,49.93,123.06,0,5.31,13.68
190,171,49.93,123.06,1,37.82,0.31
190,171,49.93,123.06,2,25.49,11.14
190,171,49.93,123.06,3,37.04,18.68
190,171,49.93,123.06,4,2.37,32.95
190,172,352.85,199.34,0,5.31,13.68
190,172,352.85,199.34,1,37.82,0.31
190,172,352.85,199.34,2,25.49,11.14
190,172,352.85,199.34,3,37.04,18.68
190,172,352.85,199.34,4,2.37,32.95
190,173,378.45,162.21,0,5.31,13.68
190,173,378.45,162.21,1,37.82,0.31
190,173,378.45,162.21,2,25.49,11.14
190,173,378.45,162.21,3,37.04,18.68
190,173,378.45,162.21,4,2.37,32.95
190,174,169.90,224.82,0,5.31,13.68
190,174,169.90,224.82,1,37.82,0.31
190,174,169.90,224.82,2,25.49,11.14
190,174,169.90,224.82,3,37.04,18.68
190,174,169.90,224.82,4,2.37,32.95
190,176,45.40,198.61,0,5.31,13.68
190,176,45.40,198.61,1,37.82,0.31
190,176,45.40,198.61,2,25.49,11.14
190,176,45.40,198.61,3,37.04,18.68
190,176,45.40,198.61,4,2.37,32.95
190,177,205.92,280.77,0,5.31,13.68
190,177,205.92,280.77,1,37.82,0.31
190,177,205.92,280.77,2,25.49,11.14
190,177,205.92,280.77,3,37.04,18.68
190,177,205.92,280.77,4,2.37,32.95
190,178,213.90,96.17,0,5.31,13.68
190,178,213.90,96.17,1,37.82,0.31
190,178,213.90,96.17,2,25.49,11.14
190,178,213.90,96.17,3,37.04,18.68
190,178,213.90,96.17,4,2.37,32.95
190,179,45.32,324.35,0,5.31,13.68
190,179,45.32,324.35,1,37.82,0.31
190,179,45.32,324.35,2,25.49,11.14
190,179,45.32,324.35,3,37.04,18.68
190,179,45.32,324.35,4,2.37,32.95
190,180,191.10,160.28,0,5.31,13.68
190,180,191.10,160.28,1,37.82,0.31
190,180,191.10,160.28,2,25.49,11.14
190,180,191.10,160.28,3,37.04,18.68
190,180,191.10,160.28,4,2.37,32.95
190,181,10.87,136.50,0,5.31,13.68
190,181,10.87,136.50,1,37.82,0.31
190,181,10.87,136.50,2,25.49,11.14
190,181,10.87,136.50,3,37.04,18.68
190,181,10.87,136.50,4,2.37,32.95
190,182,23.63,360.13,0,5.31,13.68
190,182,23.63,360.13,1,37.82,0.31
190,182,23.63,360.13,2,25.49,11.14
190,182,23.63,360.13,3,37.04,18.68
190,182,23.63,360.13,4,2.37,32.95
190,183,60.35,134.62,0,5.31,13.68
190,183,60.35,134.62,1,37.82,0.31
190,183,60.35,134.62,2,25.49,11.14
190,183,60.35,134.62,3,37.04,18.68
190,183,60.35,134.62,4,2.37,32.95
190,184,34.68,113.94,0,5.31,13.68
190,184,34.68,113.94,1,37.82,0.31
190,184,34.68,113.94,2,25.49,11.14
190,184,34.68,113.94,3,37.04,18.68
190,184,34.68,113.94,4,2.37,32.95
190,185,80.80,294.69,0,5.31,13.68
190,185,80.80,294.69,1,37.82,0.31
190,185,80.80,294.69,2,25.49,11.14
190,185,80.80,294.69,3,37.04,18.68
190,185,80.80,294.69,4,2.37,32.95
190,186,219.36,107.57,0,5.31,13.68
190,186,219.36,107.57,1,37.82,0.31
190,186,219.36,107.57,2,25.49,11.14
190,186,219.36,107.57,3,37.04,18.68
190,186,219.36,107.57,4,2.37,32.95
190,187,142.10,320.41,0,5.31,13.68
190,187,142.10,320.41,1,37.82,0.31
190,187,142.10,320.41,2,25.49,11.14
190,187,142.10,320.41,3,37.04,18.68
190,187,142.10,320.41,4,2.37,32.95
190,188,246.68,131.69,0,5.31,13.68
190,188,246.68,131.69,1,37.82,0.31
190,188,246.68,131.69,2,25.49,11.14
190,188,246.68,131.69,3,37.04,18.68
190,188,246.68,131.69,4,2.37,32.95
190,189,41.38,276.56,0,5.31,13.68
190,189,41.38,276.56,1,37.82,0.31
190,189,41.38,276.56,2,25.49,11.14
190,189,41.38,276.56,3,37.04,18.68
190,189,41.38,276.56,4,2.37,32.95
190,190,46.23,52.33,0,5.31,13.68
190,190,46.23,52.33,1,37.82,0.31
190,190,46.23,52.33,2,25.49,11.14
190,190,46.23,52.33,3,37.04,18.68
190,190,46.23,52.33,4,2.37,32.95
190,191,58.01,345.73,0,5.31,13.68
190,191,58.01,345.73,1,37.82,0.31
190,191,58.01,345.73,2,25.49,11.14
190,191,58.01,345.73,3,37.04,18.68
190,191,58.01,345.73,4,2.37,32.95
190,192,237.35,77.59,0,5.31,13.68
190,192,237.35,77.59,1,37.82,0.31
190,192,237.35,77.59,2,25.49,11.14
190,192,237.35,77.59,3,37.04,18.68
190,192,237.35,77.59,4,2.37,32.95
190,193,339.12,105.88,0,5.31,13.68
190,193,339.12,105.88,1,37.82,0.31
190,193,339.12,105.88,2,25.49,11.14
190,193,339.12,105.88,3,37.04,18.68
190,193,339.12,105.88,4,2.37,32.95
190,194,33.73,137.51,0,5.31,13.68
190,194,33.73,137.51,1,37.82,0.31
190,194,33.73,137.51,2,25.49,11.14
190,194,33.73,137.51,3,37.04,18.68
190,194,33.73,137.51,4,2.37,32.95
190,195,105.83,349.03,0,5.31,13.68
190,195,105.83,349.03,1,37.82,0.31
190,195,105.83,349.03,2,25.49,11.14
190,195,105.83,349.03,3,37.04,18.68
190,195,105.83,349.03,4,2.37,32.95
190,196,40.65,116.36,0,5.31,13.68
190,196,40.65,116.36,1,37.82,0.31
190,196,40.65,116.36,2,25.49,11.14
190,196,40.65,116.36,3,37.04,18.68
190,196,40.65,116.36,4,2.37,32.95
190,197,372.43,198.24,0,5.31,13.68
190,197,372.43,198.24,1,37.82,0.31
190,197,372.43,198.24,2,25.49,11.14
190,197,372.43,198.24,3,37.04,18.68
190,197,372.43,198.24,4,2.37,32.95
190,198,338.72,165.92,0,5.31,13.68
190,198,338.72,165.92,1,37.82,0.31
190,198,338.72,165.92,2,25.49,11.14
190,198,338.72,165.92,3,37.04,18.68
190,198,338.72,165.92,4,2.37,32.95
190,199,24.92,161.81,0,5.31,13.68
190,199,24.92,161.81,1,37.82,0.31
190,199,24.92,161.81,2,25.49,11.14
190,199,24.92,161.81,3,37.04,18.68
190,199,24.92,161.81,4,2.37,32.95
190,200,12.75,77.26,0,5.31,13.68
190,200,12.75,77.26,1,37.82,0.31
190,200,12.75,77.26,2,25.49,11.14
190,200,12.75,77.26,3,37.04,18.68
190,200,12.75,77.26,4,2.37,32.95
190,201,368.28,149.34,0,5.31,13.68
190,201,368.28,149.34,1,37.82,0.31
190,201,368.28,149.34,2,25.49,11.14
190,201,368.28,149.34,3,37.04,18.68
190,201,368.28,149.34,4,2.37,32.95
190,203,346.64,215.92,0,5.31,13.68
190,203,346.64,215.92,1,37.82,0.31
190,203,346.64,215.92,2,25.49,11.14
190,203,346.64,215.92,3,37.04,18.68
190,203,346.64,215.92,4,2.37,32.95
190,204,32.81,331.08,0,5.31,13.68
190,204,32.81,331.08,1,37.82,0.31
190,204,32.81,331.08,2,25.49,11.14
190,204,32.81,331.08,3,37.04,18.68
190,204,32.81,331.08,4,2.37,32.95
190,205,55.92,129.61,0,5.31,13.68
190,205,55.92,129.61,1,37.82,0.31
190,205,55.92,129.61,2,25.49,11.14
190,205,55.92,129.61,3,37.04,18.68
190,205,55.92,129.61,4,2.37,32.95
190,206,227.61,116.76,0,5.31,13.68
190,206,227.61,116.76,1,37.82,0.31
190,206,227.61,116.76,2,25.49,11.14
190,206,227.61,116.76,3,37.04,18.68
190,206,227.61,116.76,4,2.37,32.95
190,207,19.18,286.20,0,5.31,13.68
190,207,19.18,286.20,1,37.82,0.31
190,207,19.18,286.20,2,25.49,11.14
190,207,19.18,286.20,3,37.04,18.68
190,207,19.18,286.20,4,2.37,32.95
190,208,46.70,362.19,0,5.31,13.68
190,208,46.70,362.19,1,37.82,0.31
190,208,46.70,362.19,2,25.49,11.14
190,208,46.70,362.19,3,37.04,18.68
190,208,46.70,362.19,4,2.37,32.95
190,209,366.44,180.13,0,5.31,13.68
190,209,366.44,180.13,1,37.82,0.31
190,209,366.44,180.13,2,25.49,11.14
190,209,366.44,180.13,3,37.04,18.68
190,209,366.44,180.13,4,2.37,32.95
190,210,246.38,108.38,0,5.31,13.68
190,210,246.38,108.38,1,37.82,0.31
190,210,246.38,108.38,2,25.49,11.14
190,210,246.38,108.38,3,37.04,18.68
190,210,246.38,108.38,4,2.37,32.95
190,211,139.97,380.35,0,5.31,13.68
190,211,139.97,380.35,1,37.82,0.31
190,211,139.97,380.35,2,25.49,11.14
190,211,139.97,380.35,3,37.04,18.68
190,211,139.97,380.35,4,2.37,32.95
190,212,382.68,277.07,0,5.31,13.68
190,212,382.68,277.07,1,37.82,0.31
190,212,382.68,277.07,2,25.49,11.14
190,212,382.68,277.07,3,37.04,18.68
190,212,382.68,277.07,4,2.37,32.95
190,213,374.98,272.86,0,5.31,13.68
190,213,374.98,272.86,1,37.82,0.31
190,213,374.98,272.86,2,25.49,11.14
190,213,374.98,272.86,3,37.04,18.68
190,213,374.98,272.86,4,2.37,32.95
190,214,238.76,98.86,0,5.31,13.68
190,214,238.76,98.86,1,37.82,0.31
190,214,238.76,98.86,2,25.49,11.14
190,214,238.76,98.86,3,37.04,18.68
190,214,238.76,98.86,4,2.37,32.95
190,215,264.90,375.28,0,5.31,13.68
190,215,264.90,375.28,1,37.82,0.31
190,215,264.90,375.28,2,25.49,11.14
190,215,264.90,375.28,3,37.04,18.68
190,215,264.90,375.28,4,2.37,32.95
190,216,250.91,389.42,0,5.31,13.68
190,216,250.91,389.42,1,37.82,0.31
190,216,250.91,389.42,2,25.49,11.14
190,216,250.91,389.42,3,37.04,18.68
190,216,250.91,389.42,4,2.37,32.95
190,217,373.45,8.10,0,5.31,13.68
190,217,373.45,8.10,1,37.82,0.31
190,217,373.45,8.10,2,25.49,11.14
190,217,373.45,8.10,3,37.04,18.68
190,217,373.45,8.10,4,2.37,32.95
190,218,283.48,387.19,0,5.31,13.68
190,218,283.48,387.19,1,37.82,0.31
190,218,283.48,387.19,2,25.49,11.14
190,218,283.48,387.19,3,37.04,18.68
190,218,283.48,387.19,4,2.37,32.95
190,219,20.41,101.15,0,5.31,13.68
190,219,20.41,101.15,1,37.82,0.31
190,219,20.41,101.15,2,25.49,11.14
190,219,20.41,101.15,3,37.04,18.68
190,219,20.41,101.15,4,2.37,32.95
190,220,375.17,4.56,0,5.31,13.68
190,220,375.17,4.56,1,37.82,0.31
190,220,375.17,4.56,2,25.49,11.14
190,220,375.17,4.56,3,37.04,18.68
190,220,375.17,4.56,4,2.37,32.95
190,221,325.04,233.51,0,5.31,13.68
190,221,325.04,233.51,1,37.82,0.31
190,221,325.04,233.51,2,25.49,11.14
190,221,325.04,233.51,3,37.04,18.68
190,221,325.04,233.51,4,2.37,32.95
190,222,27.15,349.85,0,5.31,13.68
190,222,27.15,349.85,1,37.82,0.31
190,222,27.15,349.85,2,25.49,11.14
190,222,27.15,349.85,3,37.04,18.68
190,222,27.15,349.85,4,2.37,32.95
190,223,339.81,188.60,0,5.31,13.68
190,223,339.81,188.60,1,37.82,0.31
190,223,339.81,188.60,2,25.49,11.14
190,223,339.81,188.60,3,37.04,18.68
190,223,339.81,188.60,4,2.37,32.95
190,224,377.53,14.70,0,5.31,13.68
190,224,377.53,14.70,1,37.82,0.31
190,224,377.53,14.70,2,25.49,11.14
190,224,377.53,14.70,3,37.04,18.68
190,224,377.53,14.70,4,2.37,32.95
190,225,364.48,204.20,0,5.31,13.68
190,225,364.48,204.20,1,37.82,0.31
190,225,364.48,204.20,2,25.49,11.14
190,225,364.48,204.20,3,37.04,18.68
190,225,364.48,204.20,4,2.37,32.95
190,226,292.27,175.99,0,5.31,13.68
190,226,292.27,175.99,1,37.82,0.31
190,226,292.27,175.99,2,25.49,11.14
190,226,292.27,175.99,3,37.04,18.68
190,226,292.27,175.99,4,2.37,32.95
190,227,102.91,332.90,0,5.31,13.68
190,227,102.91,332.90,1,37.82,0.31
190,227,102.91,332.90,2,25.49,11.14
190,227,102.91,332.90,3,37.04,18.68
190,227,102.91,332.90,4,2.37,32.95
190,228,240.61,60.67,0,5.31,13.68
190,228,240.61,60.67,1,37.82,0.31
190,228,240.61,60.67,2,25.49,11.14
190,228,240.61,60.67,3,37.04,18.68
190,228,240.61,60.67,4,2.37,32.95
190,229,165.61,120.39,0,5.31,13.68
190,229,165.61,120.39,1,37.82,0.31
190,229,165.61,120.39,2,25.49,11.14
190,229,165.61,120.39,3,37.04,18.68
190,229,165.61,120.39,4,2.37,32.95
190,230,171.45,36.26,0,5.31,13.68
190,230,171.45,36.26,1,37.82,0.31
190,230,171.45,36.26,2,25.49,11.14
190,230,171.45,36.26,3,37.04,18.68
190,230,171.45,36.26,4,2.37,32.95
190,231,290.33,342.50,0,5.31,13.68
190,231,290.33,342.50,1,37.82,0.31
190,231,290.33,342.50,2,25.49,11.14
190,231,290.33,342.50,3,37.04,18.68
190,231,290.33,342.50,4,2.37,32.95
190,232,340.30,29.83,0,5.31,13.68
190,232,340.30,29.83,1,37.82,0.31
190,232,340.30,29.83,2,25.49,11.14
190,232,340.30,29.83,3,37.04,18.68
190,232,340.30,29.83,4,2.37,32.95
190,233,367.39,253.46,0,5.31,13.68
190,233,367.39,253.46,1,37.82,0.31
190,233,367.39,253.46,2,25.49,11.14
190,233,367.39,253.46,3,37.04,18.68
190,233,367.39,253.46,4,2.37,32.95
190,236,237.74,107.61,0,5.31,13.68
190,236,237.74,107.61,1,37.82,0.31
190,236,237.74,107.61,2,25.49,11.14
190,236,237.74,107.61,3,37.04,18.68
190,236,237.74,107.61,4,2.37,32.95
190,237,179.45,160.90,0,5.31,13.68
190,237,179.45,160.90,1,37.82,0.31
190,237,179.45,160.90,2,25.49,11.14
190,237,179.45,160.90,3,37.04,18.68
190,237,179.45,160.90,4,2.37,32.95
190,238,26.81,292.40,0,5.31,13.68
190,238,26.81,292.40,1,37.82,0.31
190,238,26.81,292.40,2,25.49,11.14
190,238,26.81,292.40,3,37.04,18.68
190,238,26.81,292.40,4,2.37,32.95
190,239,194.98,127.12,0,5.31,13.68
190,239,194.98,127.12,1,37.82,0.31
190,239,194.98,127.12,2,25.49,11.14
190,239,194.98,127.12,3,37.04,18.68
190,239,194.98,127.12,4,2.37,32.95
190,240,147.22,225.97,0,5.31,13.68
190,240,147.22,225.97,1,37.82,0.31
190,240,147.22,225.97,2,25.49,11.14
190,240,147.22,225.97,3,37.04,18.68
190,240,147.22,225.97,4,2.37,32.95
190,241,377.98,199.08,0,5.31,13.68
190,241,377.98,199.08,1,37.82,0.31
190,241,377.98,199.08,2,25.49,11.14
190,241,377.98,199.08,3,37.04,18.68
190,241,377.98,199.08,4,2.37,32.95
190,242,204.61,227.06,0,5.31,13.68
190,242,204.61,227.06,1,37.82,0.31
190,242,204.61,227.06,2,25.49,11.14
190,242,204.61,227.06,3,37.04,18.68
190,242,204.61,227.06,4,2.37,32.95
190,243,34.84,279.32,0,5.31,13.68
190,243,34.84,279.32,1,37.82,0.31
190,243,34.84,279.32,2,25.49,11.14
190,243,34.84,279.32,3,37.04,18.68
190,243,34.84,279.32,4,2.37,32.95
190,244,190.82,320.55,0,5.31,13.68
190,244,190.82,320.55,1,37.82,0.31
190,244,190.82,320.55,2,25.49,11.14
190,244,190.82,320.55,3,37.04,18.68
190,244,190.82,320.55,4,2.37,32.95
190,245,203.95,157.77,0,5.31,13.68
190,245,203.95,157.77,1,37.82,0.31
190,245,203.95,157.77,2,25.49,11.14
190,245,203.95,157.77,3,37.04,18.68
190,245,203.95,157.77,4,2.37,32.95
190,246,331.04,237.28,0,5.31,13.68
190,246,331.04,237.28,1,37.82,0.31
190,246,331.04,237.28,2,25.49,11.14
190,246,331.04,237.28,3,37.04,18.68
190,246,331.04,237.28,4,2.37,32.95
190,247,75.28,107.67,0,5.31,13.68
190,247,75.28,107.67,1,37.82,0.31
190,247,75.28,107.67,2,25.49,11.14
190,247,75.28,107.67,3,37.04,18.68
190,247,75.28,107.67,4,2.37,32.95
190,248,391.21,318.32,0,5.31,13.68
190,248,391.21,318.32,1,37.82,0.31
190,248,391.21,318.32,2,25.49,11.14
190,248,391.21,318.32,3,37.04,18.68
190,248,391.21,318.32,4,2.37,32.95
190,249,357.97,395.70,0,5.31,13.68
190,249,357.97,395.70,1,37.82,0.31
190,249,357.97,395.70,2,25.49,11.14
190,249,357.97,395.70,3,37.04,18.68
190,249,357.97,395.70,4,2.37,32.95
190,250,226.56,303.49,0,5.31,13.68
190,250,226.56,303.49,1,37.82,0.31
190,250,226.56,303.49,2,25.49,11.14
190,250,226.56,303.49,3,37.04,18.68
190,250,226.56,303.49,4,2.37,32.95
190,251,83.96,302.79,0,5.31,13.68
190,251,83.96,302.79,1,37.82,0.31
190,251,83.96,302.79,2,25.49,11.14
190,251,83.96,302.79,3,37.04,18.68
190,251,83.96,302.79,4,2.37,32.95
190,252,6.12,84.76,0,5.31,13.68
190,252,6.12,84.76,1,37.82,0.31
190,252,6.12,84.76,2,25.49,11.14
190,252,6.12,84.76,3,37.04,18.68
190,252,6.12,84.76,4,2.37,32.95
190,253,327.95,188.79,0,5.31,13.68
190,253,327.95,188.79,1,37.82,0.31
190,253,327.95,188.79,2,25.49,11.14
190,253,327.95,188.79,3,37.04,18.68
190,253,327.95,188.79,4,2.37,32.95
190,254,353.53,141.10,0,5.31,13.68
190,254,353.53,141.10,1,37.82,0.31
190,254,353.53,141.10,2,25.49,11.14
190,254,353.53,141.10,3,37.04,18.68
190,254,353.53,141.10,4,2.37,32.95
190,255,25.32,312.79,0,5.31,13.68
190,255,25.32,312.79,1,37.82,0.31
190,255,25.32,312.79,2,25.49,11.14
190,255,25.32,312.79,3,37.04,18.68
190,255,25.32,312.79,4,2.37,32.95
190,256,53.93,96.85,0,5.31,13.68
190,256,53.93,96.85,1,37.82,0.31
190,256,53.93,96.85,2,25.49,11.14
190,256,53.93,96.85,3,37.04,18.68
190,256,53.93,96.85,4,2.37,32.95
190,257,359.68,177.81,0,5.31,13.68
190,257,359.68,177.81,1,37.82,0.31
190,257,359.68,177.81,2,25.49,11.14
190,257,359.68,177.81,3,37.04,18.68
190,257,359.68,177.81,4,2.37,32.95
190,258,365.10,44.01,0,5.31,13.68
190,258,365.10,44.01,1,37.82,0.31
190,258,365.10,44.01,2,25.49,11.14
190,258,365.10,44.01,3,37.04,18.68
190,258,365.10,44.01,4,2.37,32.95
190,259,67.28,97.55,0,5.31,13.68
190,259,67.28,97.55,1,37.82,0.31
190,259,67.28,97.55,2,25.49,11.14
190,259,67.28,97.55,3,37.04,18.68
190,259,67.28,97.55,4,2.37,32.95
190,260,302.86,379.35,0,5.31,13.68
190,260,302.86,379.35,1,37.82,0.31
190,260,302.86,379.35,2,25.49,11.14
190,260,302.86,379.35,3,37.04,18.68
190,260,302.86,379.35,4,2.37,32.95
190,261,64.36,372.28,0,5.31,13.68
190,261,64.36,372.28,1,37.82,0.31
190,261,64.36,372.28,2,25.49,11.14
190,261,64.36,372.28,3,37.04,18.68
190,261,64.36,372.28,4,2.37,32.95
190,262,167.46,94.16,0,5.31,13.68
190,262,167.46,94.16,1,37.82,0.31
190,262,167.46,94.16,2,25.49,11.14
190,262,167.46,94.16,3,37.04,18.68
190,262,167.46,94.16,4,2.37,32.95
190,263,168.02,72.25,0,5.31,13.68
190,263,168.02,72.25,1,37.82,0.31
190,263,168.02,72.25,2,25.49,11.14
190,263,168.02,72.25,3,37.04,18.68
190,263,168.02,72.25,4,2.37,32.95
190,264,36.47,142.12,0,5.31,13.68
190,264,36.47,142.12,1,37.82,0.31
190,264,36.47,142.12,2,25.49,11.14
190,264,36.47,142.12,3,37.04,18.68
190,264,36.47,142.12,4,2.37,32.95
190,265,221.51,315.07,0,5.31,13.68
190,265,221.51,315.07,1,37.82,0.31
190,265,221.51,315.07,2,25.49,11.14
190,265,221.51,315.07,3,37.04,18.68
190,265,221.51,315.07,4,2.37,32.95
190,266,118.13,299.46,0,5.31,13.68
190,266,118.13,299.46,1,37.82,0.31
190,266,118.13,299.46,2,25.49,11.14
190,266,118.13,299.46,3,37.04,18.68
190,266,118.13,299.46,4,2.37,32.95
190,267,176.00,59.27,0,5.31,13.68
190,267,176.00,59.27,1,37.82,0.31
190,267,176.00,59.27,2,25.49,11.14
190,267,176.00,59.27,3,37.04,18.68
190,267,176.00,59.27,4,2.37,32.95
190,268,198.43,105.25,0,5.31,13.68
190,268,198.43,105.25,1,37.82,0.31
190,268,198.43,105.25,2,25.49,11.14
190,268,198.43,105.25,3,37.04,18.68
190,268,198.43,105.25,4,2.37,32.95
190,269,10.35,142.54,0,5.31,13.68
190,269,10.35,142.54,1,37.82,0.31
190,269,10.35,142.54,2,25.49,11.14
190,269,10.35,142.54,3,37.04,18.68
190,269,10.35,142.54,4,2.37,32.95
190,270,58.87,298.08,0,5.31,13.68
190,270,58.87,298.08,1,37.82,0.31
190,270,58.87,298.08,2,25.49,11.14
190,270,58.87,298.08,3,37.04,18.68
190,270,58.87,298.08,4,2.37,32.95
190,271,30.43,119.18,0,5.31,13.68
190,271,30.43,119.18,1,37.82,0.31
190,271,30.43,119.18,2,25.49,11.14
190,271,30.43,119.18,3,37.04,18.68
190,271,30.43,119.18,4,2.37,32.95
190,272,53.26,311.44,0,5.31,13.68
190,272,53.26,311.44,1,37.82,0.31
190,272,53.26,311.44,2,25.49,11.14
190,272,53.26,311.44,3,37.04,18.68
190,272,53.26,311.44,4,2.37,32.95
190,273,23.95,265.38,0,5.31,13.68
190,273,23.95,265.38,1,37.82,0.31
190,273,23.95,265.38,2,25.49,11.14
190,273,23.95,265.38,3,37.04,18.68
190,273,23.95,265.38,4,2.37,32.95
190,274,101.79,4.75,0,5.31,13.68
190,274,101.79,4.75,1,37.82,0.31
190,274,101.79,4.75,2,25.49,11.14
190,274,101.79,4.75,3,37.04,18.68
190,274,101.79,4.75,4,2.37,32.95
190,275,311.12,219.48,0,5.31,13.68
190,275,311.12,219.48,1,37.82,0.31
190,275,311.12,219.48,2,25.49,11.14
190,275,311.12,219.48,3,37.04,18.68
190,275,311.12,219.48,4,2.37,32.95
190,276,308.08,232.20,0,5.31,13.68
190,276,308.08,232.20,1,37.82,0.31
190,276,308.08,232.20,2,25.49,11.14
190,276,308.08,232.20,3,37.04,18.68
190,276,308.08,232.20,4,2.37,32.95
190,277,285.65,191.62,0,5.31,13.68
190,277,285.65,191.62,1,37.82,0.31
190,277,285.65,191.62,2,25.49,11.14
190,277,285.65,191.62,3,37.04,18.68
190,277,285.65,191.62,4,2.37,32.95
190,278,76.73,388.72,0,5.31,13.68
190,278,76.73,388.72,1,37.82,0.31
190,278,76.73,388.72,2,25.49,11.14
190,278,76.73,388.72,3,37.04,18.68
190,278,76.73,388.72,4,2.37,32.95
190,279,239.31,391.77,0,5.31,13.68
190,279,239.31,391.77,1,37.82,0.31
190,279,239.31,391.77,2,25.49,11.14
190,279,239.31,391.77,3,37.04,18.68
190,279,239.31,391.77,4,2.37,32.95
190,281,211.18,57.72,0,5.31,13.68
190,281,211.18,57.72,1,37.82,0.31
190,281,211.18,57.72,2,25.49,11.14
190,281,211.18,57.72,3,37.04,18.68
190,281,211.18,57.72,4,2.37,32.95
190,282,345.37,177.79,0,5.31,13.68
190,282,345.37,177.79,1,37.82,0.31
190,282,345.37,177.79,2,25.49,11.14
190,282,345.37,177.79,3,37.04,18.68
190,282,345.37,177.79,4,2.37,32.95
190,283,329.11,163.33,0,5.31,13.68
190,283,329.11,163.33,1,37.82,0.31
190,283,329.11,163.33,2,25.49,11.14
190,283,329.11,163.33,3,37.04,18.68
190,283,329.11,163.33,4,2.37,32.95
190,284,217.28,97.56,0,5.31,13.68
190,284,217.28,97.56,1,37.82,0.31
190,284,217.28,97.56,2,25.49,11.14
190,284,217.28,97.56,3,37.04,18.68
190,284,217.28,97.56,4,2.37,32.95
190,285,223.37,342.41,0,5.31,13.68
190,285,223.37,342.41,1,37.82,0.31
190,285,223.37,342.41,2,25.49,11.14
190,285,223.37,342.41,3,37.04,18.68
190,285,223.37,342.41,4,2.37,32.95
190,286,253.13,333.49,0,5.31,13.68
190,286,253.13,333.49,1,37.82,0.31
190,286,253.13,333.49,2,25.49,11.14
190,286,253.13,333.49,3,37.04,18.68
190,286,253.13,333.49,4,2.37,32.95
190,288,116.15,7.48,0,5.31,13.68
190,288,116.15,7.48,1,37.82,0.31
190,288,116.15,7.48,2,25.49,11.14
190,288,116.15,7.48,3,37.04,18.68
190,288,116.15,7.48,4,2.37,32.95
190,289,58.55,325.28,0,5.31,13.68
190,289,58.55,325.28,1,37.82,0.31
190,289,58.55,325.28,2,25.49,11.14
190,289,58.55,325.28,3,37.04,18.68
190,289,58.55,325.28,4,2.37,32.95
190,290,301.39,260.97,0,5.31,13.68
190,290,301.39,260.97,1,37.82,0.31
190,290,301.39,260.97,2,25.49,11.14
190,290,301.39,260.97,3,37.04,18.68
190,290,301.39,260.97,4,2.37,32.95
190,291,60.59,42.97,0,5.31,13.68
190,291,60.59,42.97,1,37.82,0.31
190,291,60.59,42.97,2,25.49,11.14
190,291,60.59,42.97,3,37.04,18.68
190,291,60.59,42.97,4,2.37,32.95
190,292,269.47,298.57,0,5.31,13.68
190,292,269.47,298.57,1,37.82,0.31
190,292,269.47,298.57,2,25.49,11.14
190,292,269.47,298.57,3,37.04,18.68
190,292,269.47,298.57,4,2.37,32.95
190,293,220.01,116.55,0,5.31,13.68
190,293,220.01,116.55,1,37.82,0.31
190,293,220.01,116.55,2,25.49,11.14
190,293,220.01,116.55,3,37.04,18.68
190,293,220.01,116.55,4,2.37,32.95
190,294,91.13,352.14,0,5.31,13.68
190,294,91.13,352.14,1,37.82,0.31
190,294,91.13,352.14,2,25.49,11.14
190,294,91.13,352.14,3,37.04,18.68
190,294,91.13,352.14,4,2.37,32.95
190,296,348.06,25.78,0,5.31,13.68
190,296,348.06,25.78,1,37.82,0.31
190,296,348.06,25.78,2,25.49,11.14
190,296,348.06,25.78,3,37.04,18.68
190,296,348.06,25.78,4,2.37,32.95
190,297,371.14,137.95,0,5.31,13.68
190,297,371.14,137.95,1,37.82,0.31
190,297,371.14,137.95,2,25.49,11.14
190,297,371.14,137.95,3,37.04,18.68
190,297,371.14,137.95,4,2.37,32.95
190,298,352.42,31.57,0,5.31,13.68
190,298,352.42,31.57,1,37.82,0.31
190,298,352.42,31.57,2,25.49,11.14
190,298,352.42,31.57,3,37.04,18.68
190,298,352.42,31.57,4,2.37,32.95
190,299,45.22,130.17,0,5.31,13.68
190,299,45.22,130.17,1,37.82,0.31
190,299,45.22,130.17,2,25.49,11.14
190,299,45.22,130.17,3,37.04,18.68
190,299,45.22,130.17,4,2.37,32.95
190,300,205.88,340.05,0,5.31,13.68
190,300,205.88,340.05,1,37.82,0.31
190,300,205.88,340.05,2,25.49,11.14
190,300,205.88,340.05,3,37.04,18.68
190,300,205.88,340.05,4,2.37,32.95
200,1,226.50,105.50,0,5.65,13.53
200,1,226.50,105.50,1,38.01,1.09
200,1,226.50,105.50,2,25.56,11.16
200,1,226.50,105.50,3,38.14,18.39
200,1,226.50,105.50,4,2.14,31.97
200,2,45.25,94.68,0,5.65,13.53
200,2,45.25,94.68,1,38.01,1.09
200,2,45.25,94.68,2,25.56,11.16
200,2,45.25,94.68,3,38.14,18.39
200,2,45.25,94.68,4,2.14,31.97
200,3,183.18,263.99,0,5.65,13.53
200,3,183.18,263.99,1,38.01,1.09
200,3,183.18,263.99,2,25.56,11.16
200,3,183.18,263.99,3,38.14,18.39
200,3,183.18,263.99,4,2.14,31.97
200,4,239.43,106.29,0,5.65,13.53
200,4,239.43,106.29,1,38.01,1.09
200,4,239.43,106.29,2,25.56,11.16
200,4,239.43,106.29,3,38.14,18.39
200,4,239.43,106.29,4,2.14,31.97
200,5,21.73,333.11,0,5.65,13.53
200,5,21.73,333.11,1,38.01,1.09
200,5,21.73,333.11,2,25.56,11.16
200,5,21.73,333.11,3,38.14,18.39
200,5,21.73,333.11,4,2.14,31.97
200,6,69.99,294.58,0,5.65,13.53
200,6,69.99,294.58,1,38.01,1.09
200,6,69.99,294.58,2,25.56,11.16
200,6,69.99,294.58,3,38.14,18.39
200,6,69.99,294.58,4,2.14,31.97
200,7,64.28,120.00,0,5.65,13.53
200,7,64.28,120.00,1,38.01,1.09
200,7,64.28,120.00,2,25.56,11.16
200,7,64.28,120.00,3,38.14,18.39
200,7,64.28,120.00,4,2.14,31.97
200,8,129.40,376.27,0,5.65,13.53
200,8,129.40,376.27,1,38.01,1.09
200,8,129.40,376.27,2,25.56,11.16
200,8,129.40,376.27,3,38.14,18.39
200,8,129.40,376.27,4,2.14,31.97
200,9,278.97,200.89,0,5.65,13.53
200,9,278.97,200.89,1,38.01,1.09
200,9,278.97,200.89,2,25.56,11.16
200,9,278.97,200.89,3,38.14,18.39
200,9,278.97,200.89,4,2.14,31.97
200,10,376.97,176.67,0,5.65,13.53
200,10,376.97,176.67,1,38.01,1.09
200,10,376.97,176.67,2,25.56,11.16
200,10,376.97,176.67,3,38.14,18.39
200,10,376.97,176.67,4,2.14,31.97
200,11,175.16,114.15,0,5.65,13.53
200,11,175.16,114.15,1,38.01,1.09
200,11,175.16,114.15,2,25.56,11.16
200,11,175.16,114.15,3,38.14,18.39
200,11,175.16,114.15,4,2.14,31.97
200,12,229.55,92.47,0,5.65,13.53
200,12,229.55,92.47,1,38.01,1.09
200,12,229.55,92.47,2,25.56,11.16
200,12,229.55,92.47,3,38.14,18.39
200,12,229.55,92.47,4,2.14,31.97
200,13,163.41,88.48,0,5.65,13.53
200,13,163.41,88.48,1,38.01,1.09
200,13,163.41,88.48,2,25.56,11.16
200,13,163.41,88.48,3,38.14,18.39
200,13,163.41,88.48,4,2.14,31.97
200,14,13.41,362.13,0,5.65,13.53
200,14,13.41,362.13,1,38.01,1.09
200,14,13.41,362.13,2,25.56,11.16
200,14,13.41,362.13,3,38.14,18.39
200,14,13.41,362.13,4,2.14,31.97
200,15,10.34,336.78,0,5.65,13.53
200,15,10.34,336.78,1,38.01,1.09
200,15,10.34,336.78,2,25.56,11.16
200,15,10.34,336.78,3,38.14,18.39
200,15,10.34,336.78,4,2.14,31.97
200,16,334.13,271.19,0,5.65,13.53
200,16,334.13,271.19,1,38.01,1.09
200,16,334.13,271.19,2,25.56,11.16
200,16,334.13,271.19,3,38.14,18.39
200,16,334.13,271.19,4,2.14,31.97
200,17,378.44,185.49,0,5.65,13.53
200,17,378.44,185.49,1,38.01,1.09
200,17,378.44,185.49,2,25.56,11.16
200,17,378.44,185.49,3,38.14,18.39
200,17,378.44,185.49,4,2.14,31.97
200,18,182.50,348.34,0,5.65,13.53
200,18,182.50,348.34,1,38.01,1.09
200,18,182.50,348.34,2,25.56,11.16
200,18,182.50,348.34,3,38.14,18.39
200,18,182.50,348.34,4,2.14,31.97
200,19,57.74,332.64,0,5.65,13.53
200,19,57.74,332.64,1,38.01,1.09
200,19,57.74,332.64,2,25.56,11.16
200,19,57.74,332.64,3,38.14,18.39
200,19,57.74,332.64,4,2.14,31.97
200,20,216.16,389.17,0,5.65,13.53
200,20,216.16,389.17,1,38.01,1.09
200,20,216.16,389.17,2,25.56,11.16
200,20,216.16,389.17,3,38.14,18.39
200,20,216.16,389.17,4,2.14,31.97
200,21,380.26,145.03,0,5.65,13.53
200,21,380.26,145.03,1,38.01,1.09
200,21,380.26,145.03,2,25.56,11.16
200,21,380.26,145.03,3,38.14,18.39
200,21,380.26,145.03,4,2.14,31.97
200,22,285.50,369.14,0,5.65,13.53
200,22,285.50,369.14,1,38.01,1.09
200,22,285.50,369.14,2,25.56,11.16
200,22,285.50,369.14,3,38.14,18.39
200,22,285.50,369.14,4,2.14,31.97
200,23,359.18,245.07,0,5.65,13.53
200,23,359.18,245.07,1,38.01,1.09
200,23,359.18,245.07,2,25.56,11.16
200,23,359.18,245.07,3,38.14,18.39
200,23,359.18,245.07,4,2.14,31.97
200,24,159.38,70.70,0,5.65,13.53
200,24,159.38,70.70,1,38.01,1.09
200,24,159.38,70.70,2,25.56,11.16
200,24,159.38,70.70,3,38.14,18.39
200,24,159.38,70.70,4,2.14,31.97
200,25,58.03,352.75,0,5.65,13.53
200,25,58.03,352.75,1,38.01,1.09
200,25,58.03,352.75,2,25.56,11.16
200,25,58.03,352.75,3,38.14,18.39
200,25,58.03,352.75,4,2.14,31.97
200,26,296.08,31.78,0,5.65,13.53
200,26,296.08,31.78,1,38.01,1.09
200,26,296.08,31.78,2,25.56,11.16
200,26,296.08,31.78,3,38.14,18.39
200,26,296.08,31.78,4,2.14,31.97
200,27,228.86,100.36,0,5.65,13.53
200,27,228.86,100.36,1,38.01,1.09
200,27,228.86,100.36,2,25.56,11.16
200,27,228.86,100.36,3,38.14,18.39
200,27,228.86,100.36,4,2.14,31.97
200,28,380.89,354.10,0,5.65,13.53
200,28,380.89,354.10,1,38.01,1.09
200,28,380.89,354.10,2,25.56,11.16
200,28,380.89,354.10,3,38.14,18.39
200,28,380.89,354.10,4,2.14,31.97
200,29,151.61,259.24,0,5.65,13.53
200,29,151.61,259.24,1,38.01,1.09
200,29,151.61,259.24,2,25.56,11.16
200,29,151.61,259.24,3,38.14,18.39
200,29,151.61,259.24,4,2.14,31.97
200,31,205.32,54.75,0,5.65,13.53
200,31,205.32,54.75,1,38.01,1.09
200,31,205.32,54.75,2,25.56,11.16
200,31,205.32,54.75,3,38.14,18.39
200,31,205.32,54.75,4,2.14,31.97
200,32,235.22,87.18,0,5.65,13.53
200,32,235.22,87.18,1,38.01,1.09
200,32,235.22,87.18,2,25.56,11.16
200,32,235.22,87.18,3,38.14,18.39
200,32,235.22,87.18,4,2.14,31.97
200,33,32.37,297.02,0,5.65,13.53
200,33,32.37,297.02,1,38.01,1.09
200,33,32.37,297.02,2,25.56,11.16
200,33,32.37,297.02,3,38.14,18.39
200,33,32.37,297.02,4,2.14,31.97
200,34,210.12,110.02,0,5.65,13.53
200,34,210.12,110.02,1,38.01,1.09
200,34,210.12,110.02,2,25.56,11.16
200,34,210.12,110.02,3,38.14,18.39
200,34,210.12,110.02,4,2.14,31.97
200,35,341.28,202.02,0,5.65,13.53
200,35,341.28,202.02,1,38.01,1.09
200,35,341.28,202.02,2,25.56,11.16
200,35,341.28,202.02,3,38.14,18.39
200,35,341.28,202.02,4,2.14,31.97
200,36,83.74,329.18,0,5.65,13.53
200,36,83.74,329.18,1,38.01,1.09
200,36,83.74,329.18,2,25.56,11.16
200,36,83.74,329.18,3,38.14,18.39
200,36,83.74,329.18,4,2.14,31.97
200,37,319.55,263.50,0,5.65,13.53
200,37,319.55,263.50,1,38.01,1.09
200,37,319.55,263.50,2,25.56,11.16
200,37,319.55,263.50,3,38.14,18.39
200,37,319.55,263.50,4,2.14,31.97
200,38,124.29,227.01,0,5.65,13.53
200,38,124.29,227.01,1,38.01,1.09
200,38,124.29,227.01,2,25.56,11.16
200,38,124.29,227.01,3,38.14,18.39
200,38,124.29,227.01,4,2.14,31.97
200,39,96.80,190.56,0,5.65,13.53
200,39,96.80,190.56,1,38.01,1.09
200,39,96.80,190.56,2,25.56,11.16
200,39,96.80,190.56,3,38.14,18.39
200,39,96.80,190.56,4,2.14,31.97
200,40,255.06,106.00,0,5.65,13.53
200,40,255.06,106.00,1,38.01,1.09
200,40,255.06,106.00,2,25.56,11.16
200,40,255.06,106.00,3,38.14,18.39
200,40,255.06,106.00,4,2.14,31.97
200,41,262.88,299.79,0,5.65,13.53
200,41,262.88,299.79,1,38.01,1.09
200,41,262.88,299.79,2,25.56,11.16
200,41,262.88,299.79,3,38.14,18.39
200,41,262.88,299.79,4,2.14,31.97
200,42,358.28,218.58,0,5.65,13.53
200,42,358.28,218.58,1,38.01,1.09
200,42,358.28,218.58,2,25.56,11.16
200,42,358.28,218.58,3,38.14,18.39
200,42,358.28,218.58,4,2.14,31.97
200,43,221.53,87.82,0,5.65,13.53
200,43,221.53,87.82,1,38.01,1.09
200,43,221.53,87.82,2,25.56,11.16
200,43,221.53,87.82,3,38.14,18.39
200,43,221.53,87.82,4,2.14,31.97
200,44,365.51,195.21,0,5.65,13.53
200,44,365.51,195.21,1,38.01,1.09
200,44,365.51,195.21,2,25.56,11.16
200,44,365.51,195.21,3,38.14,18.39
200,44,365.51,195.21,4,2.14,31.97
200,46,58.68,362.50,0,5.65,13.53
200,46,58.68,362.50,1,38.01,1.09
200,46,58.68,362.50,2,25.56,11.16
200,46,58.68,362.50,3,38.14,18.39
200,46,58.68,362.50,4,2.14,31.97
200,47,33.83,322.93,0,5.65,13.53
200,47,33.83,322.93,1,38.01,1.09
200,47,33.83,322.93,2,25.56,11.16
200,47,33.83,322.93,3,38.14,18.39
200,47,33.83,322.93,4,2.14,31.97
200,48,357.22,191.71,0,5.65,13.53
200,48,357.22,191.71,1,38.01,1.09
200,48,357.22,191.71,2,25.56,11.16
200,48,357.22,191.71,3,38.14,18.39
200,48,357.22,191.71,4,2.14,31.97
200,49,214.04,121.75,0,5.65,13.53
200,49,214.04,121.75,1,38.01,1.09
200,49,214.04,121.75,2,25.56,11.16
200,49,214.04,121.75,3,38.14,18.39
200,49,214.04,121.75,4,2.14,31.97
200,50,317.40,306.26,0,5.65,13.53
200,50,317.40,306.26,1,38.01,1.09
200,50,317.40,306.26,2,25.56,11.16
200,50,317.40,306.26,3,38.14,18.39
200,50,317.40,306.26,4,2.14,31.97
200,51,21.83,351.00,0,5.65,13.53
200,51,21.83,351.00,1,38.01,1.09
200,51,21.83,351.00,2,25.56,11.16
200,51,21.83,351.00,3,38.14,18.39
200,51,21.83,351.00,4,2.14,31.97
200,52,223.43,110.21,0,5.65,13.53
200,52,223.43,110.21,1,38.01,1.09
200,52,223.43,110.21,2,25.56,11.16
200,52,223.43,110.21,3,38.14,18.39
200,52,223.43,110.21,4,2.14,31.97
200,53,293.00,230.42,0,5.65,13.53
200,53,293.00,230.42,1,38.01,1.09
200,53,293.00,230.42,2,25.56,11.16
200,53,293.00,230.42,3,38.14,18.39
200,53,293.00,230.42,4,2.14,31.97
200,54,356.96,16.26,0,5.65,13.53
200,54,356.96,16.26,1,38.01,1.09
200,54,356.96,16.26,2,25.56,11.16
200,54,356.96,16.26,3,38.14,18.39
200,54,356.96,16.26,4,2.14,31.97
200,55,286.66,241.92,0,5.65,13.53
200,55,286.66,241.92,1,38.01,1.09
200,55,286.66,241.92,2,25.56,11.16
200,55,286.66,241.92,3,38.14,18.39
200,55,286.66,241.92,4,2.14,31.97
200,56,333.47,181.83,0,5.65,13.53
200,56,333.47,181.83,1,38.01,1.09
200,56,333.47,181.83,2,25.56,11.16
200,56,333.47,181.83,3,38.14,18.39
200,56,333.47,181.83,4,2.14,31.97
200,57,82.59,167.85,0,5.65,13.53
200,57,82.59,167.85,1,38.01,1.09
200,57,82.59,167.85,2,25.56,11.16
200,57,82.59,167.85,3,38.14,18.39
200,57,82.59,167.85,4,2.14,31.97
200,58,361.56,184.78,0,5.65,13.53
200,58,361.56,184.78,1,38.01,1.09
200,58,361.56,184.78,2,25.56,11.16
200,58,361.56,184.78,3,38.14,18.39
200,58,361.56,184.78,4,2.14,31.97
200,60,183.78,271.98,0,5.65,13.53
200,60,183.78,271.98,1,38.01,1.09
200,60,183.78,271.98,2,25.56,11.16
200,60,183.78,271.98,3,38.14,18.39
200,60,183.78,271.98,4,2.14,31.97
200,61,48.22,142.52,0,5.65,13.53
200,61,48.22,142.52,1,38.01,1.09
200,61,48.22,142.52,2,25.56,11.16
200,61,48.22,142.52,3,38.14,18.39
200,61,48.22,142.52,4,2.14,31.97
200,62,30.95,363.23,0,5.65,13.53
200,62,30.95,363.23,1,38.01,1.09
200,62,30.95,363.23,2,25.56,11.16
200,62,30.95,363.23,3,38.14,18.39
200,62,30.95,363.23,4,2.14,31.97
200,63,89.32,167.60,0,5.65,13.53
200,63,89.32,167.60,1,38.01,1.09
200,63,89.32,167.60,2,25.56,11.16
200,63,89.32,167.60,3,38.14,18.39
200,63,89.32,167.60,4,2.14,31.97
200,64,362.99,17.54,0,5.65,13.53
200,64,362.99,17.54,1,38.01,1.09
200,64,362.99,17.54,2,25.56,11.16
200,64,362.99,17.54,3,38.14,18.39
200,64,362.99,17.54,4,2.14,31.97
200,65,345.25,252.93,0,5.65,13.53
200,65,345.25,252.93,1,38.01,1.09
200,65,345.25,252.93,2,25.56,11.16
200,65,345.25,252.93,3,38.14,18.39
200,65,345.25,252.93,4,2.14,31.97
200,66,79.42,377.14,0,5.65,13.53
200,66,79.42,377.14,1,38.01,1.09
200,66,79.42,377.14,2,25.56,11.16
200,66,79.42,377.14,3,38.14,18.39
200,66,79.42,377.14,4,2.14,31.97
200,67,39.98,201.27,0,5.65,13.53
200,67,39.98,201.27,1,38.01,1.09
200,67,39.98,201.27,2,25.56,11.16
200,67,39.98,201.27,3,38.14,18.39
200,67,39.98,201.27,4,2.14,31.97
200,68,231.34,326.59,0,5.65,13.53
200,68,231.34,326.59,1,38.01,1.09
200,68,231.34,326.59,2,25.56,11.16
200,68,231.34,326.59,3,38.14,18.39
200,68,231.34,326.59,4,2.14,31.97
200,69,376.47,355.02,0,5.65,13.53
200,69,376.47,355.02,1,38.01,1.09
200,69,376.47,355.02,2,25.56,11.16
200,69,376.47,355.02,3,38.14,18.39
200,69,376.47,355.02,4,2.14,31.97
200,70,231.36,104.11,0,5.65,13.53
200,70,231.36,104.11,1,38.01,1.09
200,70,231.36,104.11,2,25.56,11.16
200,70,231.36,104.11,3,38.14,18.39
200,70,231.36,104.11,4,2.14,31.97
200,71,35.68,358.77,0,5.65,13.53
200,71,35.68,358.77,1,38.01,1.09
200,71,35.68,358.77,2,25.56,11.16
200,71,35.68,358.77,3,38.14,18.39
200,71,35.68,358.77,4,2.14,31.97
200,72,19.09,365.55,0,5.65,13.53
200,72,19.09,365.55,1,38.01,1.09
200,72,19.09,365.55,2,25.56,11.16
200,72,19.09,365.55,3,38.14,18.39
200,72,19.09,365.55,4,2.14,31.97
200,73,368.50,170.86,0,5.65,13.53
200,73,368.50,170.86,1,38.01,1.09
200,73,368.50,170.86,2,25.56,11.16
200,73,368.50,170.86,3,38.14,18.39
200,73,368.50,170.86,4,2.14,31.97
200,74,232.04,91.46,0,5.65,13.53
200,74,232.04,91.46,1,38.01,1.09
200,74,232.04,91.46,2,25.56,11.16
200,74,232.04,91.46,3,38.14,18.39
200,74,232.04,91.46,4,2.14,31.97
200,75,210.67,100.82,0,5.65,13.53
200,75,210.67,100.82,1,38.01,1.09
200,75,210.67,100.82,2,25.56,11.16
200,75,210.67,100.82,3,38.14,18.39
200,75,210.67,100.82,4,2.14,31.97
200,76,366.53,133.58,0,5.65,13.53
200,76,366.53,133.58,1,38.01,1.09
200,76,366.53,133.58,2,25.56,11.16
200,76,366.53,133.58,3,38.14,18.39
200,76,366.53,133.58,4,2.14,31.97
200,77,70.78,151.79,0,5.65,13.53
200,77,70.78,151.79,1,38.01,1.09
200,77,70.78,151.79,2,25.56,11.16
200,77,70.78,151.79,3,38.14,18.39
200,77,70.78,151.79,4,2.14,31.97
200,78,204.16,385.18,0,5.65,13.53
200,78,204.16,385.18,1,38.01,1.09
200,78,204.16,385.18,2,25.56,11.16
200,78,204.16,385.18,3,38.14,18.39
200,78,204.16,385.18,4,2.14,31.97
200,79,362.90,198.54,0,5.65,13.53
200,79,362.90,198.54,1,38.01,1.09
200,79,362.90,198.54,2,25.56,11.16
200,79,362.90,198.54,3,38.14,18.39
200,79,362.90,198.54,4,2.14,31.97
200,81,251.01,363.23,0,5.65,13.53
200,81,251.01,363.23,1,38.01,1.09
200,81,251.01,363.23,2,25.56,11.16
200,81,251.01,363.23,3,38.14,18.39
200,81,251.01,363.23,4,2.14,31.97
200,82,329.65,131.58,0,5.65,13.53
200,82,329.65,131.58,1,38.01,1.09
200,82,329.65,131.58,2,25.56,11.16
200,82,329.65,131.58,3,38.14,18.39
200,82,329.65,131.58,4,2.14,31.97
200,83,179.97,43.77,0,5.65,13.53
200,83,179.97,43.77,1,38.01,1.09
200,83,179.97,43.77,2,25.56,11.16
200,83,179.97,43.77,3,38.14,18.39
200,83,179.97,43.77,4,2.14,31.97
200,84,206.07,290.77,0,5.65,13.53
200,84,206.07,290.77,1,38.01,1.09
200,84,206.07,290.77,2,25.56,11.16
200,84,206.07,290.77,3,38.14,18.39
200,84,206.07,290.77,4,2.14,31.97
200,85,364.64,142.43,0,5.65,13.53
200,85,364.64,142.43,1,38.01,1.09
200,85,364.64,142.43,2,25.56,11.16
200,85,364.64,142.43,3,38.14,18.39
200,85,364.64,142.43,4,2.14,31.97
200,86,37.24,131.46,0,5.65,13.53
200,86,37.24,131.46,1,38.01,1.09
200,86,37.24,131.46,2,25.56,11.16
200,86,37.24,131.46,3,38.14,18.39
200,86,37.24,131.46,4,2.14,31.97
200,87,385.11,16.05,0,5.65,13.53
200,87,385.11,16.05,1,38.01,1.09
200,87,385.11,16.05,2,25.56,11.16
200,87,385.11,16.05,3,38.14,18.39
200,87,385.11,16.05,4,2.14,31.97
200,88,185.12,304.16,0,5.65,13.53
200,88,185.12,304.16,1,38.01,1.09
200,88,185.12,304.16,2,25.56,11.16
200,88,185.12,304.16,3,38.14,18.39
200,88,185.12,304.16,4,2.14,31.97
200,89,309.60,56.39,0,5.65,13.53
200,89,309.60,56.39,1,38.01,1.09
200,89,309.60,56.39,2,25.56,11.16
200,89,309.60,56.39,3,38.14,18.39
200,89,309.60,56.39,4,2.14,31.97
200,90,200.01,59.84,0,5.65,13.53
200,90,200.01,59.84,1,38.01,1.09
200,90,200.01,59.84,2,25.56,11.16
200,90,200.01,59.84,3,38.14,18.39
200,90,200.01,59.84,4,2.14,31.97
200,92,251.26,96.87,0,5.65,13.53
200,92,251.26,96.87,1,38.01,1.09
200,92,251.26,96.87,2,25.56,11.16
200,92,251.26,96.87,3,38.14,18.39
200,92,251.26,96.87,4,2.14,31.97
200,93,242.94,91.36,0,5.65,13.53
200,93,242.94,91.36,1,38.01,1.09
200,93,242.94,91.36,2,25.56,11.16
200,93,242.94,91.36,3,38.14,18.39
200,93,242.94,91.36,4,2.14,31.97
200,94,14.31,349.14,0,5.65,13.53
200,94,14.31,349.14,1,38.01,1.09
200,94,14.31,349.14,2,25.56,11.16
200,94,14.31,349.14,3,38.14,18.39
200,94,14.31,349.14,4,2.14,31.97
200,95,335.69,158.13,0,5.65,13.53
200,95,335.69,158.13,1,38.01,1.09
200,95,335.69,158.13,2,25.56,11.16
200,95,335.69,158.13,3,38.14,18.39
200,95,335.69,158.13,4,2.14,31.97
200,96,76.47,170.48,0,5.65,13.53
200,96,76.47,170.48,1,38.01,1.09
200,96,76.47,170.48,2,25.56,11.16
200,96,76.47,170.48,3,38.14,18.39
200,96,76.47,170.48,4,2.14,31.97
200,97,255.07,159.69,0,5.65,13.53
200,97,255.07,159.69,1,38.01,1.09
200,97,255.07,159.69,2,25.56,11.16
200,97,255.07,159.69,3,38.14,18.39
200,97,255.07,159.69,4,2.14,31.97
200,98,347.90,11.20,0,5.65,13.53
200,98,347.90,11.20,1,38.01,1.09
200,98,347.90,11.20,2,25.56,11.16
200,98,347.90,11.20,3,38.14,18.39
200,98,347.90,11.20,4,2.14,31.97
200,99,370.32,178.02,0,5.65,13.53
200,99,370.32,178.02,1,38.01,1.09
200,99,370.32,178.02,2,25.56,11.16
200,99,370.32,178.02,3,38.14,18.39
200,99,370.32,178.02,4,2.14,31.97
200,102,56.90,166.38,0,5.65,13.53
200,102,56.90,166.38,1,38.01,1.09
200,102,56.90,166.38,2,25.56,11.16
200,102,56.90,166.38,3,38.14,18.39
200,102,56.90,166.38,4,2.14,31.97
200,103,103.78,381.72,0,5.65,13.53
200,103,103.78,381.72,1,38.01,1.09
200,103,103.78,381.72,2,25.56,11.16
200,103,103.78,381.72,3,38.14,18.39
200,103,103.78,381.72,4,2.14,31.97
200,104,354.80,6.95,0,5.65,13.53
200,104,354.80,6.95,1,38.01,1.09
200,104,354.80,6.95,2,25.56,11.16
200,104,354.80,6.95,3,38.14,18.39
200,104,354.80,6.95,4,2.14,31.97
200,105,33.12,348.30,0,5.65,13.53
200,105,33.12,348.30,1,38.01,1.09
200,105,33.12,348.30,2,25.56,11.16
200,105,33.12,348.30,3,38.14,18.39
200,105,33.12,348.30,4,2.14,31.97
200,106,52.40,266.03,0,5.65,13.53
200,106,52.40,266.03,1,38.01,1.09
200,106,52.40,266.03,2,25.56,11.16
200,106,52.40,266.03,3,38.14,18.39
200,106,52.40,266.03,4,2.14,31.97
200,107,241.62,114.69,0,5.65,13.53
200,107,241.62,114.69,1,38.01,1.09
200,107,241.62,114.69,2,25.56,11.16
200,107,241.62,114.69,3,38.14,18.39
200,107,241.62,114.69,4,2.14,31.97
200,108,7.63,67.16,0,5.65,13.53
200,108,7.63,67.16,1,38.01,1.09
200,108,7.63,67.16,2,25.56,11.16
200,108,7.63,67.16,3,38.14,18.39
200,108,7.63,67.16,4,2.14,31.97
200,109,63.32,315.05,0,5.65,13.53
200,109,63.32,315.05,1,38.01,1.09
200,109,63.32,315.05,2,25.56,11.16
200,109,63.32,315.05,3,38.14,18.39
200,109,63.32,315.05,4,2.14,31.97
200,110,112.23,336.15,0,5.65,13.53
200,110,112.23,336.15,1,38.01,1.09
200,110,112.23,336.15,2,25.56,11.16
200,110,112.23,336.15,3,38.14,18.39
200,110,112.23,336.15,4,2.14,31.97
200,111,373.18,21.17,0,5.65,13.53
200,111,373.18,21.17,1,38.01,1.09
200,111,373.18,21.17,2,25.56,11.16
200,111,373.18,21.17,3,38.14,18.39
200,111,373.18,21.17,4,2.14,31.97
200,112,190.37,105.26,0,5.65,13.53
200,112,190.37,105.26,1,38.01,1.09
200,112,190.37,105.26,2,25.56,11.16
200,112,190.37,105.26,3,38.14,18.39
200,112,190.37,105.26,4,2.14,31.97
200,113,98.76,133.04,0,5.65,13.53
200,113,98.76,133.04,1,38.01,1.09
200,113,98.76,133.04,2,25.56,11.16
200,113,98.76,133.04,3,38.14,18.39
200,113,98.76,133.04,4,2.14,31.97
200,114,165.42,32.28,0,5.65,13.53
200,114,165.42,32.28,1,38.01,1.09
200,114,165.42,32.28,2,25.56,11.16
200,114,165.42,32.28,3,38.14,18.39
200,114,165.42,32.28,4,2.14,31.97
200,115,371.97,210.51,0,5.65,13.53
200,115,371.97,210.51,1,38.01,1.09
200,115,371.97,210.51,2,25.56,11.16
200,115,371.97,210.51,3,38.14,18.39
200,115,371.97,210.51,4,2.14,31.97
200,116,220.98,130.47,0,5.65,13.53
200,116,220.98,130.47,1,38.01,1.09
200,116,220.98,130.47,2,25.56,11.16
200,116,220.98,130.47,3,38.14,18.39
200,116,220.98,130.47,4,2.14,31.97
200,117,356.69,121.64,0,5.65,13.53
200,117,356.69,121.64,1,38.01,1.09
200,117,356.69,121.64,2,25.56,11.16
200,117,356.69,121.64,3,38.14,18.39
200,117,356.69,121.64,4,2.14,31.97
200,118,88.87,199.05,0,5.65,13.53
200,118,88.87,199.05,1,38.01,1.09
200,118,88.87,199.05,2,25.56,11.16
200,118,88.87,199.05,3,38.14,18.39
200,118,88.87,199.05,4,2.14,31.97
200,119,328.99,124.12,0,5.65,13.53
200,119,328.99,124.12,1,38.01,1.09
200,119,328.99,124.12,2,25.56,11.16
200,119,328.99,124.12,3,38.14,18.39
200,119,328.99,124.12,4,2.14,31.97
200,120,184.18,232.66,0,5.65,13.53
200,120,184.18,232.66,1,38.01,1.09
200,120,184.18,232.66,2,25.56,11.16
200,120,184.18,232.66,3,38.14,18.39
200,120,184.18,232.66,4,2.14,31.97
200,121,70.42,122.47,0,5.65,13.53
200,121,70.42,122.47,1,38.01,1.09
200,121,70.42,122.47,2,25.56,11.16
200,121,70.42,122.47,3,38.14,18.39
200,121,70.42,122.47,4,2.14,31.97
200,122,140.54,234.29,0,5.65,13.53
200,122,140.54,234.29,1,38.01,1.09
200,122,140.54,234.29,2,25.56,11.16
200,122,140.54,234.29,3,38.14,18.39
200,122,140.54,234.29,4,2.14,31.97
200,123,162.99,323.63,0,5.65,13.53
200,123,162.99,323.63,1,38.01,1.09
200,123,162.99,323.63,2,25.56,11.16
200,123,162.99,323.63,3,38.14,18.39
200,123,162.99,323.63,4,2.14,31.97
200,124,115.60,36.64,0,5.65,13.53
200,124,115.60,36.64,1,38.01,1.09
200,124,115.60,36.64,2,25.56,11.16
200,124,115.60,36.64,3,38.14,18.39
200,124,115.60,36.64,4,2.14,31.97
200,125,365.71,108.70,0,5.65,13.53
200,125,365.71,108.70,1,38.01,1.09
200,125,365.71,108.70,2,25.56,11.16
200,125,365.71,108.70,3,38.14,18.39
200,125,365.71,108.70,4,2.14,31.97
200,126,30.44,106.23,0,5.65,13.53
200,126,30.44,106.23,1,38.01,1.09
200,126,30.44,106.23,2,25.56,11.16
200,126,30.44,106.23,3,38.14,18.39
200,126,30.44,106.23,4,2.14,31.97
200,127,26.68,369.88,0,5.65,13.53
200,127,26.68,369.88,1,38.01,1.09
200,127,26.68,369.88,2,25.56,11.16
200,127,26.68,369.88,3,38.14,18.39
200,127,26.68,369.88,4,2.14,31.97
200,128,240.27,361.56,0,5.65,13.53
200,128,240.27,361.56,1,38.01,1.09
200,128,240.27,361.56,2,25.56,11.16
200,128,240.27,361.56,3,38.14,18.39
200,128,240.27,361.56,4,2.14,31.97
200,129,300.54,170.37,0,5.65,13.53
200,129,300.54,170.37,1,38.01,1.09
200,129,300.54,170.37,2,25.56,11.16
200,129,300.54,170.37,3,38.14,18.39
200,129,300.54,170.37,4,2.14,31.97
200,131,254.32,83.76,0,5.65,13.53
200,131,254.32,83.76,1,38.01,1.09
200,131,254.32,83.76,2,25.56,11.16
200,131,254.32,83.76,3,38.14,18.39
200,131,254.32,83.76,4,2.14,31.97
200,132,367.72,279.42,0,5.65,13.53
200,132,367.72,279.42,1,38.01,1.09
200,132,367.72,279.42,2,25.56,11.16
200,132,367.72,279.42,3,38.14,18.39
200,132,367.72,279.42,4,2.14,31.97
200,133,21.68,115.92,0,5.65,13.53
200,133,21.68,115.92,1,38.01,1.09
200,133,21.68,115.92,2,25.56,11.16
200,133,21.68,115.92,3,38.14,18.39
200,133,21.68,115.92,4,2.14,31.97
200,134,378.55,25.21,0,5.65,13.53
200,134,378.55,25.21,1,38.01,1.09
200,134,378.55,25.21,2,25.56,11.16
200,134,378.55,25.21,3,38.14,18.39
200,134,378.55,25.21,4,2.14,31.97
200,135,80.92,266.30,0,5.65,13.53
200,135,80.92,266.30,1,38.01,1.09
200,135,80.92,266.30,2,25.56,11.16
200,135,80.92,266.30,3,38.14,18.39
200,135,80.92,266.30,4,2.14,31.97
200,136,369.58,20.04,0,5.65,13.53
200,136,369.58,20.04,1,38.01,1.09
200,136,369.58,20.04,2,25.56,11.16
200,136,369.58,20.04,3,38.14,18.39
200,136,369.58,20.04,4,2.14,31.97
200,137,253.42,71.52,0,5.65,13.53
200,137,253.42,71.52,1,38.01,1.09
200,137,253.42,71.52,2,25.56,11.16
200,137,253.42,71.52,3,38.14,18.39
200,137,253.42,71.52,4,2.14,31.97
200,138,244.93,99.93,0,5.65,13.53
200,138,244.93,99.93,1,38.01,1.09
200,138,244.93,99.93,2,25.56,11.16
200,138,244.93,99.93,3,38.14,18.39
200,138,244.93,99.93,4,2.14,31.97
200,139,362.44,120.10,0,5.65,13.53
200,139,362.44,120.10,1,38.01,1.09
200,139,362.44,120.10,2,25.56,11.16
200,139,362.44,120.10,3,38.14,18.39
200,139,362.44,120.10,4,2.14,31.97
200,140,376.86,3.18,0,5.65,13.53
200,140,376.86,3.18,1,38.01,1.09
200,140,376.86,3.18,2,25.56,11.16
200,140,376.86,3.18,3,38.14,18.39
200,140,376.86,3.18,4,2.14,31.97
200,141,345.38,369.37,0,5.65,13.53
200,141,345.38,369.37,1,38.01,1.09
200,141,345.38,369.37,2,25.56,11.16
200,141,345.38,369.37,3,38.14,18.39
200,141,345.38,369.37,4,2.14,31.97
200,142,237.47,122.87,0,5.65,13.53
200,142,237.47,122.87,1,38.01,1.09
200,142,237.47,122.87,2,25.56,11.16
200,142,237.47,122.87,3,38.14,18.39
200,142,237.47,122.87,4,2.14,31.97
200,143,350.85,342.89,0,5.65,13.53
200,143,350.85,342.89,1,38.01,1.09
200,143,350.85,342.89,2,25.56,11.16
200,143,350.85,342.89,3,38.14,18.39
200,143,350.85,342.89,4,2.14,31.97
200,144,382.26,192.69,0,5.65,13.53
200,144,382.26,192.69,1,38.01,1.09
200,144,382.26,192.69,2,25.56,11.16
200,144,382.26,192.69,3,38.14,18.39
200,144,382.26,192.69,4,2.14,31.97
200,145,240.68,340.39,0,5.65,13.53
200,145,240.68,340.39,1,38.01,1.09
200,145,240.68,340.39,2,25.56,11.16
200,145,240.68,340.39,3,38.14,18.39
200,145,240.68,340.39,4,2.14,31.97
200,146,105.03,186.81,0,5.65,13.53
200,146,105.03,186.81,1,38.01,1.09
200,146,105.03,186.81,2,25.56,11.16
200,146,105.03,186.81,3,38.14,18.39
200,146,105.03,186.81,4,2.14,31.97
200,147,19.56,277.65,0,5.65,13.53
200,147,19.56,277.65,1,38.01,1.09
200,147,19.56,277.65,2,25.56,11.16
200,147,19.56,277.65,3,38.14,18.39
200,147,19.56,277.65,4,2.14,31.97
200,148,308.47,206.70,0,5.65,13.53
200,148,308.47,206.70,1,38.01,1.09
200,148,308.47,206.70,2,25.56,11.16
200,148,308.47,206.70,3,38.14,18.39
200,148,308.47,206.70,4,2.14,31.97
200,149,354.63,253.40,0,5.65,13.53
200,149,354.63,253.40,1,38.01,1.09
200,149,354.63,253.40,2,25.56,11.16
200,149,354.63,253.40,3,38.14,18.39
200,149,354.63,253.40,4,2.14,31.97
200,150,279.60,139.03,0,5.65,13.53
200,150,279.60,139.03,1,38.01,1.09
200,150,279.60,139.03,2,25.56,11.16
200,150,279.60,139.03,3,38.14,18.39
200,150,279.60,139.03,4,2.14,31.97
200,151,211.66,85.27,0,5.65,13.53
200,151,211.66,85.27,1,38.01,1.09
200,151,211.66,85.27,2,25.56,11.16
200,151,211.66,85.27,3,38.14,18.39
200,151,211.66,85.27,4,2.14,31.97
200,152,35.18,91.72,0,5.65,13.53
200,152,35.18,91.72,1,38.01,1.09
200,152,35.18,91.72,2,25.56,11.16
200,152,35.18,91.72,3,38.14,18.39
200,152,35.18,91.72,4,2.14,31.97
200,153,46.92,131.66,0,5.65,13.53
200,153,46.92,131.66,1,38.01,1.09
200,153,46.92,131.66,2,25.56,11.16
200,153,46.92,131.66,3,38.14,18.39
200,153,46.92,131.66,4,2.14,31.97
200,155,212.86,136.52,0,5.65,13.53
200,155,212.86,136.52,1,38.01,1.09
200,155,212.86,136.52,2,25.56,11.16
200,155,212.86,136.52,3,38.14,18.39
200,155,212.86,136.52,4,2.14,31.97
200,156,355.11,313.85,0,5.65,13.53
200,156,355.11,313.85,1,38.01,1.09
200,156,355.11,313.85,2,25.56,11.16
200,156,355.11,313.85,3,38.14,18.39
200,156,355.11,313.85,4,2.14,31.97
200,157,211.15,91.58,0,5.65,13.53
200,157,211.15,91.58,1,38.01,1.09
200,157,211.15,91.58,2,25.56,11.16
200,157,211.15,91.58,3,38.14,18.39
200,157,211.15,91.58,4,2.14,31.97
200,158,231.00,104.20,0,5.65,13.53
200,158,231.00,104.20,1,38.01,1.09
200,158,231.00,104.20,2,25.56,11.16
200,158,231.00,104.20,3,38.14,18.39
200,158,231.00,104.20,4,2.14,31.97
200,159,367.76,300.07,0,5.65,13.53
200,159,367.76,300.07,1,38.01,1.09
200,159,367.76,300.07,2,25.56,11.16
200,159,367.76,300.07,3,38.14,18.39
200,159,367.76,300.07,4,2.14,31.97
200,160,316.16,393.53,0,5.65,13.53
200,160,316.16,393.53,1,38.01,1.09
200,160,316.16,393.53,2,25.56,11.16
200,160,316.16,393.53,3,38.14,18.39
200,160,316.16,393.53,4,2.14,31.97
200,161,185.50,151.16,0,5.65,13.53
200,161,185.50,151.16,1,38.01,1.09
200,161,185.50,151.16,2,25.56,11.16
200,161,185.50,151.16,3,38.14,18.39
200,161,185.50,151.16,4,2.14,31.97
200,162,294.47,348.56,0,5.65,13.53
200,162,294.47,348.56,1,38.01,1.09
200,162,294.47,348.56,2,25.56,11.16
200,162,294.47,348.56,3,38.14,18.39
200,162,294.47,348.56,4,2.14,31.97
200,163,179.31,149.06,0,5.65,13.53
200,163,179.31,149.06,1,38.01,1.09
200,163,179.31,149.06,2,25.56,11.16
200,163,179.31,149.06,3,38.14,18.39
200,163,179.31,149.06,4,2.14,31.97
200,164,45.02,28.60,0,5.65,13.53
200,164,45.02,28.60,1,38.01,1.09
200,164,45.02,28.60,2,25.56,11.16
200,164,45.02,28.60,3,38.14,18.39
200,164,45.02,28.60,4,2.14,31.97
200,165,95.64,69.88,0,5.65,13.53
200,165,95.64,69.88,1,38.01,1.09
200,165,95.64,69.88,2,25.56,11.16
200,165,95.64,69.88,3,38.14,18.39
200,165,95.64,69.88,4,2.14,31.97
200,166,270.70,376.81,0,5.65,13.53
200,166,270.70,376.81,1,38.01,1.09
200,166,270.70,376.81,2,25.56,11.16
200,166,270.70,376.81,3,38.14,18.39
200,166,270.70,376.81,4,2.14,31.97
200,167,393.92,321.48,0,5.65,13.53
200,167,393.92,321.48,1,38.01,1.09
200,167,393.92,321.48,2,25.56,11.16
200,167,393.92,321.48,3,38.14,18.39
200,167,393.92,321.48,4,2.14,31.97
200,168,204.00,276.61,0,5.65,13.53
200,168,204.00,276.61,1,38.01,1.09
200,168,204.00,276.61,2,25.56,11.16
200,168,204.00,276.61,3,38.14,18.39
200,168,204.00,276.61,4,2.14,31.97
200,169,206.50,69.04,0,5.65,13.53
200,169,206.50,69.04,1,38.01,1.09
200,169,206.50,69.04,2,25.56,11.16
200,169,206.50,69.04,3,38.14,18.39
200,169,206.50,69.04,4,2.14,31.97
200,170,298.68,252.35,0,5.65,13.53
200,170,298.68,252.35,1,38.01,1.09
200,170,298.68,252.35,2,25.56,11.16
200,170,298.68,252.35,3,38.14,18.39
200,170,298.68,252.35,4,2.14,31.97
200,171,50.95,123.95,0,5.65,13.53
200,171,50.95,123.95,1,38.01,1.09
200,171,50.95,123.95,2,25.56,11.16
200,171,50.95,123.95,3,38.14,18.39
200,171,50.95,123.95,4,2.14,31.97
200,172,355.12,197.25,0,5.65,13.53
200,172,355.12,197.25,1,38.01,1.09
200,172,355.12,197.25,2,25.56,11.16
200,172,355.12,197.25,3,38.14,18.39
200,172,355.12,197.25,4,2.14,31.97
200,173,377.45,163.98,0,5.65,13.53
200,173,377.45,163.98,1,38.01,1.09
200,173,377.45,163.98,2,25.56,11.16
200,173,377.45,163.98,3,38.14,18.39
200,173,377.45,163.98,4,2.14,31.97
200,174,169.03,225.92,0,5.65,13.53
200,174,169.03,225.92,1,38.01,1.09
200,174,169.03,225.92,2,25.56,11.16
200,174,169.03,225.92,3,38.14,18.39
200,174,169.03,225.92,4,2.14,31.97
200,176,47.42,196.35,0,5.65,13.53
200,176,47.42,196.35,1,38.01,1.09
200,176,47.42,196.35,2,25.56,11.16
200,176,47.42,196.35,3,38.14,18.39
200,176,47.42,196.35,4,2.14,31.97
200,177,207.91,280.83,0,5.65,13.53
200,177,207.91,280.83,1,38.01,1.09
200,177,207.91,280.83,2,25.56,11.16
200,177,207.91,280.83,3,38.14,18.39
200,177,207.91,280.83,4,2.14,31.97
200,178,218.02,98.63,0,5.65,13.53
200,178,218.02,98.63,1,38.01,1.09
200,178,218.02,98.63,2,25.56,11.16
200,178,218.02,98.63,3,38.14,18.39
200,178,218.02,98.63,4,2.14,31.97
200,179,41.39,322.84,0,5.65,13.53
200,179,41.39,322.84,1,38.01,1.09
200,179,41.39,322.84,2,25.56,11.16
200,179,41.39,322.84,3,38.14,18.39
200,179,41.39,322.84,4,2.14,31.97
200,180,193.54,159.25,0,5.65,13.53
200,180,193.54,159.25,1,38.01,1.09
200,180,193.54,159.25,2,25.56,11.16
200,180,193.54,159.25,3,38.14,18.39
200,180,193.54,159.25,4,2.14,31.97
200,181,15.49,136.57,0,5.65,13.53
200,181,15.49,136.57,1,38.01,1.09
200,181,15.49,136.57,2,25.56,11.16
200,181,15.49,136.57,3,38.14,18.39
200,181,15.49,136.57,4,2.14,31.97
200,182,23.33,359.17,0,5.65,13.53
200,182,23.33,359.17,1,38.01,1.09
200,182,23.33,359.17,2,25.56,11.16
200,182,23.33,359.17,3,38.14,18.39
200,182,23.33,359.17,4,2.14,31.97
200,183,59.18,135.46,0,5.65,13.53
200,183,59.18,135.46,1,38.01,1.09
200,183,59.18,135.46,2,25.56,11.16
200,183,59.18,135.46,3,38.14,18.39
200,183,59.18,135.46,4,2.14,31.97
200,184,36.59,114.69,0,5.65,13.53
200,184,36.59,114.69,1,38.01,1.09
200,184,36.59,114.69,2,25.56,11.16
200,184,36.59,114.69,3,38.14,18.39
200,184,36.59,114.69,4,2.14,31.97
200,185,77.73,296.23,0,5.65,13.53
200,185,77.73,296.23,1,38.01,1.09
200,185,77.73,296.23,2,25.56,11.16
200,185,77.73,296.23,3,38.14,18.39
200,185,77.73,296.23,4,2.14,31.97
200,186,220.12,107.80,0,5.65,13.53
200,186,220.12,107.80,1,38.01,1.09
200,186,220.12,107.80,2,25.56,11.16
200,186,220.12,107.80,3,38.14,18.39
200,186,220.12,107.80,4,2.14,31.97
200,187,140.13,321.94,0,5.65,13.53
200,187,140.13,321.94,1,38.01,1.09
200,187,140.13,321.94,2,25.56,11.16
200,187,140.13,321.94,3,38.14,18.39
200,187,140.13,321.94,4,2.14,31.97
200,188,248.05,128.35,0,5.65,13.53
200,188,248.05,128.35,1,38.01,1.09
200,188,248.05,128.35,2,25.56,11.16
200,188,248.05,128.35,3,38.14,18.39
200,188,248.05,128.35,4,2.14,31.97
200,189,40.50,281.15,0,5.65,13.53
200,189,40.50,281.15,1,38.01,1.09
200,189,40.50,281.15,2,25.56,11.16
200,189,40.50,281.15,3,38.14,18.39
200,189,40.50,281.15,4,2.14,31.97
200,190,47.66,55.28,0,5.65,13.53
200,190,47.66,55.28,1,38.01,1.09
200,190,47.66,55.28,2,25.56,11.16
200,190,47.66,55.28,3,38.14,18.39
200,190,47.66,55.28,4,2.14,31.97
200,191,56.67,344.22,0,5.65,13.53
200,191,56.67,344.22,1,38.01,1.09
200,191,56.67,344.22,2,25.56,11.16
200,191,56.67,344.22,3,38.14,18.39
200,191,56.67,344.22,4,2.14,31.97
200,192,238.65,79.65,0,5.65,13.53
200,192,238.65,79.65,1,38.01,1.09
200,192,238.65,79.65,2,25.56,11.16
200,192,238.65,79.65,3,38.14,18.39
200,192,238.65,79.65,4,2.14,31.97
200,193,340.60,108.09,0,5.65,13.53
200,193,340.60,108.09,1,38.01,1.09
200,193,340.60,108.09,2,25.56,11.16
200,193,340.60,108.09,3,38.14,18.39
200,193,340.60,108.09,4,2.14,31.97
200,194,34.29,138.34,0,5.65,13.53
200,194,34.29,138.34,1,38.01,1.09
200,194,34.29,138.34,2,25.56,11.16
200,194,34.29,138.34,3,38.14,18.39
200,194,34.29,138.34,4,2.14,31.97
200,195,102.84,349.10,0,5.65,13.53
200,195,102.84,349.10,1,38.01,1.09
200,195,102.84,349.10,2,25.56,11.16
200,195,102.84,349.10,3,38.14,18.39
200,195,102.84,349.10,4,2.14,31.97
200,196,41.62,119.28,0,5.65,13.53
200,196,41.62,119.28,1,38.01,1.09
200,196,41.62,119.28,2,25.56,11.16
200,196,41.62,119.28,3,38.14,18.39
200,196,41.62,119.28,4,2.14,31.97
200,197,374.48,196.74,0,5.65,13.53
200,197,374.48,196.74,1,38.01,1.09
200,197,374.48,196.74,2,25.56,11.16
200,197,374.48,196.74,3,38.14,18.39
200,197,374.48,196.74,4,2.14,31.97
200,198,340.69,166.66,0,5.65,13.53
200,198,340.69,166.66,1,38.01,1.09
200,198,340.69,166.66,2,25.56,11.16
200,198,340.69,166.66,3,38.14,18.39
200,198,340.69,166.66,4,2.14,31.97
200,199,26.55,160.76,0,5.65,13.53
200,199,26.55,160.76,1,38.01,1.09
200,199,26.55,160.76,2,25.56,11.16
200,199,26.55,160.76,3,38.14,18.39
200,199,26.55,160.76,4,2.14,31.97
200,200,13.39,78.91,0,5.65,13.53
200,200,13.39,78.91,1,38.01,1.09
200,200,13.39,78.91,2,25.56,11.16
200,200,13.39,78.91,3,38.14,18.39
200,200,13.39,78.91,4,2.14,31.97
200,201,367.80,154.39,0,5.65,13.53
200,201,367.80,154.39,1,38.01,1.09
200,201,367.80,154.39,2,25.56,11.16
200,201,367.80,154.39,3,38.14,18.39
200,201,367.80,154.39,4,2.14,31.97
200,203,348.02,213.18,0,5.65,13.53
200,203,348.02,213.18,1,38.01,1.09
200,203,348.02,213.18,2,25.56,11.16
200,203,348.02,213.18,3,38.14,18.39
200,203,348.02,213.18,4,2.14,31.97
200,204,31.80,331.21,0,5.65,13.53
200,204,31.80,331.21,1,38.01,1.09
200,204,31.80,331.21,2,25.56,11.16
200,204,31.80,331.21,3,38.14,18.39
200,204,31.80,331.21,4,2.14,31.97
200,205,56.33,130.17,0,5.65,13.53
200,205,56.33,130.17,1,38.01,1.09
200,205,56.33,130.17,2,25.56,11.16
200,205,56.33,130.17,3,38.14,18.39
200,205,56.33,130.17,4,2.14,31.97
200,206,232.12,114.65,0,5.65,13.53
200,206,232.12,114.65,1,38.01,1.09
200,206,232.12,114.65,2,25.56,11.16
200,206,232.12,114.65,3,38.14,18.39
200,206,232.12,114.65,4,2.14,31.97
200,207,16.91,286.90,0,5.65,13.53
200,207,16.91,286.90,1,38.01,1.09
200,207,16.91,286.90,2,25.56,11.16
200,207,16.91,286.90,3,38.14,18.39
200,207,16.91,286.90,4,2.14,31.97
200,208,46.48,360.69,0,5.65,13.53
200,208,46.48,360.69,1,38.01,1.09
200,208,46.48,360.69,2,25.56,11.16
200,208,46.48,360.69,3,38.14,18.39
200,208,46.48,360.69,4,2.14,31.97
200,209,368.57,181.73,0,5.65,13.53
200,209,368.57,181.73,1,38.01,1.09
200,209,368.57,181.73,2,25.56,11.16
200,209,368.57,181.73,3,38.14,18.39
200,209,368.57,181.73,4,2.14,31.97
200,210,248.73,110.88,0,5.65,13.53
200,210,248.73,110.88,1,38.01,1.09
200,210,248.73,110.88,2,25.56,11.16
200,210,248.73,110.88,3,38.14,18.39
200,210,248.73,110.88,4,2.14,31.97
200,211,136.56,379.12,0,5.65,13.53
200,211,136.56,379.12,1,38.01,1.09
200,211,136.56,379.12,2,25.56,11.16
200,211,136.56,379.12,3,38.14,18.39
200,211,136.56,379.12,4,2.14,31.97
200,212,383.57,275.38,0,5.65,13.53
200,212,383.57,275.38,1,38.01,1.09
200,212,383.57,275.38,2,25.56,11.16
200,212,383.57,275.38,3,38.14,18.39
200,212,383.57,275.38,4,2.14,31.97
200,213,375.55,270.33,0,5.65,13.53
200,213,375.55,270.33,1,38.01,1.09
200,213,375.55,270.33,2,25.56,11.16
200,213,375.55,270.33,3,38.14,18.39
200,213,375.55,270.33,4,2.14,31.97
200,214,240.82,100.68,0,5.65,13.53
200,214,240.82,100.68,1,38.01,1.09
200,214,240.82,100.68,2,25.56,11.16
200,214,240.82,100.68,3,38.14,18.39
200,214,240.82,100.68,4,2.14,31.97
200,215,260.06,374.53,0,5.65,13.53
200,215,260.06,374.53,1,38.01,1.09
200,215,260.06,374.53,2,25.56,11.16
200,215,260.06,374.53,3,38.14,18.39
200,215,260.06,374.53,4,2.14,31.97
200,216,249.80,389.87,0,5.65,13.53
200,216,249.80,389.87,1,38.01,1.09
200,216,249.80,389.87,2,25.56,11.16
200,216,249.80,389.87,3,38.14,18.39
200,216,249.80,389.87,4,2.14,31.97
200,217,371.23,7.11,0,5.65,13.53
200,217,371.23,7.11,1,38.01,1.09
200,217,371.23,7.11,2,25.56,11.16
200,217,371.23,7.11,3,38.14,18.39
200,217,371.23,7.11,4,2.14,31.97
200,218,282.23,388.62,0,5.65,13.53
200,218,282.23,388.62,1,38.01,1.09
200,218,282.23,388.62,2,25.56,11.16
200,218,282.23,388.62,3,38.14,18.39
200,218,282.23,388.62,4,2.14,31.97
200,219,21.79,102.65,0,5.65,13.53
200,219,21.79,102.65,1,38.01,1.09
200,219,21.79,102.65,2,25.56,11.16
200,219,21.79,102.65,3,38.14,18.39
200,219,21.79,102.65,4,2.14,31.97
200,220,375.10,7.95,0,5.65,13.53
200,220,375.10,7.95,1,38.01,1.09
200,220,375.10,7.95,2,25.56,11.16
200,220,375.10,7.95,3,38.14,18.39
200,220,375.10,7.95,4,2.14,31.97
200,221,326.35,231.15,0,5.65,13.53
200,221,326.35,231.15,1,38.01,1.09
200,221,326.35,231.15,2,25.56,11.16
200,221,326.35,231.15,3,38.14,18.39
200,221,326.35,231.15,4,2.14,31.97
200,222,26.29,343.60,0,5.65,13.53
200,222,26.29,343.60,1,38.01,1.09
200,222,26.29,343.60,2,25.56,11.16
200,222,26.29,343.60,3,38.14,18.39
200,222,26.29,343.60,4,2.14,31.97
200,223,342.36,189.08,0,5.65,13.53
200,223,342.36,189.08,1,38.01,1.09
200,223,342.36,189.08,2,25.56,11.16
200,223,342.36,189.08,3,38.14,18.39
200,223,342.36,189.08,4,2.14,31.97
200,224,380.30,12.95,0,5.65,13.53
200,224,380.30,12.95,1,38.01,1.09
200,224,380.30,12.95,2,25.56,11.16
200,224,380.30,12.95,3,38.14,18.39
200,224,380.30,12.95,4,2.14,31.97
200,225,365.94,203.89,0,5.65,13.53
200,225,365.94,203.89,1,38.01,1.09
200,225,365.94,203.89,2,25.56,11.16
200,225,365.94,203.89,3,38.14,18.39
200,225,365.94,203.89,4,2.14,31.97
200,226,293.45,172.97,0,5.65,13.53
200,226,293.45,172.97,1,38.01,1.09
200,226,293.45,172.97,2,25.56,11.16
200,226,293.45,172.97,3,38.14,18.39
200,226,293.45,172.97,4,2.14,31.97
200,227,99.76,332.33,0,5.65,13.53
200,227,99.76,332.33,1,38.01,1.09
200,227,99.76,332.33,2,25.56,11.16
200,227,99.76,332.33,3,38.14,18.39
200,227,99.76,332.33,4,2.14,31.97
200,228,241.75,62.31,0,5.65,13.53
200,228,241.75,62.31,1,38.01,1.09
200,228,241.75,62.31,2,25.56,11.16
200,228,241.75,62.31,3,38.14,18.39
200,228,241.75,62.31,4,2.14,31.97
200,229,169.65,119.27,0,5.65,13.53
200,229,169.65,119.27,1,38.01,1.09
200,229,169.65,119.27,2,25.56,11.16
200,229,169.65,119.27,3,38.14,18.39
200,229,169.65,119.27,4,2.14,31.97
200,230,172.42,36.52,0,5.65,13.53
200,230,172.42,36.52,1,38.01,1.09
200,230,172.42,36.52,2,25.56,11.16
200,230,172.42,36.52,3,38.14,18.39
200,230,172.42,36.52,4,2.14,31.97
200,231,290.14,342.41,0,5.65,13.53
200,231,290.14,342.41,1,38.01,1.09
200,231,290.14,342.41,2,25.56,11.16
200,231,290.14,342.41,3,38.14,18.39
200,231,290.14,342.41,4,2.14,31.97
200,232,343.74,27.60,0,5.65,13.53
200,232,343.74,27.60,1,38.01,1.09
200,232,343.74,27.60,2,25.56,11.16
200,232,343.74,27.60,3,38.14,18.39
200,232,343.74,27.60,4,2.14,31.97
200,233,368.16,251.40,0,5.65,13.53
200,233,368.16,251.40,1,38.01,1.09
200,233,368.16,251.40,2,25.56,11.16
200,233,368.16,251.40,3,38.14,18.39
200,233,368.16,251.40,4,2.14,31.97
200,236,244.88,108.33,0,5.65,13.53
200,236,244.88,108.33,1,38.01,1.09
200,236,244.88,108.33,2,25.56,11.16
200,236,244.88,108.33,3,38.14,18.39
200,236,244.88,108.33,4,2.14,31.97
200,237,181.00,159.15,0,5.65,13.53
200,237,181.00,159.15,1,38.01,1.09
200,237,181.00,159.15,2,25.56,11.16
200,237,181.00,159.15,3,38.14,18.39
200,237,181.00,159.15,4,2.14,31.97
200,238,26.03,293.61,0,5.65,13.53
200,238,26.03,293.61,1,38.01,1.09
200,238,26.03,293.61,2,25.56,11.16
200,238,26.03,293.61,3,38.14,18.39
200,238,26.03,293.61,4,2.14,31.97
200,239,197.33,126.38,0,5.65,13.53
200,239,197.33,126.38,1,38.01,1.09
200,239,197.33,126.38,2,25.56,11.16
200,239,197.33,126.38,3,38.14,18.39
200,239,197.33,126.38,4,2.14,31.97
200,240,145.81,228.12,0,5.65,13.53
200,240,145.81,228.12,1,38.01,1.09
200,240,145.81,228.12,2,25.56,11.16
200,240,145.81,228.12,3,38.14,18.39
200,240,145.81,228.12,4,2.14,31.97
200,241,377.96,197.51,0,5.65,13.53
200,241,377.96,197.51,1,38.01,1.09
200,241,377.96,197.51,2,25.56,11.16
200,241,377.96,197.51,3,38.14,18.39
200,241,377.96,197.51,4,2.14,31.97
200,242,205.22,226.77,0,5.65,13.53
200,242,205.22,226.77,1,38.01,1.09
200,242,205.22,226.77,2,25.56,11.16
200,242,205.22,226.77,3,38.14,18.39
200,242,205.22,226.77,4,2.14,31.97
200,243,33.28,282.51,0,5.65,13.53
200,243,33.28,282.51,1,38.01,1.09
200,243,33.28,282.51,2,25.56,11.16
200,243,33.28,282.51,3,38.14,18.39
200,243,33.28,282.51,4,2.14,31.97
200,244,189.38,320.12,0,5.65,13.53
200,244,189.38,320.12,1,38.01,1.09
200,244,189.38,320.12,2,25.56,11.16
200,244,189.38,320.12,3,38.14,18.39
200,244,189.38,320.12,4,2.14,31.97
200,245,205.81,156.17,0,5.65,13.53
200,245,205.81,156.17,1,38.01,1.09
200,245,205.81,156.17,2,25.56,11.16
200,245,205.81,156.17,3,38.14,18.39
200,245,205.81,156.17,4,2.14,31.97
200,246,332.26,234.82,0,5.65,13.53
200,246,332.26,234.82,1,38.01,1.09
200,246,332.26,234.82,2,25.56,11.16
200,246,332.26,234.82,3,38.14,18.39
200,246,332.26,234.82,4,2.14,31.97
200,247,74.66,110.35,0,5.65,13.53
200,247,74.66,110.35,1,38.01,1.09
200,247,74.66,110.35,2,25.56,11.16
200,247,74.66,110.35,3,38.14,18.39
200,247,74.66,110.35,4,2.14,31.97
200,248,392.14,312.70,0,5.65,13.53
200,248,392.14,312.70,1,38.01,1.09
200,248,392.14,312.70,2,25.56,11.16
200,248,392.14,312.70,3,38.14,18.39
200,248,392.14,312.70,4,2.14,31.97
200,249,360.20,394.77,0,5.65,13.53
200,249,360.20,394.77,1,38.01,1.09
200,249,360.20,394.77,2,25.56,11.16
200,249,360.20,394.77,3,38.14,18.39
200,249,360.20,394.77,4,2.14,31.97
200,250,228.60,301.99,0,5.65,13.53
200,250,228.60,301.99,1,38.01,1.09
200,250,228.60,301.99,2,25.56,11.16
200,250,228.60,301.99,3,38.14,18.39
200,250,228.60,301.99,4,2.14,31.97
200,251,83.32,304.56,0,5.65,13.53
200,251,83.32,304.56,1,38.01,1.09
200,251,83.32,304.56,2,25.56,11.16
200,251,83.32,304.56,3,38.14,18.39
200,251,83.32,304.56,4,2.14,31.97
200,252,5.98,86.14,0,5.65,13.53
200,252,5.98,86.14,1,38.01,1.09
200,252,5.98,86.14,2,25.56,11.16
200,252,5.98,86.14,3,38.14,18.39
200,252,5.98,86.14,4,2.14,31.97
200,253,328.25,188.99,0,5.65,13.53
200,253,328.25,188.99,1,38.01,1.09
200,253,328.25,188.99,2,25.56,11.16
200,253,328.25,188.99,3,38.14,18.39
200,253,328.25,188.99,4,2.14,31.97
200,254,354.56,143.65,0,5.65,13.53
200,254,354.56,143.65,1,38.01,1.09
200,254,354.56,143.65,2,25.56,11.16
200,254,354.56,143.65,3,38.14,18.39
200,254,354.56,143.65,4,2.14,31.97
200,255,24.88,314.91,0,5.65,13.53
200,255,24.88,314.91,1,38.01,1.09
200,255,24.88,314.91,2,25.56,11.16
200,255,24.88,314.91,3,38.14,18.39
200,255,24.88,314.91,4,2.14,31.97
200,256,54.00,99.93,0,5.65,13.53
200,256,54.00,99.93,1,38.01,1.09
200,256,54.00,99.93,2,25.56,11.16
200,256,54.00,99.93,3,38.14,18.39
200,256,54.00,99.93,4,2.14,31.97
200,257,361.45,178.03,0,5.65,13.53
200,257,361.45,178.03,1,38.01,1.09
200,257,361.45,178.03,2,25.56,11.16
200,257,361.45,178.03,3,38.14,18.39
200,257,361.45,178.03,4,2.14,31.97
200,258,365.21,41.62,0,5.65,13.53
200,258,365.21,41.62,1,38.01,1.09
200,258,365.21,41.62,2,25.56,11.16
200,258,365.21,41.62,3,38.14,18.39
200,258,365.21,41.62,4,2.14,31.97
200,259,66.93,99.63,0,5.65,13.53
200,259,66.93,99.63,1,38.01,1.09
200,259,66.93,99.63,2,25.56,11.16
200,259,66.93,99.63,3,38.14,18.39
200,259,66.93,99.63,4,2.14,31.97
200,260,304.98,378.50,0,5.65,13.53
200,260,304.98,378.50,1,38.01,1.09
200,260,304.98,378.50,2,25.56,11.16
200,260,304.98,378.50,3,38.14,18.39
200,260,304.98,378.50,4,2.14,31.97
200,261,61.69,369.40,0,5.65,13.53
200,261,61.69,369.40,1,38.01,1.09
200,261,61.69,369.40,2,25.56,11.16
200,261,61.69,369.40,3,38.14,18.39
200,261,61.69,369.40,4,2.14,31.97
200,262,170.02,94.51,0,5.65,13.53
200,262,170.02,94.51,1,38.01,1.09
200,262,170.02,94.51,2,25.56,11.16
200,262,170.02,94.51,3,38.14,18.39
200,262,170.02,94.51,4,2.14,31.97
200,263,170.42,72.87,0,5.65,13.53
200,263,170.42,72.87,1,38.01,1.09
200,263,170.42,72.87,2,25.56,11.16
200,263,170.42,72.87,3,38.14,18.39
200,263,170.42,72.87,4,2.14,31.97
200,264,37.66,142.84,0,5.65,13.53
200,264,37.66,142.84,1,38.01,1.09
200,264,37.66,142.84,2,25.56,11.16
200,264,37.66,142.84,3,38.14,18.39
200,264,37.66,142.84,4,2.14,31.97
200,265,221.73,316.30,0,5.65,13.53
200,265,221.73,316.30,1,38.01,1.09
200,265,221.73,316.30,2,25.56,11.16
200,265,221.73,316.30,3,38.14,18.39
200,265,221.73,316.30,4,2.14,31.97
200,266,115.46,300.40,0,5.65,13.53
200,266,115.46,300.40,1,38.01,1.09
200,266,115.46,300.40,2,25.56,11.16
200,266,115.46,300.40,3,38.14,18.39
200,266,115.46,300.40,4,2.14,31.97
200,267,177.24,61.46,0,5.65,13.53
200,267,177.24,61.46,1,38.01,1.09
200,267,177.24,61.46,2,25.56,11.16
200,267,177.24,61.46,3,38.14,18.39
200,267,177.24,61.46,4,2.14,31.97
200,268,200.75,104.88,0,5.65,13.53
200,268,200.75,104.88,1,38.01,1.09
200,268,200.75,104.88,2,25.56,11.16
200,268,200.75,104.88,3,38.14,18.39
200,268,200.75,104.88,4,2.14,31.97
200,269,13.39,143.37,0,5.65,13.53
200,269,13.39,143.37,1,38.01,1.09
200,269,13.39,143.37,2,25.56,11.16
200,269,13.39,143.37,3,38.14,18.39
200,269,13.39,143.37,4,2.14,31.97
200,270,56.98,298.99,0,5.65,13.53
200,270,56.98,298.99,1,38.01,1.09
200,270,56.98,298.99,2,25.56,11.16
200,270,56.98,298.99,3,38.14,18.39
200,270,56.98,298.99,4,2.14,31.97
200,271,32.80,122.11,0,5.65,13.53
200,271,32.80,122.11,1,38.01,1.09
200,271,32.80,122.11,2,25.56,11.16
200,271,32.80,122.11,3,38.14,18.39
200,271,32.80,122.11,4,2.14,31.97
200,272,51.21,311.91,0,5.65,13.53
200,272,51.21,311.91,1,38.01,1.09
200,272,51.21,311.91,2,25.56,11.16
200,272,51.21,311.91,3,38.14,18.39
200,272,51.21,311.91,4,2.14,31.97
200,273,22.15,268.86,0,5.65,13.53
200,273,22.15,268.86,1,38.01,1.09
200,273,22.15,268.86,2,25.56,11.16
200,273,22.15,268.86,3,38.14,18.39
200,273,22.15,268.86,4,2.14,31.97
200,274,98.55,4.28,0,5.65,13.53
200,274,98.55,4.28,1,38.01,1.09
200,274,98.55,4.28,2,25.56,11.16
200,274,98.55,4.28,3,38.14,18.39
200,274,98.55,4.28,4,2.14,31.97
200,275,313.69,218.80,0,5.65,13.53
200,275,313.69,218.80,1,38.01,1.09
200,275,313.69,218.80,2,25.56,11.16
200,275,313.69,218.80,3,38.14,18.39
200,275,313.69,218.80,4,2.14,31.97
200,276,309.90,230.85,0,5.65,13.53
200,276,309.90,230.85,1,38.01,1.09
200,276,309.90,230.85,2,25.56,11.16
200,276,309.90,230.85,3,38.14,18.39
200,276,309.90,230.85,4,2.14,31.97
200,277,287.48,190.51,0,5.65,13.53
200,277,287.48,190.51,1,38.01,1.09
200,277,287.48,190.51,2,25.56,11.16
200,277,287.48,190.51,3,38.14,18.39
200,277,287.48,190.51,4,2.14,31.97
200,278,75.19,386.15,0,5.65,13.53
200,278,75.19,386.15,1,38.01,1.09
200,278,75.19,386.15,2,25.56,11.16
200,278,75.19,386.15,3,38.14,18.39
200,278,75.19,386.15,4,2.14,31.97
200,279,238.59,393.27,0,5.65,13.53
200,279,238.59,393.27,1,38.01,1.09
200,279,238.59,393.27,2,25.56,11.16
200,279,238.59,393.27,3,38.14,18.39
200,279,238.59,393.27,4,2.14,31.97
200,281,214.53,60.92,0,5.65,13.53
200,281,214.53,60.92,1,38.01,1.09
200,281,214.53,60.92,2,25.56,11.16
200,281,214.53,60.92,3,38.14,18.39
200,281,214.53,60.92,4,2.14,31.97
200,282,347.63,178.30,0,5.65,13.53
200,282,347.63,178.30,1,38.01,1.09
200,282,347.63,178.30,2,25.56,11.16
200,282,347.63,178.30,3,38.14,18.39
200,282,347.63,178.30,4,2.14,31.97
200,283,330.83,164.81,0,5.65,13.53
200,283,330.83,164.81,1,38.01,1.09
200,283,330.83,164.81,2,25.56,11.16
200,283,330.83,164.81,3,38.14,18.39
200,283,330.83,164.81,4,2.14,31.97
200,284,219.23,99.95,0,5.65,13.53
200,284,219.23,99.95,1,38.01,1.09
200,284,219.23,99.95,2,25.56,11.16
200,284,219.23,99.95,3,38.14,18.39
200,284,219.23,99.95,4,2.14,31.97
200,285,221.39,343.68,0,5.65,13.53
200,285,221.39,343.68,1,38.01,1.09
200,285,221.39,343.68,2,25.56,11.16
200,285,221.39,343.68,3,38.14,18.39
200,285,221.39,343.68,4,2.14,31.97
200,286,251.43,334.50,0,5.65,13.53
200,286,251.43,334.50,1,38.01,1.09
200,286,251.43,334.50,2,25.56,11.16
200,286,251.43,334.50,3,38.14,18.39
200,286,251.43,334.50,4,2.14,31.97
200,288,114.91,7.43,0,5.65,13.53
200,288,114.91,7.43,1,38.01,1.09
200,288,114.91,7.43,2,25.56,11.16
200,288,114.91,7.43,3,38.14,18.39
200,288,114.91,7.43,4,2.14,31.97
200,289,57.50,323.63,0,5.65,13.53
200,289,57.50,323.63,1,38.01,1.09
200,289,57.50,323.63,2,25.56,11.16
200,289,57.50,323.63,3,38.14,18.39
200,289,57.50,323.63,4,2.14,31.97
200,290,303.03,258.43,0,5.65,13.53
200,290,303.03,258.43,1,38.01,1.09
200,290,303.03,258.43,2,25.56,11.16
200,290,303.03,258.43,3,38.14,18.39
200,290,303.03,258.43,4,2.14,31.97
200,291,60.14,44.81,0,5.65,13.53
200,291,60.14,44.81,1,38.01,1.09
200,291,60.14,44.81,2,25.56,11.16
200,291,60.14,44.81,3,38.14,18.39
200,291,60.14,44.81,4,2.14,31.97
200,292,268.17,298.64,0,5.65,13.53
200,292,268.17,298.64,1,38.01,1.09
200,292,268.17,298.64,2,25.56,11.16
200,292,268.17,298.64,3,38.14,18.39
200,292,268.17,298.64,4,2.14,31.97
200,293,223.63,116.06,0,5.65,13.53
200,293,223.63,116.06,1,38.01,1.09
200,293,223.63,116.06,2,25.56,11.16
200,293,223.63,116.06,3,38.14,18.39
200,293,223.63,116.06,4,2.14,31.97
200,294,89.00,351.80,0,5.65,13.53
200,294,89.00,351.80,1,38.01,1.09
200,294,89.00,351.80,2,25.56,11.16
200,294,89.00,351.80,3,38.14,18.39
200,294,89.00,351.80,4,2.14,31.97
200,296,351.37,24.06,0,5.65,13.53
200,296,351.37,24.06,1,38.01,1.09
200,296,351.37,24.06,2,25.56,11.16
200,296,351.37,24.06,3,38.14,18.39
200,296,351.37,24.06,4,2.14,31.97
200,297,371.68,142.79,0,5.65,13.53
200,297,371.68,142.79,1,38.01,1.09
200,297,371.68,142.79,2,25.56,11.16
200,297,371.68,142.79,3,38.14,18.39
200,297,371.68,142.79,4,2.14,31.97
200,298,354.31,30.79,0,5.65,13.53
200,298,354.31,30.79,1,38.01,1.09
200,298,354.31,30.79,2,25.56,11.16
200,298,354.31,30.79,3,38.14,18.39
200,298,354.31,30.79,4,2.14,31.97
200,299,48.82,132.88,0,5.65,13.53
200,299,48.82,132.88,1,38.01,1.09
200,299,48.82,132.88,2,25.56,11.16
200,299,48.82,132.88,3,38.14,18.39
200,299,48.82,132.88,4,2.14,31.97
200,300,205.97,338.65,0,5.65,13.53
200,300,205.97,338.65,1,38.01,1.09
200,300,205.97,338.65,2,25.56,11.16
200,300,205.97,338.65,3,38.14,18.39
200,300,205.97,338.65,4,2.14,31.97
210,2,45.89,96.25,0,6.28,13.17
210,2,45.89,96.25,1,38.19,1.88
210,2,45.89,96.25,2,26.09,10.92
210,2,45.89,96.25,3,39.24,18.10
210,2,45.89,96.25,4,2.77,31.84
210,3,183.21,264.54,0,6.28,13.17
210,3,183.21,264.54,1,38.19,1.88
210,3,183.21,264.54,2,26.09,10.92
210,3,183.21,264.54,3,39.24,18.10
210,3,183.21,264.54,4,2.77,31.84
210,4,247.40,109.80,0,6.28,13.17
210,4,247.40,109.80,1,38.19,1.88
210,4,247.40,109.80,2,26.09,10.92
210,4,247.40,109.80,3,39.24,18.10
210,4,247.40,109.80,4,2.77,31.84
210,5,22.31,330.53,0,6.28,13.17
210,5,22.31,330.53,1,38.19,1.88
210,5,22.31,330.53,2,26.09,10.92
210,5,22.31,330.53,3,39.24,18.10
210,5,22.31,330.53,4,2.77,31.84
210,6,67.81,295.64,0,6.28,13.17
210,6,67.81,295.64,1,38.19,1.88
210,6,67.81,295.64,2,26.09,10.92
210,6,67.81,295.64,3,39.24,18.10
210,6,67.81,295.64,4,2.77,31.84
210,7,62.98,122.45,0,6.28,13.17
210,7,62.98,122.45,1,38.19,1.88
210,7,62.98,122.45,2,26.09,10.92
210,7,62.98,122.45,3,39.24,18.10
210,7,62.98,122.45,4,2.77,31.84
210,8,126.31,374.75,0,6.28,13.17
210,8,126.31,374.75,1,38.19,1.88
210,8,126.31,374.75,2,26.09,10.92
210,8,126.31,374.75,3,39.24,18.10
210,8,126.31,374.75,4,2.77,31.84
210,9,281.20,200.25,0,6.28,13.17
210,9,281.20,200.25,1,38.19,1.88
210,9,281.20,200.25,2,26.09,10.92
210,9,281.20,200.25,3,39.24,18.10
210,9,281.20,200.25,4,2.77,31.84
210,10,379.91,175.70,0,6.28,13.17
210,10,379.91,175.70,1,38.19,1.88
210,10,379.91,175.70,2,26.09,10.92
210,10,379.91,175.70,3,39.24,18.10
210,10,379.91,175.70,4,2.77,31.84
210,11,177.14,112.29,0,6.28,13.17
210,11,177.14,112.29,1,38.19,1.88
210,11,177.14,112.29,2,26.09,10.92
210,11,177.14,112.29,3,39.24,18.10
210,11,177.14,112.29,4,2.77,31.84
210,12,233.49,94.02,0,6.28,13.17
210,12,233.49,94.02,1,38.19,1.88
210,12,233.49,94.02,2,26.09,10.92
210,12,233.49,94.02,3,39.24,18.10
210,12,233.49,94.02,4,2.77,31.84
210,13,166.41,88.28,0,6.28,13.17
210,13,166.41,88.28,1,38.19,1.88
210,13,166.41,88.28,2,26.09,10.92
210,13,166.41,88.28,3,39.24,18.10
210,13,166.41,88.28,4,2.77,31.84
210,14,12.54,358.77,0,6.28,13.17
210,14,12.54,358.77,1,38.19,1.88
210,14,12.54,358.77,2,26.09,10.92
210,14,12.54,358.77,3,39.24,18.10
210,14,12.54,358.77,4,2.77,31.84
210,15,11.30,334.30,0,6.28,13.17
210,15,11.30,334.30,1,38.19,1.88
210,15,11.30,334.30,2,26.09,10.92
210,15,11.30,334.30,3,39.24,18.10
210,15,11.30,334.30,4,2.77,31.84
210,16,335.14,268.32,0,6.28,13.17
210,16,335.14,268.32,1,38.19,1.88
210,16,335.14,268.32,2,26.09,10.92
210,16,335.14,268.32,3,39.24,18.10
210,16,335.14,268.32,4,2.77,31.84
210,17,381.10,183.35,0,6.28,13.17
210,17,381.10,183.35,1,38.19,1.88
210,17,381.10,183.35,2,26.09,10.92
210,17,381.10,183.35,3,39.24,18.10
210,17,381.10,183.35,4,2.77,31.84
210,18,180.93,349.43,0,6.28,13.17
210,18,180.93,349.43,1,38.19,1.88
210,18,180.93,349.43,2,26.09,10.92
210,18,180.93,349.43,3,39.24,18.10
210,18,180.93,349.43,4,2.77,31.84
210,19,56.60,331.59,0,6.28,13.17
210,19,56.60,331.59,1,38.19,1.88
210,19,56.60,331.59,2,26.09,10.92
210,19,56.60,331.59,3,39.24,18.10
210,19,56.60,331.59,4,2.77,31.84
210,20,217.91,388.85,0,6.28,13.17
210,20,217.91,388.85,1,38.19,1.88
210,20,217.91,388.85,2,26.09,10.92
210,20,217.91,388.85,3,39.24,18.10
210,20,217.91,388.85,4,2.77,31.84
210,21,380.66,145.89,0,6.28,13.17
210,21,380.66,145.89,1,38.19,1.88
210,21,380.66,145.89,2,26.09,10.92
210,21,380.66,145.89,3,39.24,18.10
210,21,380.66,145.89,4,2.77,31.84
210,22,286.88,368.41,0,6.28,13.17
210,22,286.88,368.41,1,38.19,1.88
210,22,286.88,368.41,2,26.09,10.92
210,22,286.88,368.41,3,39.24,18.10
210,22,286.88,368.41,4,2.77,31.84
210,23,359.38,242.32,0,6.28,13.17
210,23,359.38,242.32,1,38.19,1.88
210,23,359.38,242.32,2,26.09,10.92
210,23,359.38,242.32,3,39.24,18.10
210,23,359.38,242.32,4,2.77,31.84
210,24,161.14,72.77,0,6.28,13.17
210,24,161.14,72.77,1,38.19,1.88
210,24,161.14,72.77,2,26.09,10.92
210,24,161.14,72.77,3,39.24,18.10
210,24,161.14,72.77,4,2.77,31.84
210,25,56.86,350.04,0,6.28,13.17
210,25,56.86,350.04,1,38.19,1.88
210,25,56.86,350.04,2,26.09,10.92
210,25,56.86,350.04,3,39.24,18.10
210,25,56.86,350.04,4,2.77,31.84
210,26,295.27,34.59,0,6.28,13.17
210,26,295.27,34.59,1,38.19,1.88
210,26,295.27,34.59,2,26.09,10.92
210,26,295.27,34.59,3,39.24,18.10
210,26,295.27,34.59,4,2.77,31.84
210,27,231.64,102.13,0,6.28,13.17
210,27,231.64,102.13,1,38.19,1.88
210,27,231.64,102.13,2,26.09,10.92
210,27,231.64,102.13,3,39.24,18.10
210,27,231.64,102.13,4,2.77,31.84
210,28,381.04,353.22,0,6.28,13.17
210,28,381.04,353.22,1,38.19,1.88
210,28,381.04,353.22,2,26.09,10.92
210,28,381.04,353.22,3,39.24,18.10
210,28,381.04,353.22,4,2.77,31.84
210,29,149.77,261.63,0,6.28,13.17
210,29,149.77,261.63,1,38.19,1.88
210,29,149.77,261.63,2,26.09,10.92
210,29,149.77,261.63,3,39.24,18.10
210,29,149.77,261.63,4,2.77,31.84
210,31,208.33,56.97,0,6.28,13.17
210,31,208.33,56.97,1,38.19,1.88
210,31,208.33,56.97,2,26.09,10.92
210,31,208.33,56.97,3,39.24,18.10
210,31,208.33,56.97,4,2.77,31.84
210,32,238.45,89.33,0,6.28,13.17
210,32,238.45,89.33,1,38.19,1.88
210,32,238.45,89.33,2,26.09,10.92
210,32,238.45,89.33,3,39.24,18.10
210,32,238.45,89.33,4,2.77,31.84
210,33,33.36,300.00,0,6.28,13.17
210,33,33.36,300.00,1,38.19,1.88
210,33,33.36,300.00,2,26.09,10.92
210,33,33.36,300.00,3,39.24,18.10
210,33,33.36,300.00,4,2.77,31.84
210,34,210.07,111.40,0,6.28,13.17
210,34,210.07,111.40,1,38.19,1.88
210,34,210.07,111.40,2,26.09,10.92
210,34,210.07,111.40,3,39.24,18.10
210,34,210.07,111.40,4,2.77,31.84
210,35,344.25,200.68,0,6.28,13.17
210,35,344.25,200.68,1,38.19,1.88
210,35,344.25,200.68,2,26.09,10.92
210,35,344.25,200.68,3,39.24,18.10
210,35,344.25,200.68,4,2.77,31.84
210,36,81.34,328.49,0,6.28,13.17
210,36,81.34,328.49,1,38.19,1.88
210,36,81.34,328.49,2,26.09,10.92
210,36,81.34,328.49,3,39.24,18.10
210,36,81.34,328.49,4,2.77,31.84
210,37,320.05,261.16,0,6.28,13.17
210,37,320.05,261.16,1,38.19,1.88
210,37,320.05,261.16,2,26.09,10.92
210,37,320.05,261.16,3,39.24,18.10
210,37,320.05,261.16,4,2.77,31.84
210,38,120.80,227.75,0,6.28,13.17
210,38,120.80,227.75,1,38.19,1.88
210,38,120.80,227.75,2,26.09,10.92
210,38,120.80,227.75,3,39.24,18.10
210,38,120.80,227.75,4,2.77,31.84
210,39,95.59,189.82,0,6.28,13.17
210,39,95.59,189.82,1,38.19,1.88
210,39,95.59,189.82,2,26.09,10.92
210,39,95.59,189.82,3,39.24,18.10
210,39,95.59,189.82,4,2.77,31.84
210,40,255.77,106.32,0,6.28,13.17
210,40,255.77,106.32,1,38.19,1.88
210,40,255.77,106.32,2,26.09,10.92
210,40,255.77,106.32,3,39.24,18.10
210,40,255.77,106.32,4,2.77,31.84
210,41,263.69,298.91,0,6.28,13.17
210,41,263.69,298.91,1,38.19,1.88
210,41,263.69,298.91,2,26.09,10.92
210,41,263.69,298.91,3,39.24,18.10
210,41,263.69,298.91,4,2.77,31.84
210,42,358.94,216.85,0,6.28,13.17
210,42,358.94,216.85,1,38.19,1.88
210,42,358.94,216.85,2,26.09,10.92
210,42,358.94,216.85,3,39.24,18.10
210,42,358.94,216.85,4,2.77,31.84
210,43,225.15,89.33,0,6.28,13.17
210,43,225.15,89.33,1,38.19,1.88
210,43,225.15,89.33,2,26.09,10.92
210,43,225.15,89.33,3,39.24,18.10
210,43,225.15,89.33,4,2.77,31.84
210,44,368.42,194.56,0,6.28,13.17
210,44,368.42,194.56,1,38.19,1.88
210,44,368.42,194.56,2,26.09,10.92
210,44,368.42,194.56,3,39.24,18.10
210,44,368.42,194.56,4,2.77,31.84
210,46,57.65,358.06,0,6.28,13.17
210,46,57.65,358.06,1,38.19,1.88
210,46,57.65,358.06,2,26.09,10.92
210,46,57.65,358.06,3,39.24,18.10
210,46,57.65,358.06,4,2.77,31.84
210,47,33.63,321.61,0,6.28,13.17
210,47,33.63,321.61,1,38.19,1.88
210,47,33.63,321.61,2,26.09,10.92
210,47,33.63,321.61,3,39.24,18.10
210,47,33.63,321.61,4,2.77,31.84
210,48,361.00,190.28,0,6.28,13.17
210,48,361.00,190.28,1,38.19,1.88
210,48,361.00,190.28,2,26.09,10.92
210,48,361.00,190.28,3,39.24,18.10
210,48,361.00,190.28,4,2.77,31.84
210,49,217.59,121.58,0,6.28,13.17
210,49,217.59,121.58,1,38.19,1.88
210,49,217.59,121.58,2,26.09,10.92
210,49,217.59,121.58,3,39.24,18.10
210,49,217.59,121.58,4,2.77,31.84
210,50,319.34,305.16,0,6.28,13.17
210,50,319.34,305.16,1,38.19,1.88
210,50,319.34,305.16,2,26.09,10.92
210,50,319.34,305.16,3,39.24,18.10
210,50,319.34,305.16,4,2.77,31.84
210,51,22.60,348.32,0,6.28,13.17
210,51,22.60,348.32,1,38.19,1.88
210,51,22.60,348.32,2,26.09,10.92
210,51,22.60,348.32,3,39.24,18.10
210,51,22.60,348.32,4,2.77,31.84
210,52,226.45,110.19,0,6.28,13.17
210,52,226.45,110.19,1,38.19,1.88
210,52,226.45,110.19,2,26.09,10.92
210,52,226.45,110.19,3,39.24,18.10
210,52,226.45,110.19,4,2.77,31.84
210,53,294.20,227.37,0,6.28,13.17
210,53,294.20,227.37,1,38.19,1.88
210,53,294.20,227.37,2,26.09,10.92
210,53,294.20,227.37,3,39.24,18.10
210,53,294.20,227.37,4,2.77,31.84
210,54,355.71,16.25,0,6.28,13.17
210,54,355.71,16.25,1,38.19,1.88
210,54,355.71,16.25,2,26.09,10.92
210,54,355.71,16.25,3,39.24,18.10
210,54,355.71,16.25,4,2.77,31.84
210,55,290.21,240.67,0,6.28,13.17
210,55,290.21,240.67,1,38.19,1.88
210,55,290.21,240.67,2,26.09,10.92
210,55,290.21,240.67,3,39.24,18.10
210,55,290.21,240.67,4,2.77,31.84
210,56,335.39,181.17,0,6.28,13.17
210,56,335.39,181.17,1,38.19,1.88
210,56,335.39,181.17,2,26.09,10.92
210,56,335.39,181.17,3,39.24,18.10
210,56,335.39,181.17,4,2.77,31.84
210,57,81.64,165.39,0,6.28,13.17
210,57,81.64,165.39,1,38.19,1.88
210,57,81.64,165.39,2,26.09,10.92
210,57,81.64,165.39,3,39.24,18.10
210,57,81.64,165.39,4,2.77,31.84
210,58,366.71,184.02,0,6.28,13.17
210,58,366.71,184.02,1,38.19,1.88
210,58,366.71,184.02,2,26.09,10.92
210,58,366.71,184.02,3,39.24,18.10
210,58,366.71,184.02,4,2.77,31.84
210,60,183.78,273.57,0,6.28,13.17
210,60,183.78,273.57,1,38.19,1.88
210,60,183.78,273.57,2,26.09,10.92
210,60,183.78,273.57,3,39.24,18.10
210,60,183.78,273.57,4,2.77,31.84
210,61,51.47,143.16,0,6.28,13.17
210,61,51.47,143.16,1,38.19,1.88
210,61,51.47,143.16,2,26.09,10.92
210,61,51.47,143.16,3,39.24,18.10
210,61,51.47,143.16,4,2.77,31.84
210,62,29.90,361.56,0,6.28,13.17
210,62,29.90,361.56,1,38.19,1.88
210,62,29.90,361.56,2,26.09,10.92
210,62,29.90,361.56,3,39.24,18.10
210,62,29.90,361.56,4,2.77,31.84
210,63,89.95,166.55,0,6.28,13.17
210,63,89.95,166.55,1,38.19,1.88
210,63,89.95,166.55,2,26.09,10.92
210,63,89.95,166.55,3,39.24,18.10
210,63,89.95,166.55,4,2.77,31.84
210,64,366.77,17.43,0,6.28,13.17
210,64,366.77,17.43,1,38.19,1.88
210,64,366.77,17.43,2,26.09,10.92
210,64,366.77,17.43,3,39.24,18.10
210,64,366.77,17.43,4,2.77,31.84
210,65,346.14,250.94,0,6.28,13.17
210,65,346.14,250.94,1,38.19,1.88
210,65,346.14,250.94,2,26.09,10.92
210,65,346.14,250.94,3,39.24,18.10
210,65,346.14,250.94,4,2.77,31.84
210,66,78.61,374.44,0,6.28,13.17
210,66,78.61,374.44,1,38.19,1.88
210,66,78.61,374.44,2,26.09,10.92
210,66,78.61,374.44,3,39.24,18.10
210,66,78.61,374.44,4,2.77,31.84
210,67,41.95,198.36,0,6.28,13.17
210,67,41.95,198.36,1,38.19,1.88
210,67,41.95,198.36,2,26.09,10.92
210,67,41.95,198.36,3,39.24,18.10
210,67,41.95,198.36,4,2.77,31.84
210,68,229.56,325.99,0,6.28,13.17
210,68,229.56,325.99,1,38.19,1.88
210,68,229.56,325.99,2,26.09,10.92
210,68,229.56,325.99,3,39.24,18.10
210,68,229.56,325.99,4,2.77,31.84
210,69,378.67,353.74,0,6.28,13.17
210,69,378.67,353.74,1,38.19,1.88
210,69,378.67,353.74,2,26.09,10.92
210,69,378.67,353.74,3,39.24,18.10
210,69,378.67,353.74,4,2.77,31.84
210,70,232.80,103.11,0,6.28,13.17
210,70,232.80,103.11,1,38.19,1.88
210,70,232.80,103.11,2,26.09,10.92
210,70,232.80,103.11,3,39.24,18.10
210,70,232.80,103.11,4,2.77,31.84
210,71,34.92,356.66,0,6.28,13.17
210,71,34.92,356.66,1,38.19,1.88
210,71,34.92,356.66,2,26.09,10.92
210,71,34.92,356.66,3,39.24,18.10
210,71,34.92,356.66,4,2.77,31.84
210,72,17.68,360.34,0,6.28,13.17
210,72,17.68,360.34,1,38.19,1.88
210,72,17.68,360.34,2,26.09,10.92
210,72,17.68,360.34,3,39.24,18.10
210,72,17.68,360.34,4,2.77,31.84
210,73,370.57,171.73,0,6.28,13.17
210,73,370.57,171.73,1,38.19,1.88
210,73,370.57,171.73,2,26.09,10.92
210,73,370.57,171.73,3,39.24,18.10
210,73,370.57,171.73,4,2.77,31.84
210,74,234.96,92.22,0,6.28,13.17
210,74,234.96,92.22,1,38.19,1.88
210,74,234.96,92.22,2,26.09,10.92
210,74,234.96,92.22,3,39.24,18.10
210,74,234.96,92.22,4,2.77,31.84
210,75,214.92,101.88,0,6.28,13.17
210,75,214.92,101.88,1,38.19,1.88
210,75,214.92,101.88,2,26.09,10.92
210,75,214.92,101.88,3,39.24,18.10
210,75,214.92,101.88,4,2.77,31.84
210,76,368.77,138.52,0,6.28,13.17
210,76,368.77,138.52,1,38.19,1.88
210,76,368.77,138.52,2,26.09,10.92
210,76,368.77,138.52,3,39.24,18.10
210,76,368.77,138.52,4,2.77,31.84
210,77,68.77,148.58,0,6.28,13.17
210,77,68.77,148.58,1,38.19,1.88
210,77,68.77,148.58,2,26.09,10.92
210,77,68.77,148.58,3,39.24,18.10
210,77,68.77,148.58,4,2.77,31.84
210,78,203.19,384.59,0,6.28,13.17
210,78,203.19,384.59,1,38.19,1.88
210,78,203.19,384.59,2,26.09,10.92
210,78,203.19,384.59,3,39.24,18.10
210,78,203.19,384.59,4,2.77,31.84
210,79,364.53,198.21,0,6.28,13.17
210,79,364.53,198.21,1,38.19,1.88
210,79,364.53,198.21,2,26.09,10.92
210,79,364.53,198.21,3,39.24,18.10
210,79,364.53,198.21,4,2.77,31.84
210,81,248.79,363.84,0,6.28,13.17
210,81,248.79,363.84,1,38.19,1.88
210,81,248.79,363.84,2,26.09,10.92
210,81,248.79,363.84,3,39.24,18.10
210,81,248.79,363.84,4,2.77,31.84
210,82,330.65,133.53,0,6.28,13.17
210,82,330.65,133.53,1,38.19,1.88
210,82,330.65,133.53,2,26.09,10.92
210,82,330.65,133.53,3,39.24,18.10
210,82,330.65,133.53,4,2.77,31.84
210,83,181.87,44.48,0,6.28,13.17
210,83,181.87,44.48,1,38.19,1.88
210,83,181.87,44.48,2,26.09,10.92
210,83,181.87,44.48,3,39.24,18.10
210,83,181.87,44.48,4,2.77,31.84
210,84,205.55,290.91,0,6.28,13.17
210,84,205.55,290.91,1,38.19,1.88
210,84,205.55,290.91,2,26.09,10.92
210,84,205.55,290.91,3,39.24,18.10
210,84,205.55,290.91,4,2.77,31.84
210,85,362.37,145.21,0,6.28,13.17
210,85,362.37,145.21,1,38.19,1.88
210,85,362.37,145.21,2,26.09,10.92
210,85,362.37,145.21,3,39.24,18.10
210,85,362.37,145.21,4,2.77,31.84
210,86,40.31,130.82,0,6.28,13.17
210,86,40.31,130.82,1,38.19,1.88
210,86,40.31,130.82,2,26.09,10.92
210,86,40.31,130.82,3,39.24,18.10
210,86,40.31,130.82,4,2.77,31.84
210,87,384.72,16.11,0,6.28,13.17
210,87,384.72,16.11,1,38.19,1.88
210,87,384.72,16.11,2,26.09,10.92
210,87,384.72,16.11,3,39.24,18.10
210,87,384.72,16.11,4,2.77,31.84
210,88,182.77,301.99,0,6.28,13.17
210,88,182.77,301.99,1,38.19,1.88
210,88,182.77,301.99,2,26.09,10.92
210,88,182.77,301.99,3,39.24,18.10
210,88,182.77,301.99,4,2.77,31.84
210,89,307.08,59.01,0,6.28,13.17
210,89,307.08,59.01,1,38.19,1.88
210,89,307.08,59.01,2,26.09,10.92
210,89,307.08,59.01,3,39.24,18.10
210,89,307.08,59.01,4,2.77,31.84
210,90,202.78,61.32,0,6.28,13.17
210,90,202.78,61.32,1,38.19,1.88
210,90,202.78,61.32,2,26.09,10.92
210,90,202.78,61.32,3,39.24,18.10
210,90,202.78,61.32,4,2.77,31.84
210,92,253.52,100.00,0,6.28,13.17
210,92,253.52,100.00,1,38.19,1.88
210,92,253.52,100.00,2,26.09,10.92
210,92,253.52,100.00,3,39.24,18.10
210,92,253.52,100.00,4,2.77,31.84
210,93,244.63,94.41,0,6.28,13.17
210,93,244.63,94.41,1,38.19,1.88
210,93,244.63,94.41,2,26.09,10.92
210,93,244.63,94.41,3,39.24,18.10
210,93,244.63,94.41,4,2.77,31.84
210,94,14.28,345.25,0,6.28,13.17
210,94,14.28,345.25,1,38.19,1.88
210,94,14.28,345.25,2,26.09,10.92
210,94,14.28,345.25,3,39.24,18.10
210,94,14.28,345.25,4,2.77,31.84
210,95,337.68,159.37,0,6.28,13.17
210,95,337.68,159.37,1,38.19,1.88
210,95,337.68,159.37,2,26.09,10.92
210,95,337.68,159.37,3,39.24,18.10
210,95,337.68,159.37,4,2.77,31.84
210,96,75.89,168.95,0,6.28,13.17
210,96,75.89,168.95,1,38.19,1.88
210,96,75.89,168.95,2,26.09,10.92
210,96,75.89,168.95,3,39.24,18.10
210,96,75.89,168.95,4,2.77,31.84
210,97,255.26,157.71,0,6.28,13.17
210,97,255.26,157.71,1,38.19,1.88
210,97,255.26,157.71,2,26.09,10.92
210,97,255.26,157.71,3,39.24,18.10
210,97,255.26,157.71,4,2.77,31.84
210,98,349.09,10.89,0,6.28,13.17
210,98,349.09,10.89,1,38.19,1.88
210,98,349.09,10.89,2,26.09,10.92
210,98,349.09,10.89,3,39.24,18.10
210,98,349.09,10.89,4,2.77,31.84
210,99,375.69,179.27,0,6.28,13.17
210,99,375.69,179.27,1,38.19,1.88
210,99,375.69,179.27,2,26.09,10.92
210,99,375.69,179.27,3,39.24,18.10
210,99,375.69,179.27,4,2.77,31.84
210,102,57.17,163.60,0,6.28,13.17
210,102,57.17,163.60,1,38.19,1.88
210,102,57.17,163.60,2,26.09,10.92
210,102,57.17,163.60,3,39.24,18.10
210,102,57.17,163.60,4,2.77,31.84
210,103,101.68,380.33,0,6.28,13.17
210,103,101.68,380.33,1,38.19,1.88
210,103,101.68,380.33,2,26.09,10.92
210,103,101.68,380.33,3,39.24,18.10
210,103,101.68,380.33,4,2.77,31.84
210,104,358.14,8.38,0,6.28,13.17
210,104,358.14,8.38,1,38.19,1.88
210,104,358.14,8.38,2,26.09,10.92
210,104,358.14,8.38,3,39.24,18.10
210,104,358.14,8.38,4,2.77,31.84
210,105,33.56,345.75,0,6.28,13.17
210,105,33.56,345.75,1,38.19,1.88
210,105,33.56,345.75,2,26.09,10.92
210,105,33.56,345.75,3,39.24,18.10
210,105,33.56,345.75,4,2.77,31.84
210,106,51.07,269.14,0,6.28,13.17
210,106,51.07,269.14,1,38.19,1.88
210,106,51.07,269.14,2,26.09,10.92
210,106,51.07,269.14,3,39.24,18.10
210,106,51.07,269.14,4,2.77,31.84
210,107,246.07,114.79,0,6.28,13.17
210,107,246.07,114.79,1,38.19,1.88
210,107,246.07,114.79,2,26.09,10.92
210,107,246.07,114.79,3,39.24,18.10
210,107,246.07,114.79,4,2.77,31.84
210,108,8.95,68.52,0,6.28,13.17
210,108,8.95,68.52,1,38.19,1.88
210,108,8.95,68.52,2,26.09,10.92
210,108,8.95,68.52,3,39.24,18.10
210,108,8.95,68.52,4,2.77,31.84
210,109,58.94,314.89,0,6.28,13.17
210,109,58.94,314.89,1,38.19,1.88
210,109,58.94,314.89,2,26.09,10.92
210,109,58.94,314.89,3,39.24,18.10
210,109,58.94,314.89,4,2.77,31.84
210,110,110.63,336.28,0,6.28,13.17
210,110,110.63,336.28,1,38.19,1.88
210,110,110.63,336.28,2,26.09,10.92
210,110,110.63,336.28,3,39.24,18.10
210,110,110.63,336.28,4,2.77,31.84
210,111,373.84,21.11,0,6.28,13.17
210,111,373.84,21.11,1,38.19,1.88
210,111,373.84,21.11,2,26.09,10.92
210,111,373.84,21.11,3,39.24,18.10
210,111,373.84,21.11,4,2.77,31.84
210,112,191.96,105.43,0,6.28,13.17
210,112,191.96,105.43,1,38.19,1.88
210,112,191.96,105.43,2,26.09,10.92
210,112,191.96,105.43,3,39.24,18.10
210,112,191.96,105.43,4,2.77,31.84
210,113,96.06,133.15,0,6.28,13.17
210,113,96.06,133.15,1,38.19,1.88
210,113,96.06,133.15,2,26.09,10.92
210,113,96.06,133.15,3,39.24,18.10
210,113,96.06,133.15,4,2.77,31.84
210,114,166.37,32.94,0,6.28,13.17
210,114,166.37,32.94,1,38.19,1.88
210,114,166.37,32.94,2,26.09,10.92
210,114,166.37,32.94,3,39.24,18.10
210,114,166.37,32.94,4,2.77,31.84
210,115,372.94,209.79,0,6.28,13.17
210,115,372.94,209.79,1,38.19,1.88
210,115,372.94,209.79,2,26.09,10.92
210,115,372.94,209.79,3,39.24,18.10
210,115,372.94,209.79,4,2.77,31.84
210,116,224.26,128.63,0,6.28,13.17
210,116,224.26,128.63,1,38.19,1.88
210,116,224.26,128.63,2,26.09,10.92
210,116,224.26,128.63,3,39.24,18.10
210,116,224.26,128.63,4,2.77,31.84
210,117,357.56,123.67,0,6.28,13.17
210,117,357.56,123.67,1,38.19,1.88
210,117,357.56,123.67,2,26.09,10.92
210,117,357.56,123.67,3,39.24,18.10
210,117,357.56,123.67,4,2.77,31.84
210,118,88.13,197.70,0,6.28,13.17
210,118,88.13,197.70,1,38.19,1.88
210,118,88.13,197.70,2,26.09,10.92
210,118,88.13,197.70,3,39.24,18.10
210,118,88.13,197.70,4,2.77,31.84
210,119,328.37,126.38,0,6.28,13.17
210,119,328.37,126.38,1,38.19,1.88
210,119,328.37,126.38,2,26.09,10.92
210,119,328.37,126.38,3,39.24,18.10
210,119,328.37,126.38,4,2.77,31.84
210,120,183.92,231.87,0,6.28,13.17
210,120,183.92,231.87,1,38.19,1.88
210,120,183.92,231.87,2,26.09,10.92
210,120,183.92,231.87,3,39.24,18.10
210,120,183.92,231.87,4,2.77,31.84
210,121,70.23,124.70,0,6.28,13.17
210,121,70.23,124.70,1,38.19,1.88
210,121,70.23,124.70,2,26.09,10.92
210,121,70.23,124.70,3,39.24,18.10
210,121,70.23,124.70,4,2.77,31.84
210,122,135.66,234.34,0,6.28,13.17
210,122,135.66,234.34,1,38.19,1.88
210,122,135.66,234.34,2,26.09,10.92
210,122,135.66,234.34,3,39.24,18.10
210,122,135.66,234.34,4,2.77,31.84
210,123,160.11,323.49,0,6.28,13.17
210,123,160.11,323.49,1,38.19,1.88
210,123,160.11,323.49,2,26.09,10.92
210,123,160.11,323.49,3,39.24,18.10
210,123,160.11,323.49,4,2.77,31.84
210,124,116.54,38.67,0,6.28,13.17
210,124,116.54,38.67,1,38.19,1.88
210,124,116.54,38.67,2,26.09,10.92
210,124,116.54,38.67,3,39.24,18.10
210,124,116.54,38.67,4,2.77,31.84
210,125,366.07,109.99,0,6.28,13.17
210,125,366.07,109.99,1,38.19,1.88
210,125,366.07,109.99,2,26.09,10.92
210,125,366.07,109.99,3,39.24,18.10
210,125,366.07,109.99,4,2.77,31.84
210,126,32.20,107.48,0,6.28,13.17
210,126,32.20,107.48,1,38.19,1.88
210,126,32.20,107.48,2,26.09,10.92
210,126,32.20,107.48,3,39.24,18.10
210,126,32.20,107.48,4,2.77,31.84
210,127,24.93,367.25,0,6.28,13.17
210,127,24.93,367.25,1,38.19,1.88
210,127,24.93,367.25,2,26.09,10.92
210,127,24.93,367.25,3,39.24,18.10
210,127,24.93,367.25,4,2.77,31.84
210,128,239.93,362.21,0,6.28,13.17
210,128,239.93,362.21,1,38.19,1.88
210,128,239.93,362.21,2,26.09,10.92
210,128,239.93,362.21,3,39.24,18.10
210,128,239.93,362.21,4,2.77,31.84
210,129,302.98,169.69,0,6.28,13.17
210,129,302.98,169.69,1,38.19,1.88
210,129,302.98,169.69,2,26.09,10.92
210,129,302.98,169.69,3,39.24,18.10
210,129,302.98,169.69,4,2.77,31.84
210,131,254.24,87.48,0,6.28,13.17
210,131,254.24,87.48,1,38.19,1.88
210,131,254.24,87.48,2,26.09,10.92
210,131,254.24,87.48,3,39.24,18.10
210,131,254.24,87.48,4,2.77,31.84
210,132,367.56,277.11,0,6.28,13.17
210,132,367.56,277.11,1,38.19,1.88
210,132,367.56,277.11,2,26.09,10.92
210,132,367.56,277.11,3,39.24,18.10
210,132,367.56,277.11,4,2.77,31.84
210,133,25.53,116.19,0,6.28,13.17
210,133,25.53,116.19,1,38.19,1.88
210,133,25.53,116.19,2,26.09,10.92
210,133,25.53,116.19,3,39.24,18.10
210,133,25.53,116.19,4,2.77,31.84
210,134,378.10,25.90,0,6.28,13.17
210,134,378.10,25.90,1,38.19,1.88
210,134,378.10,25.90,2,26.09,10.92
210,134,378.10,25.90,3,39.24,18.10
210,134,378.10,25.90,4,2.77,31.84
210,135,78.86,268.03,0,6.28,13.17
210,135,78.86,268.03,1,38.19,1.88
210,135,78.86,268.03,2,26.09,10.92
210,135,78.86,268.03,3,39.24,18.10
210,135,78.86,268.03,4,2.77,31.84
210,136,371.52,19.94,0,6.28,13.17
210,136,371.52,19.94,1,38.19,1.88
210,136,371.52,19.94,2,26.09,10.92
210,136,371.52,19.94,3,39.24,18.10
210,136,371.52,19.94,4,2.77,31.84
210,137,256.31,74.71,0,6.28,13.17
210,137,256.31,74.71,1,38.19,1.88
210,137,256.31,74.71,2,26.09,10.92
210,137,256.31,74.71,3,39.24,18.10
210,137,256.31,74.71,4,2.77,31.84
210,138,245.87,102.78,0,6.28,13.17
210,138,245.87,102.78,1,38.19,1.88
210,138,245.87,102.78,2,26.09,10.92
210,138,245.87,102.78,3,39.24,18.10
210,138,245.87,102.78,4,2.77,31.84
210,139,364.38,125.11,0,6.28,13.17
210,139,364.38,125.11,1,38.19,1.88
210,139,364.38,125.11,2,26.09,10.92
210,139,364.38,125.11,3,39.24,18.10
210,139,364.38,125.11,4,2.77,31.84
210,140,376.77,4.37,0,6.28,13.17
210,140,376.77,4.37,1,38.19,1.88
210,140,376.77,4.37,2,26.09,10.92
210,140,376.77,4.37,3,39.24,18.10
210,140,376.77,4.37,4,2.77,31.84
210,141,345.16,368.29,0,6.28,13.17
210,141,345.16,368.29,1,38.19,1.88
210,141,345.16,368.29,2,26.09,10.92
210,141,345.16,368.29,3,39.24,18.10
210,141,345.16,368.29,4,2.77,31.84
210,142,239.42,122.22,0,6.28,13.17
210,142,239.42,122.22,1,38.19,1.88
210,142,239.42,122.22,2,26.09,10.92
210,142,239.42,122.22,3,39.24,18.10
210,142,239.42,122.22,4,2.77,31.84
210,143,350.00,342.21,0,6.28,13.17
210,143,350.00,342.21,1,38.19,1.88
210,143,350.00,342.21,2,26.09,10.92
210,143,350.00,342.21,3,39.24,18.10
210,143,350.00,342.21,4,2.77,31.84
210,144,384.99,189.28,0,6.28,13.17
210,144,384.99,189.28,1,38.19,1.88
210,144,384.99,189.28,2,26.09,10.92
210,144,384.99,189.28,3,39.24,18.10
210,144,384.99,189.28,4,2.77,31.84
210,145,240.63,340.19,0,6.28,13.17
210,145,240.63,340.19,1,38.19,1.88
210,145,240.63,340.19,2,26.09,10.92
210,145,240.63,340.19,3,39.24,18.10
210,145,240.63,340.19,4,2.77,31.84
210,146,103.16,184.95,0,6.28,13.17
210,146,103.16,184.95,1,38.19,1.88
210,146,103.16,184.95,2,26.09,10.92
210,146,103.16,184.95,3,39.24,18.10
210,146,103.16,184.95,4,2.77,31.84
210,147,19.80,281.66,0,6.28,13.17
210,147,19.80,281.66,1,38.19,1.88
210,147,19.80,281.66,2,26.09,10.92
210,147,19.80,281.66,3,39.24,18.10
210,147,19.80,281.66,4,2.77,31.84
210,148,310.79,207.02,0,6.28,13.17
210,148,310.79,207.02,1,38.19,1.88
210,148,310.79,207.02,2,26.09,10.92
210,148,310.79,207.02,3,39.24,18.10
210,148,310.79,207.02,4,2.77,31.84
210,149,356.18,249.42,0,6.28,13.17
210,149,356.18,249.42,1,38.19,1.88
210,149,356.18,249.42,2,26.09,10.92
210,149,356.18,249.42,3,39.24,18.10
210,149,356.18,249.42,4,2.77,31.84
210,150,275.99,135.27,0,6.28,13.17
210,150,275.99,135.27,1,38.19,1.88
210,150,275.99,135.27,2,26.09,10.92
210,150,275.99,135.27,3,39.24,18.10
210,150,275.99,135.27,4,2.77,31.84
210,151,214.50,85.82,0,6.28,13.17
210,151,214.50,85.82,1,38.19,1.88
210,151,214.50,85.82,2,26.09,10.92
210,151,214.50,85.82,3,39.24,18.10
210,151,214.50,85.82,4,2.77,31.84
210,152,35.36,93.11,0,6.28,13.17
210,152,35.36,93.11,1,38.19,1.88
210,152,35.36,93.11,2,26.09,10.92
210,152,35.36,93.11,3,39.24,18.10
210,152,35.36,93.11,4,2.77,31.84
210,153,49.42,136.75,0,6.28,13.17
210,153,49.42,136.75,1,38.19,1.88
210,153,49.42,136.75,2,26.09,10.92
210,153,49.42,136.75,3,39.24,18.10
210,153,49.42,136.75,4,2.77,31.84
210,155,213.80,136.85,0,6.28,13.17
210,155,213.80,136.85,1,38.19,1.88
210,155,213.80,136.85,2,26.09,10.92
210,155,213.80,136.85,3,39.24,18.10
210,155,213.80,136.85,4,2.77,31.84
210,156,358.25,313.34,0,6.28,13.17
210,156,358.25,313.34,1,38.19,1.88
210,156,358.25,313.34,2,26.09,10.92
210,156,358.25,313.34,3,39.24,18.10
210,156,358.25,313.34,4,2.77,31.84
210,157,213.20,91.89,0,6.28,13.17
210,157,213.20,91.89,1,38.19,1.88
210,157,213.20,91.89,2,26.09,10.92
210,157,213.20,91.89,3,39.24,18.10
210,157,213.20,91.89,4,2.77,31.84
210,158,232.33,106.83,0,6.28,13.17
210,158,232.33,106.83,1,38.19,1.88
210,158,232.33,106.83,2,26.09,10.92
210,158,232.33,106.83,3,39.24,18.10
210,158,232.33,106.83,4,2.77,31.84
210,159,369.13,296.95,0,6.28,13.17
210,159,369.13,296.95,1,38.19,1.88
210,159,369.13,296.95,2,26.09,10.92
210,159,369.13,296.95,3,39.24,18.10
210,159,369.13,296.95,4,2.77,31.84
210,160,315.58,392.83,0,6.28,13.17
210,160,315.58,392.83,1,38.19,1.88
210,160,315.58,392.83,2,26.09,10.92
210,160,315.58,392.83,3,39.24,18.10
210,160,315.58,392.83,4,2.77,31.84
210,161,188.49,150.34,0,6.28,13.17
210,161,188.49,150.34,1,38.19,1.88
210,161,188.49,150.34,2,26.09,10.92
210,161,188.49,150.34,3,39.24,18.10
210,161,188.49,150.34,4,2.77,31.84
210,162,292.90,348.76,0,6.28,13.17
210,162,292.90,348.76,1,38.19,1.88
210,162,292.90,348.76,2,26.09,10.92
210,162,292.90,348.76,3,39.24,18.10
210,162,292.90,348.76,4,2.77,31.84
210,163,183.17,147.17,0,6.28,13.17
210,163,183.17,147.17,1,38.19,1.88
210,163,183.17,147.17,2,26.09,10.92
210,163,183.17,147.17,3,39.24,18.10
210,163,183.17,147.17,4,2.77,31.84
210,164,45.46,32.05,0,6.28,13.17
210,164,45.46,32.05,1,38.19,1.88
210,164,45.46,32.05,2,26.09,10.92
210,164,45.46,32.05,3,39.24,18.10
210,164,45.46,32.05,4,2.77,31.84
210,165,95.42,72.25,0,6.28,13.17
210,165,95.42,72.25,1,38.19,1.88
210,165,95.42,72.25,2,26.09,10.92
210,165,95.42,72.25,3,39.24,18.10
210,165,95.42,72.25,4,2.77,31.84
210,166,268.99,376.95,0,6.28,13.17
210,166,268.99,376.95,1,38.19,1.88
210,166,268.99,376.95,2,26.09,10.92
210,166,268.99,376.95,3,39.24,18.10
210,166,268.99,376.95,4,2.77,31.84
210,167,394.02,318.04,0,6.28,13.17
210,167,394.02,318.04,1,38.19,1.88
210,167,394.02,318.04,2,26.09,10.92
210,167,394.02,318.04,3,39.24,18.10
210,167,394.02,318.04,4,2.77,31.84
210,168,203.21,277.24,0,6.28,13.17
210,168,203.21,277.24,1,38.19,1.88
210,168,203.21,277.24,2,26.09,10.92
210,168,203.21,277.24,3,39.24,18.10
210,168,203.21,277.24,4,2.77,31.84
210,169,210.25,71.25,0,6.28,13.17
210,169,210.25,71.25,1,38.19,1.88
210,169,210.25,71.25,2,26.09,10.92
210,169,210.25,71.25,3,39.24,18.10
210,169,210.25,71.25,4,2.77,31.84
210,170,300.41,250.88,0,6.28,13.17
210,170,300.41,250.88,1,38.19,1.88
210,170,300.41,250.88,2,26.09,10.92
210,170,300.41,250.88,3,39.24,18.10
210,170,300.41,250.88,4,2.77,31.84
210,171,53.26,124.59,0,6.28,13.17
210,171,53.26,124.59,1,38.19,1.88
210,171,53.26,124.59,2,26.09,10.92
210,171,53.26,124.59,3,39.24,18.10
210,171,53.26,124.59,4,2.77,31.84
210,172,358.11,195.87,0,6.28,13.17
210,172,358.11,195.87,1,38.19,1.88
210,172,358.11,195.87,2,26.09,10.92
210,172,358.11,195.87,3,39.24,18.10
210,172,358.11,195.87,4,2.77,31.84
210,173,379.24,165.61,0,6.28,13.17
210,173,379.24,165.61,1,38.19,1.88
210,173,379.24,165.61,2,26.09,10.92
210,173,379.24,165.61,3,39.24,18.10
210,173,379.24,165.61,4,2.77,31.84
210,174,167.43,225.50,0,6.28,13.17
210,174,167.43,225.50,1,38.19,1.88
210,174,167.43,225.50,2,26.09,10.92
210,174,167.43,225.50,3,39.24,18.10
210,174,167.43,225.50,4,2.77,31.84
210,176,49.87,194.64,0,6.28,13.17
210,176,49.87,194.64,1,38.19,1.88
210,176,49.87,194.64,2,26.09,10.92
210,176,49.87,194.64,3,39.24,18.10
210,176,49.87,194.64,4,2.77,31.84
210,177,210.32,280.61,0,6.28,13.17
210,177,210.32,280.61,1,38.19,1.88
210,177,210.32,280.61,2,26.09,10.92
210,177,210.32,280.61,3,39.24,18.10
210,177,210.32,280.61,4,2.77,31.84
210,178,221.76,99.54,0,6.28,13.17
210,178,221.76,99.54,1,38.19,1.88
210,178,221.76,99.54,2,26.09,10.92
210,178,221.76,99.54,3,39.24,18.10
210,178,221.76,99.54,4,2.77,31.84
210,179,37.73,322.43,0,6.28,13.17
210,179,37.73,322.43,1,38.19,1.88
210,179,37.73,322.43,2,26.09,10.92
210,179,37.73,322.43,3,39.24,18.10
210,179,37.73,322.43,4,2.77,31.84
210,180,196.40,157.79,0,6.28,13.17
210,180,196.40,157.79,1,38.19,1.88
210,180,196.40,157.79,2,26.09,10.92
210,180,196.40,157.79,3,39.24,18.10
210,180,196.40,157.79,4,2.77,31.84
210,181,17.79,135.37,0,6.28,13.17
210,181,17.79,135.37,1,38.19,1.88
210,181,17.79,135.37,2,26.09,10.92
210,181,17.79,135.37,3,39.24,18.10
210,181,17.79,135.37,4,2.77,31.84
210,183,60.90,135.21,0,6.28,13.17
210,183,60.90,135.21,1,38.19,1.88
210,183,60.90,135.21,2,26.09,10.92
210,183,60.90,135.21,3,39.24,18.10
210,183,60.90,135.21,4,2.77,31.84
210,184,39.56,116.31,0,6.28,13.17
210,184,39.56,116.31,1,38.19,1.88
210,184,39.56,116.31,2,26.09,10.92
210,184,39.56,116.31,3,39.24,18.10
210,184,39.56,116.31,4,2.77,31.84
210,185,74.82,297.09,0,6.28,13.17
210,185,74.82,297.09,1,38.19,1.88
210,185,74.82,297.09,2,26.09,10.92
210,185,74.82,297.09,3,39.24,18.10
210,185,74.82,297.09,4,2.77,31.84
210,186,224.32,107.76,0,6.28,13.17
210,186,224.32,107.76,1,38.19,1.88
210,186,224.32,107.76,2,26.09,10.92
210,186,224.32,107.76,3,39.24,18.10
210,186,224.32,107.76,4,2.77,31.84
210,187,137.19,322.10,0,6.28,13.17
210,187,137.19,322.10,1,38.19,1.88
210,187,137.19,322.10,2,26.09,10.92
210,187,137.19,322.10,3,39.24,18.10
210,187,137.19,322.10,4,2.77,31.84
210,188,248.69,126.88,0,6.28,13.17
210,188,248.69,126.88,1,38.19,1.88
210,188,248.69,126.88,2,26.09,10.92
210,188,248.69,126.88,3,39.24,18.10
210,188,248.69,126.88,4,2.77,31.84
210,189,39.11,286.19,0,6.28,13.17
210,189,39.11,286.19,1,38.19,1.88
210,189,39.11,286.19,2,26.09,10.92
210,189,39.11,286.19,3,39.24,18.10
210,189,39.11,286.19,4,2.77,31.84
210,190,47.08,57.21,0,6.28,13.17
210,190,47.08,57.21,1,38.19,1.88
210,190,47.08,57.21,2,26.09,10.92
210,190,47.08,57.21,3,39.24,18.10
210,190,47.08,57.21,4,2.77,31.84
210,191,55.82,342.34,0,6.28,13.17
210,191,55.82,342.34,1,38.19,1.88
210,191,55.82,342.34,2,26.09,10.92
210,191,55.82,342.34,3,39.24,18.10
210,191,55.82,342.34,4,2.77,31.84
210,192,239.75,83.67,0,6.28,13.17
210,192,239.75,83.67,1,38.19,1.88
210,192,239.75,83.67,2,26.09,10.92
210,192,239.75,83.67,3,39.24,18.10
210,192,239.75,83.67,4,2.77,31.84
210,193,340.96,109.74,0,6.28,13.17
210,193,340.96,109.74,1,38.19,1.88
210,193,340.96,109.74,2,26.09,10.92
210,193,340.96,109.74,3,39.24,18.10
210,193,340.96,109.74,4,2.77,31.84
210,194,39.55,137.52,0,6.28,13.17
210,194,39.55,137.52,1,38.19,1.88
210,194,39.55,137.52,2,26.09,10.92
210,194,39.55,137.52,3,39.24,18.10
210,194,39.55,137.52,4,2.77,31.84
210,195,98.42,348.95,0,6.28,13.17
210,195,98.42,348.95,1,38.19,1.88
210,195,98.42,348.95,2,26.09,10.92
210,195,98.42,348.95,3,39.24,18.10
210,195,98.42,348.95,4,2.77,31.84
210,196,46.43,122.17,0,6.28,13.17
210,196,46.43,122.17,1,38.19,1.88
210,196,46.43,122.17,2,26.09,10.92
210,196,46.43,122.17,3,39.24,18.10
210,196,46.43,122.17,4,2.77,31.84
210,197,375.15,195.60,0,6.28,13.17
210,197,375.15,195.60,1,38.19,1.88
210,197,375.15,195.60,2,26.09,10.92
210,197,375.15,195.60,3,39.24,18.10
210,197,375.15,195.60,4,2.77,31.84
210,198,343.34,167.97,0,6.28,13.17
210,198,343.34,167.97,1,38.19,1.88
210,198,343.34,167.97,2,26.09,10.92
210,198,343.34,167.97,3,39.24,18.10
210,198,343.34,167.97,4,2.77,31.84
210,199,28.95,159.61,0,6.28,13.17
210,199,28.95,159.61,1,38.19,1.88
210,199,28.95,159.61,2,26.09,10.92
210,199,28.95,159.61,3,39.24,18.10
210,199,28.95,159.61,4,2.77,31.84
210,200,14.71,80.61,0,6.28,13.17
210,200,14.71,80.61,1,38.19,1.88
210,200,14.71,80.61,2,26.09,10.92
210,200,14.71,80.61,3,39.24,18.10
210,200,14.71,80.61,4,2.77,31.84
210,201,368.85,156.56,0,6.28,13.17
210,201,368.85,156.56,1,38.19,1.88
210,201,368.85,156.56,2,26.09,10.92
210,201,368.85,156.56,3,39.24,18.10
210,201,368.85,156.56,4,2.77,31.84
210,203,350.24,210.95,0,6.28,13.17
210,203,350.24,210.95,1,38.19,1.88
210,203,350.24,210.95,2,26.09,10.92
210,203,350.24,210.95,3,39.24,18.10
210,203,350.24,210.95,4,2.77,31.84
210,204,32.50,331.55,0,6.28,13.17
210,204,32.50,331.55,1,38.19,1.88
210,204,32.50,331.55,2,26.09,10.92
210,204,32.50,331.55,3,39.24,18.10
210,204,32.50,331.55,4,2.77,31.84
210,205,57.55,131.76,0,6.28,13.17
210,205,57.55,131.76,1,38.19,1.88
210,205,57.55,131.76,2,26.09,10.92
210,205,57.55,131.76,3,39.24,18.10
210,205,57.55,131.76,4,2.77,31.84
210,206,237.21,113.32,0,6.28,13.17
210,206,237.21,113.32,1,38.19,1.88
210,206,237.21,113.32,2,26.09,10.92
210,206,237.21,113.32,3,39.24,18.10
210,206,237.21,113.32,4,2.77,31.84
210,207,15.77,289.15,0,6.28,13.17
210,207,15.77,289.15,1,38.19,1.88
210,207,15.77,289.15,2,26.09,10.92
210,207,15.77,289.15,3,39.24,18.10
210,207,15.77,289.15,4,2.77,31.84
210,208,46.12,358.91,0,6.28,13.17
210,208,46.12,358.91,1,38.19,1.88
210,208,46.12,358.91,2,26.09,10.92
210,208,46.12,358.91,3,39.24,18.10
210,208,46.12,358.91,4,2.77,31.84
210,209,372.82,184.59,0,6.28,13.17
210,209,372.82,184.59,1,38.19,1.88
210,209,372.82,184.59,2,26.09,10.92
210,209,372.82,184.59,3,39.24,18.10
210,209,372.82,184.59,4,2.77,31.84
210,210,253.09,111.18,0,6.28,13.17
210,210,253.09,111.18,1,38.19,1.88
210,210,253.09,111.18,2,26.09,10.92
210,210,253.09,111.18,3,39.24,18.10
210,210,253.09,111.18,4,2.77,31.84
210,211,134.22,376.72,0,6.28,13.17
210,211,134.22,376.72,1,38.19,1.88
210,211,134.22,376.72,2,26.09,10.92
210,211,134.22,376.72,3,39.24,18.10
210,211,134.22,376.72,4,2.77,31.84
210,212,383.84,271.71,0,6.28,13.17
210,212,383.84,271.71,1,38.19,1.88
210,212,383.84,271.71,2,26.09,10.92
210,212,383.84,271.71,3,39.24,18.10
210,212,383.84,271.71,4,2.77,31.84
210,213,375.95,267.61,0,6.28,13.17
210,213,375.95,267.61,1,38.19,1.88
210,213,375.95,267.61,2,26.09,10.92
210,213,375.95,267.61,3,39.24,18.10
210,213,375.95,267.61,4,2.77,31.84
210,214,240.28,98.34,0,6.28,13.17
210,214,240.28,98.34,1,38.19,1.88
210,214,240.28,98.34,2,26.09,10.92
210,214,240.28,98.34,3,39.24,18.10
210,214,240.28,98.34,4,2.77,31.84
210,215,259.30,374.63,0,6.28,13.17
210,215,259.30,374.63,1,38.19,1.88
210,215,259.30,374.63,2,26.09,10.92
210,215,259.30,374.63,3,39.24,18.10
210,215,259.30,374.63,4,2.77,31.84
210,216,250.42,391.33,0,6.28,13.17
210,216,250.42,391.33,1,38.19,1.88
210,216,250.42,391.33,2,26.09,10.92
210,216,250.42,391.33,3,39.24,18.10
210,216,250.42,391.33,4,2.77,31.84
210,217,372.18,7.91,0,6.28,13.17
210,217,372.18,7.91,1,38.19,1.88
210,217,372.18,7.91,2,26.09,10.92
210,217,372.18,7.91,3,39.24,18.10
210,217,372.18,7.91,4,2.77,31.84
210,218,278.86,392.13,0,6.28,13.17
210,218,278.86,392.13,1,38.19,1.88
210,218,278.86,392.13,2,26.09,10.92
210,218,278.86,392.13,3,39.24,18.10
210,218,278.86,392.13,4,2.77,31.84
210,219,24.52,104.82,0,6.28,13.17
210,219,24.52,104.82,1,38.19,1.88
210,219,24.52,104.82,2,26.09,10.92
210,219,24.52,104.82,3,39.24,18.10
210,219,24.52,104.82,4,2.77,31.84
210,220,377.50,9.90,0,6.28,13.17
210,220,377.50,9.90,1,38.19,1.88
210,220,377.50,9.90,2,26.09,10.92
210,220,377.50,9.90,3,39.24,18.10
210,220,377.50,9.90,4,2.77,31.84
210,221,328.34,229.94,0,6.28,13.17
210,221,328.34,229.94,1,38.19,1.88
210,221,328.34,229.94,2,26.09,10.92
210,221,328.34,229.94,3,39.24,18.10
210,221,328.34,229.94,4,2.77,31.84
210,222,26.22,340.24,0,6.28,13.17
210,222,26.22,340.24,1,38.19,1.88
210,222,26.22,340.24,2,26.09,10.92
210,222,26.22,340.24,3,39.24,18.10
210,222,26.22,340.24,4,2.77,31.84
210,223,347.21,188.80,0,6.28,13.17
210,223,347.21,188.80,1,38.19,1.88
210,223,347.21,188.80,2,26.09,10.92
210,223,347.21,188.80,3,39.24,18.10
210,223,347.21,188.80,4,2.77,31.84
210,225,368.35,202.23,0,6.28,13.17
210,225,368.35,202.23,1,38.19,1.88
210,225,368.35,202.23,2,26.09,10.92
210,225,368.35,202.23,3,39.24,18.10
210,225,368.35,202.23,4,2.77,31.84
210,226,293.62,169.89,0,6.28,13.17
210,226,293.62,169.89,1,38.19,1.88
210,226,293.62,169.89,2,26.09,10.92
210,226,293.62,169.89,3,39.24,18.10
210,226,293.62,169.89,4,2.77,31.84
210,227,96.66,330.72,0,6.28,13.17
210,227,96.66,330.72,1,38.19,1.88
210,227,96.66,330.72,2,26.09,10.92
210,227,96.66,330.72,3,39.24,18.10
210,227,96.66,330.72,4,2.77,31.84
210,228,241.85,63.24,0,6.28,13.17
210,228,241.85,63.24,1,38.19,1.88
210,228,241.85,63.24,2,26.09,10.92
210,228,241.85,63.24,3,39.24,18.10
210,228,241.85,63.24,4,2.77,31.84
210,229,172.69,118.31,0,6.28,13.17
210,229,172.69,118.31,1,38.19,1.88
210,229,172.69,118.31,2,26.09,10.92
210,229,172.69,118.31,3,39.24,18.10
210,229,172.69,118.31,4,2.77,31.84
210,230,173.14,37.82,0,6.28,13.17
210,230,173.14,37.82,1,38.19,1.88
210,230,173.14,37.82,2,26.09,10.92
210,230,173.14,37.82,3,39.24,18.10
210,230,173.14,37.82,4,2.77,31.84
210,231,288.94,342.90,0,6.28,13.17
210,231,288.94,342.90,1,38.19,1.88
210,231,288.94,342.90,2,26.09,10.92
210,231,288.94,342.90,3,39.24,18.10
210,231,288.94,342.90,4,2.77,31.84
210,232,346.87,26.40,0,6.28,13.17
210,232,346.87,26.40,1,38.19,1.88
210,232,346.87,26.40,2,26.09,10.92
210,232,346.87,26.40,3,39.24,18.10
210,232,346.87,26.40,4,2.77,31.84
210,233,367.72,248.86,0,6.28,13.17
210,233,367.72,248.86,1,38.19,1.88
210,233,367.72,248.86,2,26.09,10.92
210,233,367.72,248.86,3,39.24,18.10
210,233,367.72,248.86,4,2.77,31.84
210,236,250.00,108.00,0,6.28,13.17
210,236,250.00,108.00,1,38.19,1.88
210,236,250.00,108.00,2,26.09,10.92
210,236,250.00,108.00,3,39.24,18.10
210,236,250.00,108.00,4,2.77,31.84
210,237,184.18,157.19,0,6.28,13.17
210,237,184.18,157.19,1,38.19,1.88
210,237,184.18,157.19,2,26.09,10.92
210,237,184.18,157.19,3,39.24,18.10
210,237,184.18,157.19,4,2.77,31.84
210,238,25.63,299.70,0,6.28,13.17
210,238,25.63,299.70,1,38.19,1.88
210,238,25.63,299.70,2,26.09,10.92
210,238,25.63,299.70,3,39.24,18.10
210,238,25.63,299.70,4,2.77,31.84
210,239,198.94,126.25,0,6.28,13.17
210,239,198.94,126.25,1,38.19,1.88
210,239,198.94,126.25,2,26.09,10.92
210,239,198.94,126.25,3,39.24,18.10
210,239,198.94,126.25,4,2.77,31.84
210,240,145.83,230.28,0,6.28,13.17
210,240,145.83,230.28,1,38.19,1.88
210,240,145.83,230.28,2,26.09,10.92
210,240,145.83,230.28,3,39.24,18.10
210,240,145.83,230.28,4,2.77,31.84
210,241,380.07,196.69,0,6.28,13.17
210,241,380.07,196.69,1,38.19,1.88
210,241,380.07,196.69,2,26.09,10.92
210,241,380.07,196.69,3,39.24,18.10
210,241,380.07,196.69,4,2.77,31.84
210,242,206.84,225.66,0,6.28,13.17
210,242,206.84,225.66,1,38.19,1.88
210,242,206.84,225.66,2,26.09,10.92
210,242,206.84,225.66,3,39.24,18.10
210,242,206.84,225.66,4,2.77,31.84
210,243,30.50,286.83,0,6.28,13.17
210,243,30.50,286.83,1,38.19,1.88
210,243,30.50,286.83,2,26.09,10.92
210,243,30.50,286.83,3,39.24,18.10
210,243,30.50,286.83,4,2.77,31.84
210,244,189.83,319.70,0,6.28,13.17
210,244,189.83,319.70,1,38.19,1.88
210,244,189.83,319.70,2,26.09,10.92
210,244,189.83,319.70,3,39.24,18.10
210,244,189.83,319.70,4,2.77,31.84
210,245,208.82,155.13,0,6.28,13.17
210,245,208.82,155.13,1,38.19,1.88
210,245,208.82,155.13,2,26.09,10.92
210,245,208.82,155.13,3,39.24,18.10
210,245,208.82,155.13,4,2.77,31.84
210,246,334.13,234.04,0,6.28,13.17
210,246,334.13,234.04,1,38.19,1.88
210,246,334.13,234.04,2,26.09,10.92
210,246,334.13,234.04,3,39.24,18.10
210,246,334.13,234.04,4,2.77,31.84
210,247,72.54,114.25,0,6.28,13.17
210,247,72.54,114.25,1,38.19,1.88
210,247,72.54,114.25,2,26.09,10.92
210,247,72.54,114.25,3,39.24,18.10
210,247,72.54,114.25,4,2.77,31.84
210,248,392.52,308.96,0,6.28,13.17
210,248,392.52,308.96,1,38.19,1.88
210,248,392.52,308.96,2,26.09,10.92
210,248,392.52,308.96,3,39.24,18.10
210,248,392.52,308.96,4,2.77,31.84
210,249,361.74,393.05,0,6.28,13.17
210,249,361.74,393.05,1,38.19,1.88
210,249,361.74,393.05,2,26.09,10.92
210,249,361.74,393.05,3,39.24,18.10
210,249,361.74,393.05,4,2.77,31.84
210,250,230.66,302.15,0,6.28,13.17
210,250,230.66,302.15,1,38.19,1.88
210,250,230.66,302.15,2,26.09,10.92
210,250,230.66,302.15,3,39.24,18.10
210,250,230.66,302.15,4,2.77,31.84
210,251,81.31,305.13,0,6.28,13.17
210,251,81.31,305.13,1,38.19,1.88
210,251,81.31,305.13,2,26.09,10.92
210,251,81.31,305.13,3,39.24,18.10
210,251,81.31,305.13,4,2.77,31.84
210,252,6.76,85.90,0,6.28,13.17
210,252,6.76,85.90,1,38.19,1.88
210,252,6.76,85.90,2,26.09,10.92
210,252,6.76,85.90,3,39.24,18.10
210,252,6.76,85.90,4,2.77,31.84
210,253,329.79,187.36,0,6.28,13.17
210,253,329.79,187.36,1,38.19,1.88
210,253,329.79,187.36,2,26.09,10.92
210,253,329.79,187.36,3,39.24,18.10
210,253,329.79,187.36,4,2.77,31.84
210,254,354.24,144.57,0,6.28,13.17
210,254,354.24,144.57,1,38.19,1.88
210,254,354.24,144.57,2,26.09,10.92
210,254,354.24,144.57,3,39.24,18.10
210,254,354.24,144.57,4,2.77,31.84
210,255,24.38,315.39,0,6.28,13.17
210,255,24.38,315.39,1,38.19,1.88
210,255,24.38,315.39,2,26.09,10.92
210,255,24.38,315.39,3,39.24,18.10
210,255,24.38,315.39,4,2.77,31.84
210,256,55.12,101.68,0,6.28,13.17
210,256,55.12,101.68,1,38.19,1.88
210,256,55.12,101.68,2,26.09,10.92
210,256,55.12,101.68,3,39.24,18.10
210,256,55.12,101.68,4,2.77,31.84
210,257,364.73,177.97,0,6.28,13.17
210,257,364.73,177.97,1,38.19,1.88
210,257,364.73,177.97,2,26.09,10.92
210,257,364.73,177.97,3,39.24,18.10
210,257,364.73,177.97,4,2.77,31.84
210,258,365.79,40.38,0,6.28,13.17
210,258,365.79,40.38,1,38.19,1.88
210,258,365.79,40.38,2,26.09,10.92
210,258,365.79,40.38,3,39.24,18.10
210,258,365.79,40.38,4,2.77,31.84
210,259,65.84,100.92,0,6.28,13.17
210,259,65.84,100.92,1,38.19,1.88
210,259,65.84,100.92,2,26.09,10.92
210,259,65.84,100.92,3,39.24,18.10
210,259,65.84,100.92,4,2.77,31.84
210,260,306.14,378.73,0,6.28,13.17
210,260,306.14,378.73,1,38.19,1.88
210,260,306.14,378.73,2,26.09,10.92
210,260,306.14,378.73,3,39.24,18.10
210,260,306.14,378.73,4,2.77,31.84
210,261,59.71,366.23,0,6.28,13.17
210,261,59.71,366.23,1,38.19,1.88
210,261,59.71,366.23,2,26.09,10.92
210,261,59.71,366.23,3,39.24,18.10
210,261,59.71,366.23,4,2.77,31.84
210,262,173.33,94.28,0,6.28,13.17
210,262,173.33,94.28,1,38.19,1.88
210,262,173.33,94.28,2,26.09,10.92
210,262,173.33,94.28,3,39.24,18.10
210,262,173.33,94.28,4,2.77,31.84
210,263,174.45,74.88,0,6.28,13.17
210,263,174.45,74.88,1,38.19,1.88
210,263,174.45,74.88,2,26.09,10.92
210,263,174.45,74.88,3,39.24,18.10
210,263,174.45,74.88,4,2.77,31.84
210,264,41.41,142.81,0,6.28,13.17
210,264,41.41,142.81,1,38.19,1.88
210,264,41.41,142.81,2,26.09,10.92
210,264,41.41,142.81,3,39.24,18.10
210,264,41.41,142.81,4,2.77,31.84
210,265,220.64,317.02,0,6.28,13.17
210,265,220.64,317.02,1,38.19,1.88
210,265,220.64,317.02,2,26.09,10.92
210,265,220.64,317.02,3,39.24,18.10
210,265,220.64,317.02,4,2.77,31.84
210,266,113.01,300.88,0,6.28,13.17
210,266,113.01,300.88,1,38.19,1.88
210,266,113.01,300.88,2,26.09,10.92
210,266,113.01,300.88,3,39.24,18.10
210,266,113.01,300.88,4,2.77,31.84
210,267,179.70,63.12,0,6.28,13.17
210,267,179.70,63.12,1,38.19,1.88
210,267,179.70,63.12,2,26.09,10.92
210,267,179.70,63.12,3,39.24,18.10
210,267,179.70,63.12,4,2.77,31.84
210,268,203.99,105.03,0,6.28,13.17
210,268,203.99,105.03,1,38.19,1.88
210,268,203.99,105.03,2,26.09,10.92
210,268,203.99,105.03,3,39.24,18.10
210,268,203.99,105.03,4,2.77,31.84
210,269,14.57,141.70,0,6.28,13.17
210,269,14.57,141.70,1,38.19,1.88
210,269,14.57,141.70,2,26.09,10.92
210,269,14.57,141.70,3,39.24,18.10
210,269,14.57,141.70,4,2.77,31.84
210,270,52.68,300.25,0,6.28,13.17
210,270,52.68,300.25,1,38.19,1.88
210,270,52.68,300.25,2,26.09,10.92
210,270,52.68,300.25,3,39.24,18.10
210,270,52.68,300.25,4,2.77,31.84
210,271,35.41,122.98,0,6.28,13.17
210,271,35.41,122.98,1,38.19,1.88
210,271,35.41,122.98,2,26.09,10.92
210,271,35.41,122.98,3,39.24,18.10
210,271,35.41,122.98,4,2.77,31.84
210,272,47.97,313.47,0,6.28,13.17
210,272,47.97,313.47,1,38.19,1.88
210,272,47.97,313.47,2,26.09,10.92
210,272,47.97,313.47,3,39.24,18.10
210,272,47.97,313.47,4,2.77,31.84
210,273,22.52,271.00,0,6.28,13.17
210,273,22.52,271.00,1,38.19,1.88
210,273,22.52,271.00,2,26.09,10.92
210,273,22.52,271.00,3,39.24,18.10
210,273,22.52,271.00,4,2.77,31.84
210,274,99.43,6.34,0,6.28,13.17
210,274,99.43,6.34,1,38.19,1.88
210,274,99.43,6.34,2,26.09,10.92
210,274,99.43,6.34,3,39.24,18.10
210,274,99.43,6.34,4,2.77,31.84
210,275,316.06,218.80,0,6.28,13.17
210,275,316.06,218.80,1,38.19,1.88
210,275,316.06,218.80,2,26.09,10.92
210,275,316.06,218.80,3,39.24,18.10
210,275,316.06,218.80,4,2.77,31.84
210,276,312.82,229.22,0,6.28,13.17
210,276,312.82,229.22,1,38.19,1.88
210,276,312.82,229.22,2,26.09,10.92
210,276,312.82,229.22,3,39.24,18.10
210,276,312.82,229.22,4,2.77,31.84
210,277,289.01,188.33,0,6.28,13.17
210,277,289.01,188.33,1,38.19,1.88
210,277,289.01,188.33,2,26.09,10.92
210,277,289.01,188.33,3,39.24,18.10
210,277,289.01,188.33,4,2.77,31.84
210,278,75.09,384.69,0,6.28,13.17
210,278,75.09,384.69,1,38.19,1.88
210,278,75.09,384.69,2,26.09,10.92
210,278,75.09,384.69,3,39.24,18.10
210,278,75.09,384.69,4,2.77,31.84
210,279,237.27,393.69,0,6.28,13.17
210,279,237.27,393.69,1,38.19,1.88
210,279,237.27,393.69,2,26.09,10.92
210,279,237.27,393.69,3,39.24,18.10
210,279,237.27,393.69,4,2.77,31.84
210,281,217.98,62.12,0,6.28,13.17
210,281,217.98,62.12,1,38.19,1.88
210,281,217.98,62.12,2,26.09,10.92
210,281,217.98,62.12,3,39.24,18.10
210,281,217.98,62.12,4,2.77,31.84
210,282,351.05,178.49,0,6.28,13.17
210,282,351.05,178.49,1,38.19,1.88
210,282,351.05,178.49,2,26.09,10.92
210,282,351.05,178.49,3,39.24,18.10
210,282,351.05,178.49,4,2.77,31.84
210,283,331.00,164.86,0,6.28,13.17
210,283,331.00,164.86,1,38.19,1.88
210,283,331.00,164.86,2,26.09,10.92
210,283,331.00,164.86,3,39.24,18.10
210,283,331.00,164.86,4,2.77,31.84
210,284,218.54,95.75,0,6.28,13.17
210,284,218.54,95.75,1,38.19,1.88
210,284,218.54,95.75,2,26.09,10.92
210,284,218.54,95.75,3,39.24,18.10
210,284,218.54,95.75,4,2.77,31.84
210,285,220.28,344.62,0,6.28,13.17
210,285,220.28,344.62,1,38.19,1.88
210,285,220.28,344.62,2,26.09,10.92
210,285,220.28,344.62,3,39.24,18.10
210,285,220.28,344.62,4,2.77,31.84
210,286,250.73,335.79,0,6.28,13.17
210,286,250.73,335.79,1,38.19,1.88
210,286,250.73,335.79,2,26.09,10.92
210,286,250.73,335.79,3,39.24,18.10
210,286,250.73,335.79,4,2.77,31.84
210,288,113.36,7.30,0,6.28,13.17
210,288,113.36,7.30,1,38.19,1.88
210,288,113.36,7.30,2,26.09,10.92
210,288,113.36,7.30,3,39.24,18.10
210,288,113.36,7.30,4,2.77,31.84
210,289,56.18,323.34,0,6.28,13.17
210,289,56.18,323.34,1,38.19,1.88
210,289,56.18,323.34,2,26.09,10.92
210,289,56.18,323.34,3,39.24,18.10
210,289,56.18,323.34,4,2.77,31.84
210,290,306.34,255.84,0,6.28,13.17
210,290,306.34,255.84,1,38.19,1.88
210,290,306.34,255.84,2,26.09,10.92
210,290,306.34,255.84,3,39.24,18.10
210,290,306.34,255.84,4,2.77,31.84
210,291,59.94,47.26,0,6.28,13.17
210,291,59.94,47.26,1,38.19,1.88
210,291,59.94,47.26,2,26.09,10.92
210,291,59.94,47.26,3,39.24,18.10
210,291,59.94,47.26,4,2.77,31.84
210,292,268.27,299.01,0,6.28,13.17
210,292,268.27,299.01,1,38.19,1.88
210,292,268.27,299.01,2,26.09,10.92
210,292,268.27,299.01,3,39.24,18.10
210,292,268.27,299.01,4,2.77,31.84
210,293,227.11,115.47,0,6.28,13.17
210,293,227.11,115.47,1,38.19,1.88
210,293,227.11,115.47,2,26.09,10.92
210,293,227.11,115.47,3,39.24,18.10
210,293,227.11,115.47,4,2.77,31.84
210,294,85.27,350.89,0,6.28,13.17
210,294,85.27,350.89,1,38.19,1.88
210,294,85.27,350.89,2,26.09,10.92
210,294,85.27,350.89,3,39.24,18.10
210,294,85.27,350.89,4,2.77,31.84
210,296,356.59,22.10,0,6.28,13.17
210,296,356.59,22.10,1,38.19,1.88
210,296,356.59,22.10,2,26.09,10.92
210,296,356.59,22.10,3,39.24,18.10
210,296,356.59,22.10,4,2.77,31.84
210,297,371.34,146.21,0,6.28,13.17
210,297,371.34,146.21,1,38.19,1.88
210,297,371.34,146.21,2,26.09,10.92
210,297,371.34,146.21,3,39.24,18.10
210,297,371.34,146.21,4,2.77,31.84
210,298,355.58,30.57,0,6.28,13.17
210,298,355.58,30.57,1,38.19,1.88
210,298,355.58,30.57,2,26.09,10.92
210,298,355.58,30.57,3,39.24,18.10
210,298,355.58,30.57,4,2.77,31.84
210,299,53.69,135.06,0,6.28,13.17
210,299,53.69,135.06,1,38.19,1.88
210,299,53.69,135.06,2,26.09,10.92
210,299,53.69,135.06,3,39.24,18.10
210,299,53.69,135.06,4,2.77,31.84
210,300,207.43,338.05,0,6.28,13.17
210,300,207.43,338.05,1,38.19,1.88
210,300,207.43,338.05,2,26.09,10.92
210,300,207.43,338.05,3,39.24,18.10
210,300,207.43,338.05,4,2.77,31.84
220,2,47.07,96.98,0,6.76,12.62
220,2,47.07,96.98,1,38.37,2.66
220,2,47.07,96.98,2,26.74,10.62
220,2,47.07,96.98,3,39.57,17.80
220,2,47.07,96.98,4,3.32,31.44
220,3,186.04,267.50,0,6.76,12.62
220,3,186.04,267.50,1,38.37,2.66
220,3,186.04,267.50,2,26.74,10.62
220,3,186.04,267.50,3,39.57,17.80
220,3,186.04,267.50,4,3.32,31.44
220,4,253.25,111.00,0,6.76,12.62
220,4,253.25,111.00,1,38.37,2.66
220,4,253.25,111.00,2,26.74,10.62
220,4,253.25,111.00,3,39.57,17.80
220,4,253.25,111.00,4,3.32,31.44
220,5,24.17,327.26,0,6.76,12.62
220,5,24.17,327.26,1,38.37,2.66
220,5,24.17,327.26,2,26.74,10.62
220,5,24.17,327.26,3,39.57,17.80
220,5,24.17,327.26,4,3.32,31.44
220,6,67.05,296.36,0,6.76,12.62
220,6,67.05,296.36,1,38.37,2.66
220,6,67.05,296.36,2,26.74,10.62
220,6,67.05,296.36,3,39.57,17.80
220,6,67.05,296.36,4,3.32,31.44
220,7,63.30,121.97,0,6.76,12.62
220,7,63.30,121.97,1,38.37,2.66
220,7,63.30,121.97,2,26.74,10.62
220,7,63.30,121.97,3,39.57,17.80
220,7,63.30,121.97,4,3.32,31.44
220,8,122.77,374.79,0,6.76,12.62
220,8,122.77,374.79,1,38.37,2.66
220,8,122.77,374.79,2,26.74,10.62
220,8,122.77,374.79,3,39.57,17.80
220,8,122.77,374.79,4,3.32,31.44
220,9,284.22,199.14,0,6.76,12.62
220,9,284.22,199.14,1,38.37,2.66
220,9,284.22,199.14,2,26.74,10.62
220,9,284.22,199.14,3,39.57,17.80
220,9,284.22,199.14,4,3.32,31.44
220,10,384.04,175.47,0,6.76,12.62
220,10,384.04,175.47,1,38.37,2.66
220,10,384.04,175.47,2,26.74,10.62
220,10,384.04,175.47,3,39.57,17.80
220,10,384.04,175.47,4,3.32,31.44
220,11,179.88,112.00,0,6.76,12.62
220,11,179.88,112.00,1,38.37,2.66
220,11,179.88,112.00,2,26.74,10.62
220,11,179.88,112.00,3,39.57,17.80
220,11,179.88,112.00,4,3.32,31.44
220,12,237.10,97.54,0,6.76,12.62
220,12,237.10,97.54,1,38.37,2.66
220,12,237.10,97.54,2,26.74,10.62
220,12,237.10,97.54,3,39.57,17.80
220,12,237.10,97.54,4,3.32,31.44
220,13,168.10,88.57,0,6.76,12.62
220,13,168.10,88.57,1,38.37,2.66
220,13,168.10,88.57,2,26.74,10.62
220,13,168.10,88.57,3,39.57,17.80
220,13,168.10,88.57,4,3.32,31.44
220,14,13.61,355.93,0,6.76,12.62
220,14,13.61,355.93,1,38.37,2.66
220,14,13.61,355.93,2,26.74,10.62
220,14,13.61,355.93,3,39.57,17.80
220,14,13.61,355.93,4,3.32,31.44
220,15,11.27,332.70,0,6.76,12.62
220,15,11.27,332.70,1,38.37,2.66
220,15,11.27,332.70,2,26.74,10.62
220,15,11.27,332.70,3,39.57,17.80
220,15,11.27,332.70,4,3.32,31.44
220,16,336.66,267.21,0,6.76,12.62
220,16,336.66,267.21,1,38.37,2.66
220,16,336.66,267.21,2,26.74,10.62
220,16,336.66,267.21,3,39.57,17.80
220,16,336.66,267.21,4,3.32,31.44
220,17,385.13,182.23,0,6.76,12.62
220,17,385.13,182.23,1,38.37,2.66
220,17,385.13,182.23,2,26.74,10.62
220,17,385.13,182.23,3,39.57,17.80
220,17,385.13,182.23,4,3.32,31.44
220,18,179.80,346.97,0,6.76,12.62
220,18,179.80,346.97,1,38.37,2.66
220,18,179.80,346.97,2,26.74,10.62
220,18,179.80,346.97,3,39.57,17.80
220,18,179.80,346.97,4,3.32,31.44
220,19,54.89,330.22,0,6.76,12.62
220,19,54.89,330.22,1,38.37,2.66
220,19,54.89,330.22,2,26.74,10.62
220,19,54.89,330.22,3,39.57,17.80
220,19,54.89,330.22,4,3.32,31.44
220,20,219.13,389.38,0,6.76,12.62
220,20,219.13,389.38,1,38.37,2.66
220,20,219.13,389.38,2,26.74,10.62
220,20,219.13,389.38,3,39.57,17.80
220,20,219.13,389.38,4,3.32,31.44
220,21,382.83,147.83,0,6.76,12.62
220,21,382.83,147.83,1,38.37,2.66
220,21,382.83,147.83,2,26.74,10.62
220,21,382.83,147.83,3,39.57,17.80
220,21,382.83,147.83,4,3.32,31.44
220,22,287.63,368.49,0,6.76,12.62
220,22,287.63,368.49,1,38.37,2.66
220,22,287.63,368.49,2,26.74,10.62
220,22,287.63,368.49,3,39.57,17.80
220,22,287.63,368.49,4,3.32,31.44
220,23,359.29,237.60,0,6.76,12.62
220,23,359.29,237.60,1,38.37,2.66
220,23,359.29,237.60,2,26.74,10.62
220,23,359.29,237.60,3,39.57,17.80
220,23,359.29,237.60,4,3.32,31.44
220,24,161.43,75.96,0,6.76,12.62
220,24,161.43,75.96,1,38.37,2.66
220,24,161.43,75.96,2,26.74,10.62
220,24,161.43,75.96,3,39.57,17.80
220,24,161.43,75.96,4,3.32,31.44
220,25,57.57,348.08,0,6.76,12.62
220,25,57.57,348.08,1,38.37,2.66
220,25,57.57,348.08,2,26.74,10.62
220,25,57.57,348.08,3,39.57,17.80
220,25,57.57,348.08,4,3.32,31.44
220,26,294.97,36.56,0,6.76,12.62
220,26,294.97,36.56,1,38.37,2.66
220,26,294.97,36.56,2,26.74,10.62
220,26,294.97,36.56,3,39.57,17.80
220,26,294.97,36.56,4,3.32,31.44
220,27,234.48,102.14,0,6.76,12.62
220,27,234.48,102.14,1,38.37,2.66
220,27,234.48,102.14,2,26.74,10.62
220,27,234.48,102.14,3,39.57,17.80
220,27,234.48,102.14,4,3.32,31.44
220,28,381.56,352.56,0,6.76,12.62
220,28,381.56,352.56,1,38.37,2.66
220,28,381.56,352.56,2,26.74,10.62
220,28,381.56,352.56,3,39.57,17.80
220,28,381.56,352.56,4,3.32,31.44
220,29,146.11,264.29,0,6.76,12.62
220,29,146.11,264.29,1,38.37,2.66
220,29,146.11,264.29,2,26.74,10.62
220,29,146.11,264.29,3,39.57,17.80
220,29,146.11,264.29,4,3.32,31.44
220,31,210.72,59.18,0,6.76,12.62
220,31,210.72,59.18,1,38.37,2.66
220,31,210.72,59.18,2,26.74,10.62
220,31,210.72,59.18,3,39.57,17.80
220,31,210.72,59.18,4,3.32,31.44
220,32,242.29,93.83,0,6.76,12.62
220,32,242.29,93.83,1,38.37,2.66
220,32,242.29,93.83,2,26.74,10.62
220,32,242.29,93.83,3,39.57,17.80
220,32,242.29,93.83,4,3.32,31.44
220,33,33.73,302.47,0,6.76,12.62
220,33,33.73,302.47,1,38.37,2.66
220,33,33.73,302.47,2,26.74,10.62
220,33,33.73,302.47,3,39.57,17.80
220,33,33.73,302.47,4,3.32,31.44
220,34,213.18,112.54,0,6.76,12.62
220,34,213.18,112.54,1,38.37,2.66
220,34,213.18,112.54,2,26.74,10.62
220,34,213.18,112.54,3,39.57,17.80
220,34,213.18,112.54,4,3.32,31.44
220,35,347.92,199.32,0,6.76,12.62
220,35,347.92,199.32,1,38.37,2.66
220,35,347.92,199.32,2,26.74,10.62
220,35,347.92,199.32,3,39.57,17.80
220,35,347.92,199.32,4,3.32,31.44
220,36,78.70,327.57,0,6.76,12.62
220,36,78.70,327.57,1,38.37,2.66
220,36,78.70,327.57,2,26.74,10.62
220,36,78.70,327.57,3,39.57,17.80
220,36,78.70,327.57,4,3.32,31.44
220,37,321.37,260.01,0,6.76,12.62
220,37,321.37,260.01,1,38.37,2.66
220,37,321.37,260.01,2,26.74,10.62
220,37,321.37,260.01,3,39.57,17.80
220,37,321.37,260.01,4,3.32,31.44
220,38,118.26,228.76,0,6.76,12.62
220,38,118.26,228.76,1,38.37,2.66
220,38,118.26,228.76,2,26.74,10.62
220,38,118.26,228.76,3,39.57,17.80
220,38,118.26,228.76,4,3.32,31.44
220,39,95.88,187.66,0,6.76,12.62
220,39,95.88,187.66,1,38.37,2.66
220,39,95.88,187.66,2,26.74,10.62
220,39,95.88,187.66,3,39.57,17.80
220,39,95.88,187.66,4,3.32,31.44
220,40,258.02,107.83,0,6.76,12.62
220,40,258.02,107.83,1,38.37,2.66
220,40,258.02,107.83,2,26.74,10.62
220,40,258.02,107.83,3,39.57,17.80
220,40,258.02,107.83,4,3.32,31.44
220,41,264.97,294.58,0,6.76,12.62
220,41,264.97,294.58,1,38.37,2.66
220,41,264.97,294.58,2,26.74,10.62
220,41,264.97,294.58,3,39.57,17.80
220,41,264.97,294.58,4,3.32,31.44
220,42,361.41,214.86,0,6.76,12.62
220,42,361.41,214.86,1,38.37,2.66
220,42,361.41,214.86,2,26.74,10.62
220,42,361.41,214.86,3,39.57,17.80
220,42,361.41,214.86,4,3.32,31.44
220,43,227.47,88.60,0,6.76,12.62
220,43,227.47,88.60,1,38.37,2.66
220,43,227.47,88.60,2,26.74,10.62
220,43,227.47,88.60,3,39.57,17.80
220,43,227.47,88.60,4,3.32,31.44
220,44,372.38,192.59,0,6.76,12.62
220,44,372.38,192.59,1,38.37,2.66
220,44,372.38,192.59,2,26.74,10.62
220,44,372.38,192.59,3,39.57,17.80
220,44,372.38,192.59,4,3.32,31.44
220,46,57.95,353.65,0,6.76,12.62
220,46,57.95,353.65,1,38.37,2.66
220,46,57.95,353.65,2,26.74,10.62
220,46,57.95,353.65,3,39.57,17.80
220,46,57.95,353.65,4,3.32,31.44
220,47,33.73,317.88,0,6.76,12.62
220,47,33.73,317.88,1,38.37,2.66
220,47,33.73,317.88,2,26.74,10.62
220,47,33.73,317.88,3,39.57,17.80
220,47,33.73,317.88,4,3.32,31.44
220,48,364.37,187.22,0,6.76,12.62
220,48,364.37,187.22,1,38.37,2.66
220,48,364.37,187.22,2,26.74,10.62
220,48,364.37,187.22,3,39.57,17.80
220,48,364.37,187.22,4,3.32,31.44
220,49,220.03,116.73,0,6.76,12.62
220,49,220.03,116.73,1,38.37,2.66
220,49,220.03,116.73,2,26.74,10.62
220,49,220.03,116.73,3,39.57,17.80
220,49,220.03,116.73,4,3.32,31.44
220,50,320.81,305.80,0,6.76,12.62
220,50,320.81,305.80,1,38.37,2.66
220,50,320.81,305.80,2,26.74,10.62
220,50,320.81,305.80,3,39.57,17.80
220,50,320.81,305.80,4,3.32,31.44
220,51,22.48,341.55,0,6.76,12.62
220,51,22.48,341.55,1,38.37,2.66
220,51,22.48,341.55,2,26.74,10.62
220,51,22.48,341.55,3,39.57,17.80
220,51,22.48,341.55,4,3.32,31.44
220,52,227.15,109.23,0,6.76,12.62
220,52,227.15,109.23,1,38.37,2.66
220,52,227.15,109.23,2,26.74,10.62
220,52,227.15,109.23,3,39.57,17.80
220,52,227.15,109.23,4,3.32,31.44
220,53,295.69,226.03,0,6.76,12.62
220,53,295.69,226.03,1,38.37,2.66
220,53,295.69,226.03,2,26.74,10.62
220,53,295.69,226.03,3,39.57,17.80
220,53,295.69,226.03,4,3.32,31.44
220,54,356.44,17.47,0,6.76,12.62
220,54,356.44,17.47,1,38.37,2.66
220,54,356.44,17.47,2,26.74,10.62
220,54,356.44,17.47,3,39.57,17.80
220,54,356.44,17.47,4,3.32,31.44
220,55,294.47,239.49,0,6.76,12.62
220,55,294.47,239.49,1,38.37,2.66
220,55,294.47,239.49,2,26.74,10.62
220,55,294.47,239.49,3,39.57,17.80
220,55,294.47,239.49,4,3.32,31.44
220,56,338.64,180.08,0,6.76,12.62
220,56,338.64,180.08,1,38.37,2.66
220,56,338.64,180.08,2,26.74,10.62
220,56,338.64,180.08,3,39.57,17.80
220,56,338.64,180.08,4,3.32,31.44
220,57,81.48,163.78,0,6.76,12.62
220,57,81.48,163.78,1,38.37,2.66
220,57,81.48,163.78,2,26.74,10.62
220,57,81.48,163.78,3,39.57,17.80
220,57,81.48,163.78,4,3.32,31.44
220,58,369.98,182.95,0,6.76,12.62
220,58,369.98,182.95,1,38.37,2.66
220,58,369.98,182.95,2,26.74,10.62
220,58,369.98,182.95,3,39.57,17.80
220,58,369.98,182.95,4,3.32,31.44
220,60,185.39,280.42,0,6.76,12.62
220,60,185.39,280.42,1,38.37,2.66
220,60,185.39,280.42,2,26.74,10.62
220,60,185.39,280.42,3,39.57,17.80
220,60,185.39,280.42,4,3.32,31.44
220,61,53.91,142.64,0,6.76,12.62
220,61,53.91,142.64,1,38.37,2.66
220,61,53.91,142.64,2,26.74,10.62
220,61,53.91,142.64,3,39.57,17.80
220,61,53.91,142.64,4,3.32,31.44
220,62,30.33,359.18,0,6.76,12.62
220,62,30.33,359.18,1,38.37,2.66
220,62,30.33,359.18,2,26.74,10.62
220,62,30.33,359.18,3,39.57,17.80
220,62,30.33,359.18,4,3.32,31.44
220,63,90.08,164.49,0,6.76,12.62
220,63,90.08,164.49,1,38.37,2.66
220,63,90.08,164.49,2,26.74,10.62
220,63,90.08,164.49,3,39.57,17.80
220,63,90.08,164.49,4,3.32,31.44
220,64,371.32,17.80,0,6.76,12.62
220,64,371.32,17.80,1,38.37,2.66
220,64,371.32,17.80,2,26.74,10.62
220,64,371.32,17.80,3,39.57,17.80
220,64,371.32,17.80,4,3.32,31.44
220,65,347.93,248.30,0,6.76,12.62
220,65,347.93,248.30,1,38.37,2.66
220,65,347.93,248.30,2,26.74,10.62
220,65,347.93,248.30,3,39.57,17.80
220,65,347.93,248.30,4,3.32,31.44
220,66,78.14,372.02,0,6.76,12.62
220,66,78.14,372.02,1,38.37,2.66
220,66,78.14,372.02,2,26.74,10.62
220,66,78.14,372.02,3,39.57,17.80
220,66,78.14,372.02,4,3.32,31.44
220,67,42.76,196.94,0,6.76,12.62
220,67,42.76,196.94,1,38.37,2.66
220,67,42.76,196.94,2,26.74,10.62
220,67,42.76,196.94,3,39.57,17.80
220,67,42.76,196.94,4,3.32,31.44
220,68,226.26,325.71,0,6.76,12.62
220,68,226.26,325.71,1,38.37,2.66
220,68,226.26,325.71,2,26.74,10.62
220,68,226.26,325.71,3,39.57,17.80
220,68,226.26,325.71,4,3.32,31.44
220,69,379.89,353.05,0,6.76,12.62
220,69,379.89,353.05,1,38.37,2.66
220,69,379.89,353.05,2,26.74,10.62
220,69,379.89,353.05,3,39.57,17.80
220,69,379.89,353.05,4,3.32,31.44
220,70,234.84,104.59,0,6.76,12.62
220,70,234.84,104.59,1,38.37,2.66
220,70,234.84,104.59,2,26.74,10.62
220,70,234.84,104.59,3,39.57,17.80
220,70,234.84,104.59,4,3.32,31.44
220,71,34.13,354.20,0,6.76,12.62
220,71,34.13,354.20,1,38.37,2.66
220,71,34.13,354.20,2,26.74,10.62
220,71,34.13,354.20,3,39.57,17.80
220,71,34.13,354.20,4,3.32,31.44
220,72,19.11,356.24,0,6.76,12.62
220,72,19.11,356.24,1,38.37,2.66
220,72,19.11,356.24,2,26.74,10.62
220,72,19.11,356.24,3,39.57,17.80
220,72,19.11,356.24,4,3.32,31.44
220,73,372.85,173.24,0,6.76,12.62
220,73,372.85,173.24,1,38.37,2.66
220,73,372.85,173.24,2,26.74,10.62
220,73,372.85,173.24,3,39.57,17.80
220,73,372.85,173.24,4,3.32,31.44
220,74,237.01,91.36,0,6.76,12.62
220,74,237.01,91.36,1,38.37,2.66
220,74,237.01,91.36,2,26.74,10.62
220,74,237.01,91.36,3,39.57,17.80
220,74,237.01,91.36,4,3.32,31.44
220,75,218.06,101.60,0,6.76,12.62
220,75,218.06,101.60,1,38.37,2.66
220,75,218.06,101.60,2,26.74,10.62
220,75,218.06,101.60,3,39.57,17.80
220,75,218.06,101.60,4,3.32,31.44
220,76,370.99,141.63,0,6.76,12.62
220,76,370.99,141.63,1,38.37,2.66
220,76,370.99,141.63,2,26.74,10.62
220,76,370.99,141.63,3,39.57,17.80
220,76,370.99,141.63,4,3.32,31.44
220,77,66.76,144.87,0,6.76,12.62
220,77,66.76,144.87,1,38.37,2.66
220,77,66.76,144.87,2,26.74,10.62
220,77,66.76,144.87,3,39.57,17.80
220,77,66.76,144.87,4,3.32,31.44
220,78,202.63,383.83,0,6.76,12.62
220,78,202.63,383.83,1,38.37,2.66
220,78,202.63,383.83,2,26.74,10.62
220,78,202.63,383.83,3,39.57,17.80
220,78,202.63,383.83,4,3.32,31.44
220,79,368.04,198.78,0,6.76,12.62
220,79,368.04,198.78,1,38.37,2.66
220,79,368.04,198.78,2,26.74,10.62
220,79,368.04,198.78,3,39.57,17.80
220,79,368.04,198.78,4,3.32,31.44
220,81,248.04,364.20,0,6.76,12.62
220,81,248.04,364.20,1,38.37,2.66
220,81,248.04,364.20,2,26.74,10.62
220,81,248.04,364.20,3,39.57,17.80
220,81,248.04,364.20,4,3.32,31.44
220,82,334.95,135.75,0,6.76,12.62
220,82,334.95,135.75,1,38.37,2.66
220,82,334.95,135.75,2,26.74,10.62
220,82,334.95,135.75,3,39.57,17.80
220,82,334.95,135.75,4,3.32,31.44
220,83,185.06,46.44,0,6.76,12.62
220,83,185.06,46.44,1,38.37,2.66
220,83,185.06,46.44,2,26.74,10.62
220,83,185.06,46.44,3,39.57,17.80
220,83,185.06,46.44,4,3.32,31.44
220,84,204.97,291.10,0,6.76,12.62
220,84,204.97,291.10,1,38.37,2.66
220,84,204.97,291.10,2,26.74,10.62
220,84,204.97,291.10,3,39.57,17.80
220,84,204.97,291.10,4,3.32,31.44
220,85,364.81,149.79,0,6.76,12.62
220,85,364.81,149.79,1,38.37,2.66
220,85,364.81,149.79,2,26.74,10.62
220,85,364.81,149.79,3,39.57,17.80
220,85,364.81,149.79,4,3.32,31.44
220,86,43.79,131.06,0,6.76,12.62
220,86,43.79,131.06,1,38.37,2.66
220,86,43.79,131.06,2,26.74,10.62
220,86,43.79,131.06,3,39.57,17.80
220,86,43.79,131.06,4,3.32,31.44
220,87,385.24,16.47,0,6.76,12.62
220,87,385.24,16.47,1,38.37,2.66
220,87,385.24,16.47,2,26.74,10.62
220,87,385.24,16.47,3,39.57,17.80
220,87,385.24,16.47,4,3.32,31.44
220,88,182.08,300.76,0,6.76,12.62
220,88,182.08,300.76,1,38.37,2.66
220,88,182.08,300.76,2,26.74,10.62
220,88,182.08,300.76,3,39.57,17.80
220,88,182.08,300.76,4,3.32,31.44
220,89,306.22,61.12,0,6.76,12.62
220,89,306.22,61.12,1,38.37,2.66
220,89,306.22,61.12,2,26.74,10.62
220,89,306.22,61.12,3,39.57,17.80
220,89,306.22,61.12,4,3.32,31.44
220,90,204.83,63.23,0,6.76,12.62
220,90,204.83,63.23,1,38.37,2.66
220,90,204.83,63.23,2,26.74,10.62
220,90,204.83,63.23,3,39.57,17.80
220,90,204.83,63.23,4,3.32,31.44
220,92,257.35,100.77,0,6.76,12.62
220,92,257.35,100.77,1,38.37,2.66
220,92,257.35,100.77,2,26.74,10.62
220,92,257.35,100.77,3,39.57,17.80
220,92,257.35,100.77,4,3.32,31.44
220,93,246.24,96.65,0,6.76,12.62
220,93,246.24,96.65,1,38.37,2.66
220,93,246.24,96.65,2,26.74,10.62
220,93,246.24,96.65,3,39.57,17.80
220,93,246.24,96.65,4,3.32,31.44
220,94,14.05,341.04,0,6.76,12.62
220,94,14.05,341.04,1,38.37,2.66
220,94,14.05,341.04,2,26.74,10.62
220,94,14.05,341.04,3,39.57,17.80
220,94,14.05,341.04,4,3.32,31.44
220,95,340.45,161.27,0,6.76,12.62
220,95,340.45,161.27,1,38.37,2.66
220,95,340.45,161.27,2,26.74,10.62
220,95,340.45,161.27,3,39.57,17.80
220,95,340.45,161.27,4,3.32,31.44
220,96,76.17,166.47,0,6.76,12.62
220,96,76.17,166.47,1,38.37,2.66
220,96,76.17,166.47,2,26.74,10.62
220,96,76.17,166.47,3,39.57,17.80
220,96,76.17,166.47,4,3.32,31.44
220,97,256.59,154.84,0,6.76,12.62
220,97,256.59,154.84,1,38.37,2.66
220,97,256.59,154.84,2,26.74,10.62
220,97,256.59,154.84,3,39.57,17.80
220,97,256.59,154.84,4,3.32,31.44
220,98,352.01,12.43,0,6.76,12.62
220,98,352.01,12.43,1,38.37,2.66
220,98,352.01,12.43,2,26.74,10.62
220,98,352.01,12.43,3,39.57,17.80
220,98,352.01,12.43,4,3.32,31.44
220,99,384.67,182.17,0,6.76,12.62
220,99,384.67,182.17,1,38.37,2.66
220,99,384.67,182.17,2,26.74,10.62
220,99,384.67,182.17,3,39.57,17.80
220,99,384.67,182.17,4,3.32,31.44
220,102,57.68,161.39,0,6.76,12.62
220,102,57.68,161.39,1,38.37,2.66
220,102,57.68,161.39,2,26.74,10.62
220,102,57.68,161.39,3,39.57,17.80
220,102,57.68,161.39,4,3.32,31.44
220,103,98.56,378.52,0,6.76,12.62
220,103,98.56,378.52,1,38.37,2.66
220,103,98.56,378.52,2,26.74,10.62
220,103,98.56,378.52,3,39.57,17.80
220,103,98.56,378.52,4,3.32,31.44
220,104,361.75,9.71,0,6.76,12.62
220,104,361.75,9.71,1,38.37,2.66
220,104,361.75,9.71,2,26.74,10.62
220,104,361.75,9.71,3,39.57,17.80
220,104,361.75,9.71,4,3.32,31.44
220,105,33.19,342.92,0,6.76,12.62
220,105,33.19,342.92,1,38.37,2.66
220,105,33.19,342.92,2,26.74,10.62
220,105,33.19,342.92,3,39.57,17.80
220,105,33.19,342.92,4,3.32,31.44
220,106,50.92,271.33,0,6.76,12.62
220,106,50.92,271.33,1,38.37,2.66
220,106,50.92,271.33,2,26.74,10.62
220,106,50.92,271.33,3,39.57,17.80
220,106,50.92,271.33,4,3.32,31.44
220,107,250.45,115.02,0,6.76,12.62
220,107,250.45,115.02,1,38.37,2.66
220,107,250.45,115.02,2,26.74,10.62
220,107,250.45,115.02,3,39.57,17.80
220,107,250.45,115.02,4,3.32,31.44
220,108,11.57,72.20,0,6.76,12.62
220,108,11.57,72.20,1,38.37,2.66
220,108,11.57,72.20,2,26.74,10.62
220,108,11.57,72.20,3,39.57,17.80
220,108,11.57,72.20,4,3.32,31.44
220,109,55.75,314.74,0,6.76,12.62
220,109,55.75,314.74,1,38.37,2.66
220,109,55.75,314.74,2,26.74,10.62
220,109,55.75,314.74,3,39.57,17.80
220,109,55.75,314.74,4,3.32,31.44
220,110,108.11,334.00,0,6.76,12.62
220,110,108.11,334.00,1,38.37,2.66
220,110,108.11,334.00,2,26.74,10.62
220,110,108.11,334.00,3,39.57,17.80
220,110,108.11,334.00,4,3.32,31.44
220,111,375.91,24.20,0,6.76,12.62
220,111,375.91,24.20,1,38.37,2.66
220,111,375.91,24.20,2,26.74,10.62
220,111,375.91,24.20,3,39.57,17.80
220,111,375.91,24.20,4,3.32,31.44
220,112,195.49,105.70,0,6.76,12.62
220,112,195.49,105.70,1,38.37,2.66
220,112,195.49,105.70,2,26.74,10.62
220,112,195.49,105.70,3,39.57,17.80
220,112,195.49,105.70,4,3.32,31.44
220,113,93.56,133.62,0,6.76,12.62
220,113,93.56,133.62,1,38.37,2.66
220,113,93.56,133.62,2,26.74,10.62
220,113,93.56,133.62,3,39.57,17.80
220,113,93.56,133.62,4,3.32,31.44
220,114,167.71,32.10,0,6.76,12.62
220,114,167.71,32.10,1,38.37,2.66
220,114,167.71,32.10,2,26.74,10.62
220,114,167.71,32.10,3,39.57,17.80
220,114,167.71,32.10,4,3.32,31.44
220,115,374.42,208.03,0,6.76,12.62
220,115,374.42,208.03,1,38.37,2.66
220,115,374.42,208.03,2,26.74,10.62
220,115,374.42,208.03,3,39.57,17.80
220,115,374.42,208.03,4,3.32,31.44
220,116,223.91,126.00,0,6.76,12.62
220,116,223.91,126.00,1,38.37,2.66
220,116,223.91,126.00,2,26.74,10.62
220,116,223.91,126.00,3,39.57,17.80
220,116,223.91,126.00,4,3.32,31.44
220,117,357.34,125.77,0,6.76,12.62
220,117,357.34,125.77,1,38.37,2.66
220,117,357.34,125.77,2,26.74,10.62
220,117,357.34,125.77,3,39.57,17.80
220,117,357.34,125.77,4,3.32,31.44
220,118,88.77,193.94,0,6.76,12.62
220,118,88.77,193.94,1,38.37,2.66
220,118,88.77,193.94,2,26.74,10.62
220,118,88.77,193.94,3,39.57,17.80
220,118,88.77,193.94,4,3.32,31.44
220,119,328.01,129.32,0,6.76,12.62
220,119,328.01,129.32,1,38.37,2.66
220,119,328.01,129.32,2,26.74,10.62
220,119,328.01,129.32,3,39.57,17.80
220,119,328.01,129.32,4,3.32,31.44
220,120,182.70,230.49,0,6.76,12.62
220,120,182.70,230.49,1,38.37,2.66
220,120,182.70,230.49,2,26.74,10.62
220,120,182.70,230.49,3,39.57,17.80
220,120,182.70,230.49,4,3.32,31.44
220,121,71.06,125.35,0,6.76,12.62
220,121,71.06,125.35,1,38.37,2.66
220,121,71.06,125.35,2,26.74,10.62
220,121,71.06,125.35,3,39.57,17.80
220,121,71.06,125.35,4,3.32,31.44
220,122,134.49,234.79,0,6.76,12.62
220,122,134.49,234.79,1,38.37,2.66
220,122,134.49,234.79,2,26.74,10.62
220,122,134.49,234.79,3,39.57,17.80
220,122,134.49,234.79,4,3.32,31.44
220,123,156.63,323.02,0,6.76,12.62
220,123,156.63,323.02,1,38.37,2.66
220,123,156.63,323.02,2,26.74,10.62
220,123,156.63,323.02,3,39.57,17.80
220,123,156.63,323.02,4,3.32,31.44
220,124,115.95,41.99,0,6.76,12.62
220,124,115.95,41.99,1,38.37,2.66
220,124,115.95,41.99,2,26.74,10.62
220,124,115.95,41.99,3,39.57,17.80
220,124,115.95,41.99,4,3.32,31.44
220,125,366.31,112.67,0,6.76,12.62
220,125,366.31,112.67,1,38.37,2.66
220,125,366.31,112.67,2,26.74,10.62
220,125,366.31,112.67,3,39.57,17.80
220,125,366.31,112.67,4,3.32,31.44
220,126,36.21,107.92,0,6.76,12.62
220,126,36.21,107.92,1,38.37,2.66
220,126,36.21,107.92,2,26.74,10.62
220,126,36.21,107.92,3,39.57,17.80
220,126,36.21,107.92,4,3.32,31.44
220,127,25.78,364.29,0,6.76,12.62
220,127,25.78,364.29,1,38.37,2.66
220,127,25.78,364.29,2,26.74,10.62
220,127,25.78,364.29,3,39.57,17.80
220,127,25.78,364.29,4,3.32,31.44
220,128,239.27,361.33,0,6.76,12.62
220,128,239.27,361.33,1,38.37,2.66
220,128,239.27,361.33,2,26.74,10.62
220,128,239.27,361.33,3,39.57,17.80
220,128,239.27,361.33,4,3.32,31.44
220,129,304.19,168.50,0,6.76,12.62
220,129,304.19,168.50,1,38.37,2.66
220,129,304.19,168.50,2,26.74,10.62
220,129,304.19,168.50,3,39.57,17.80
220,129,304.19,168.50,4,3.32,31.44
220,131,254.66,90.22,0,6.76,12.62
220,131,254.66,90.22,1,38.37,2.66
220,131,254.66,90.22,2,26.74,10.62
220,131,254.66,90.22,3,39.57,17.80
220,131,254.66,90.22,4,3.32,31.44
220,132,368.52,274.67,0,6.76,12.62
220,132,368.52,274.67,1,38.37,2.66
220,132,368.52,274.67,2,26.74,10.62
220,132,368.52,274.67,3,39.57,17.80
220,132,368.52,274.67,4,3.32,31.44
220,133,28.46,115.70,0,6.76,12.62
220,133,28.46,115.70,1,38.37,2.66
220,133,28.46,115.70,2,26.74,10.62
220,133,28.46,115.70,3,39.57,17.80
220,133,28.46,115.70,4,3.32,31.44
220,134,380.90,26.88,0,6.76,12.62
220,134,380.90,26.88,1,38.37,2.66
220,134,380.90,26.88,2,26.74,10.62
220,134,380.90,26.88,3,39.57,17.80
220,134,380.90,26.88,4,3.32,31.44
220,135,77.53,270.24,0,6.76,12.62
220,135,77.53,270.24,1,38.37,2.66
220,135,77.53,270.24,2,26.74,10.62
220,135,77.53,270.24,3,39.57,17.80
220,135,77.53,270.24,4,3.32,31.44
220,136,371.36,21.21,0,6.76,12.62
220,136,371.36,21.21,1,38.37,2.66
220,136,371.36,21.21,2,26.74,10.62
220,136,371.36,21.21,3,39.57,17.80
220,136,371.36,21.21,4,3.32,31.44
220,137,256.52,76.70,0,6.76,12.62
220,137,256.52,76.70,1,38.37,2.66
220,137,256.52,76.70,2,26.74,10.62
220,137,256.52,76.70,3,39.57,17.80
220,137,256.52,76.70,4,3.32,31.44
220,138,249.34,105.31,0,6.76,12.62
220,138,249.34,105.31,1,38.37,2.66
220,138,249.34,105.31,2,26.74,10.62
220,138,249.34,105.31,3,39.57,17.80
220,138,249.34,105.31,4,3.32,31.44
220,139,366.08,130.19,0,6.76,12.62
220,139,366.08,130.19,1,38.37,2.66
220,139,366.08,130.19,2,26.74,10.62
220,139,366.08,130.19,3,39.57,17.80
220,139,366.08,130.19,4,3.32,31.44
220,140,374.79,5.70,0,6.76,12.62
220,140,374.79,5.70,1,38.37,2.66
220,140,374.79,5.70,2,26.74,10.62
220,140,374.79,5.70,3,39.57,17.80
220,140,374.79,5.70,4,3.32,31.44
220,141,344.51,367.24,0,6.76,12.62
220,141,344.51,367.24,1,38.37,2.66
220,141,344.51,367.24,2,26.74,10.62
220,141,344.51,367.24,3,39.57,17.80
220,141,344.51,367.24,4,3.32,31.44
220,142,241.79,121.17,0,6.76,12.62
220,142,241.79,121.17,1,38.37,2.66
220,142,241.79,121.17,2,26.74,10.62
220,142,241.79,121.17,3,39.57,17.80
220,142,241.79,121.17,4,3.32,31.44
220,143,349.00,341.17,0,6.76,12.62
220,143,349.00,341.17,1,38.37,2.66
220,143,349.00,341.17,2,26.74,10.62
220,143,349.00,341.17,3,39.57,17.80
220,143,349.00,341.17,4,3.32,31.44
220,144,386.91,188.04,0,6.76,12.62
220,144,386.91,188.04,1,38.37,2.66
220,144,386.91,188.04,2,26.74,10.62
220,144,386.91,188.04,3,39.57,17.80
220,144,386.91,188.04,4,3.32,31.44
220,145,242.01,339.87,0,6.76,12.62
220,145,242.01,339.87,1,38.37,2.66
220,145,242.01,339.87,2,26.74,10.62
220,145,242.01,339.87,3,39.57,17.80
220,145,242.01,339.87,4,3.32,31.44
220,146,102.35,182.65,0,6.76,12.62
220,146,102.35,182.65,1,38.37,2.66
220,146,102.35,182.65,2,26.74,10.62
220,146,102.35,182.65,3,39.57,17.80
220,146,102.35,182.65,4,3.32,31.44
220,147,21.06,285.07,0,6.76,12.62
220,147,21.06,285.07,1,38.37,2.66
220,147,21.06,285.07,2,26.74,10.62
220,147,21.06,285.07,3,39.57,17.80
220,147,21.06,285.07,4,3.32,31.44
220,148,311.57,207.68,0,6.76,12.62
220,148,311.57,207.68,1,38.37,2.66
220,148,311.57,207.68,2,26.74,10.62
220,148,311.57,207.68,3,39.57,17.80
220,148,311.57,207.68,4,3.32,31.44
220,149,358.24,244.98,0,6.76,12.62
220,149,358.24,244.98,1,38.37,2.66
220,149,358.24,244.98,2,26.74,10.62
220,149,358.24,244.98,3,39.57,17.80
220,149,358.24,244.98,4,3.32,31.44
220,150,284.11,140.02,0,6.76,12.62
220,150,284.11,140.02,1,38.37,2.66
220,150,284.11,140.02,2,26.74,10.62
220,150,284.11,140.02,3,39.57,17.80
220,150,284.11,140.02,4,3.32,31.44
220,151,218.02,87.67,0,6.76,12.62
220,151,218.02,87.67,1,38.37,2.66
220,151,218.02,87.67,2,26.74,10.62
220,151,218.02,87.67,3,39.57,17.80
220,151,218.02,87.67,4,3.32,31.44
220,152,37.62,93.93,0,6.76,12.62
220,152,37.62,93.93,1,38.37,2.66
220,152,37.62,93.93,2,26.74,10.62
220,152,37.62,93.93,3,39.57,17.80
220,152,37.62,93.93,4,3.32,31.44
220,153,51.73,138.18,0,6.76,12.62
220,153,51.73,138.18,1,38.37,2.66
220,153,51.73,138.18,2,26.74,10.62
220,153,51.73,138.18,3,39.57,17.80
220,153,51.73,138.18,4,3.32,31.44
220,155,214.97,136.38,0,6.76,12.62
220,155,214.97,136.38,1,38.37,2.66
220,155,214.97,136.38,2,26.74,10.62
220,155,214.97,136.38,3,39.57,17.80
220,155,214.97,136.38,4,3.32,31.44
220,156,360.57,313.00,0,6.76,12.62
220,156,360.57,313.00,1,38.37,2.66
220,156,360.57,313.00,2,26.74,10.62
220,156,360.57,313.00,3,39.57,17.80
220,156,360.57,313.00,4,3.32,31.44
220,157,214.65,92.11,0,6.76,12.62
220,157,214.65,92.11,1,38.37,2.66
220,157,214.65,92.11,2,26.74,10.62
220,157,214.65,92.11,3,39.57,17.80
220,157,214.65,92.11,4,3.32,31.44
220,158,236.67,109.00,0,6.76,12.62
220,158,236.67,109.00,1,38.37,2.66
220,158,236.67,109.00,2,26.74,10.62
220,158,236.67,109.00,3,39.57,17.80
220,158,236.67,109.00,4,3.32,31.44
220,159,369.67,294.80,0,6.76,12.62
220,159,369.67,294.80,1,38.37,2.66
220,159,369.67,294.80,2,26.74,10.62
220,159,369.67,294.80,3,39.57,17.80
220,159,369.67,294.80,4,3.32,31.44
220,160,312.40,392.24,0,6.76,12.62
220,160,312.40,392.24,1,38.37,2.66
220,160,312.40,392.24,2,26.74,10.62
220,160,312.40,392.24,3,39.57,17.80
220,160,312.40,392.24,4,3.32,31.44
220,161,189.99,148.73,0,6.76,12.62
220,161,189.99,148.73,1,38.37,2.66
220,161,189.99,148.73,2,26.74,10.62
220,161,189.99,148.73,3,39.57,17.80
220,161,189.99,148.73,4,3.32,31.44
220,162,291.89,349.10,0,6.76,12.62
220,162,291.89,349.10,1,38.37,2.66
220,162,291.89,349.10,2,26.74,10.62
220,162,291.89,349.10,3,39.57,17.80
220,162,291.89,349.10,4,3.32,31.44
220,163,186.08,145.10,0,6.76,12.62
220,163,186.08,145.10,1,38.37,2.66
220,163,186.08,145.10,2,26.74,10.62
220,163,186.08,145.10,3,39.57,17.80
220,163,186.08,145.10,4,3.32,31.44
220,164,46.28,35.18,0,6.76,12.62
220,164,46.28,35.18,1,38.37,2.66
220,164,46.28,35.18,2,26.74,10.62
220,164,46.28,35.18,3,39.57,17.80
220,164,46.28,35.18,4,3.32,31.44
220,165,94.23,75.27,0,6.76,12.62
220,165,94.23,75.27,1,38.37,2.66
220,165,94.23,75.27,2,26.74,10.62
220,165,94.23,75.27,3,39.57,17.80
220,165,94.23,75.27,4,3.32,31.44
220,166,270.28,376.89,0,6.76,12.62
220,166,270.28,376.89,1,38.37,2.66
220,166,270.28,376.89,2,26.74,10.62
220,166,270.28,376.89,3,39.57,17.80
220,166,270.28,376.89,4,3.32,31.44
220,167,393.03,316.42,0,6.76,12.62
220,167,393.03,316.42,1,38.37,2.66
220,167,393.03,316.42,2,26.74,10.62
220,167,393.03,316.42,3,39.57,17.80
220,167,393.03,316.42,4,3.32,31.44
220,168,202.81,278.68,0,6.76,12.62
220,168,202.81,278.68,1,38.37,2.66
220,168,202.81,278.68,2,26.74,10.62
220,168,202.81,278.68,3,39.57,17.80
220,168,202.81,278.68,4,3.32,31.44
220,169,213.65,72.88,0,6.76,12.62
220,169,213.65,72.88,1,38.37,2.66
220,169,213.65,72.88,2,26.74,10.62
220,169,213.65,72.88,3,39.57,17.80
220,169,213.65,72.88,4,3.32,31.44
220,170,302.81,250.25,0,6.76,12.62
220,170,302.81,250.25,1,38.37,2.66
220,170,302.81,250.25,2,26.74,10.62
220,170,302.81,250.25,3,39.57,17.80
220,170,302.81,250.25,4,3.32,31.44
220,171,55.79,123.75,0,6.76,12.62
220,171,55.79,123.75,1,38.37,2.66
220,171,55.79,123.75,2,26.74,10.62
220,171,55.79,123.75,3,39.57,17.80
220,171,55.79,123.75,4,3.32,31.44
220,172,361.48,194.37,0,6.76,12.62
220,172,361.48,194.37,1,38.37,2.66
220,172,361.48,194.37,2,26.74,10.62
220,172,361.48,194.37,3,39.57,17.80
220,172,361.48,194.37,4,3.32,31.44
220,173,381.62,167.27,0,6.76,12.62
220,173,381.62,167.27,1,38.37,2.66
220,173,381.62,167.27,2,26.74,10.62
220,173,381.62,167.27,3,39.57,17.80
220,173,381.62,167.27,4,3.32,31.44
220,174,167.08,225.74,0,6.76,12.62
220,174,167.08,225.74,1,38.37,2.66
220,174,167.08,225.74,2,26.74,10.62
220,174,167.08,225.74,3,39.57,17.80
220,174,167.08,225.74,4,3.32,31.44
220,176,51.02,193.80,0,6.76,12.62
220,176,51.02,193.80,1,38.37,2.66
220,176,51.02,193.80,2,26.74,10.62
220,176,51.02,193.80,3,39.57,17.80
220,176,51.02,193.80,4,3.32,31.44
220,177,212.20,280.59,0,6.76,12.62
220,177,212.20,280.59,1,38.37,2.66
220,177,212.20,280.59,2,26.74,10.62
220,177,212.20,280.59,3,39.57,17.80
220,177,212.20,280.59,4,3.32,31.44
220,178,223.50,101.32,0,6.76,12.62
220,178,223.50,101.32,1,38.37,2.66
220,178,223.50,101.32,2,26.74,10.62
220,178,223.50,101.32,3,39.57,17.80
220,178,223.50,101.32,4,3.32,31.44
220,179,38.76,322.84,0,6.76,12.62
220,179,38.76,322.84,1,38.37,2.66
220,179,38.76,322.84,2,26.74,10.62
220,179,38.76,322.84,3,39.57,17.80
220,179,38.76,322.84,4,3.32,31.44
220,180,197.95,156.97,0,6.76,12.62
220,180,197.95,156.97,1,38.37,2.66
220,180,197.95,156.97,2,26.74,10.62
220,180,197.95,156.97,3,39.57,17.80
220,180,197.95,156.97,4,3.32,31.44
220,181,19.89,134.14,0,6.76,12.62
220,181,19.89,134.14,1,38.37,2.66
220,181,19.89,134.14,2,26.74,10.62
220,181,19.89,134.14,3,39.57,17.80
220,181,19.89,134.14,4,3.32,31.44
220,183,63.52,133.48,0,6.76,12.62
220,183,63.52,133.48,1,38.37,2.66
220,183,63.52,133.48,2,26.74,10.62
220,183,63.52,133.48,3,39.57,17.80
220,183,63.52,133.48,4,3.32,31.44
220,184,42.27,116.85,0,6.76,12.62
220,184,42.27,116.85,1,38.37,2.66
220,184,42.27,116.85,2,26.74,10.62
220,184,42.27,116.85,3,39.57,17.80
220,184,42.27,116.85,4,3.32,31.44
220,185,72.85,297.14,0,6.76,12.62
220,185,72.85,297.14,1,38.37,2.66
220,185,72.85,297.14,2,26.74,10.62
220,185,72.85,297.14,3,39.57,17.80
220,185,72.85,297.14,4,3.32,31.44
220,186,226.95,107.72,0,6.76,12.62
220,186,226.95,107.72,1,38.37,2.66
220,186,226.95,107.72,2,26.74,10.62
220,186,226.95,107.72,3,39.57,17.80
220,186,226.95,107.72,4,3.32,31.44
220,187,134.53,321.88,0,6.76,12.62
220,187,134.53,321.88,1,38.37,2.66
220,187,134.53,321.88,2,26.74,10.62
220,187,134.53,321.88,3,39.57,17.80
220,187,134.53,321.88,4,3.32,31.44
220,188,250.41,125.68,0,6.76,12.62
220,188,250.41,125.68,1,38.37,2.66
220,188,250.41,125.68,2,26.74,10.62
220,188,250.41,125.68,3,39.57,17.80
220,188,250.41,125.68,4,3.32,31.44
220,189,38.02,289.85,0,6.76,12.62
220,189,38.02,289.85,1,38.37,2.66
220,189,38.02,289.85,2,26.74,10.62
220,189,38.02,289.85,3,39.57,17.80
220,189,38.02,289.85,4,3.32,31.44
220,190,47.35,58.96,0,6.76,12.62
220,190,47.35,58.96,1,38.37,2.66
220,190,47.35,58.96,2,26.74,10.62
220,190,47.35,58.96,3,39.57,17.80
220,190,47.35,58.96,4,3.32,31.44
220,191,55.81,340.16,0,6.76,12.62
220,191,55.81,340.16,1,38.37,2.66
220,191,55.81,340.16,2,26.74,10.62
220,191,55.81,340.16,3,39.57,17.80
220,191,55.81,340.16,4,3.32,31.44
220,192,241.25,85.90,0,6.76,12.62
220,192,241.25,85.90,1,38.37,2.66
220,192,241.25,85.90,2,26.74,10.62
220,192,241.25,85.90,3,39.57,17.80
220,192,241.25,85.90,4,3.32,31.44
220,193,340.14,112.26,0,6.76,12.62
220,193,340.14,112.26,1,38.37,2.66
220,193,340.14,112.26,2,26.74,10.62
220,193,340.14,112.26,3,39.57,17.80
220,193,340.14,112.26,4,3.32,31.44
220,194,42.10,137.06,0,6.76,12.62
220,194,42.10,137.06,1,38.37,2.66
220,194,42.10,137.06,2,26.74,10.62
220,194,42.10,137.06,3,39.57,17.80
220,194,42.10,137.06,4,3.32,31.44
220,195,94.88,349.47,0,6.76,12.62
220,195,94.88,349.47,1,38.37,2.66
220,195,94.88,349.47,2,26.74,10.62
220,195,94.88,349.47,3,39.57,17.80
220,195,94.88,349.47,4,3.32,31.44
220,196,48.46,120.77,0,6.76,12.62
220,196,48.46,120.77,1,38.37,2.66
220,196,48.46,120.77,2,26.74,10.62
220,196,48.46,120.77,3,39.57,17.80
220,196,48.46,120.77,4,3.32,31.44
220,197,377.61,196.19,0,6.76,12.62
220,197,377.61,196.19,1,38.37,2.66
220,197,377.61,196.19,2,26.74,10.62
220,197,377.61,196.19,3,39.57,17.80
220,197,377.61,196.19,4,3.32,31.44
220,198,346.48,169.54,0,6.76,12.62
220,198,346.48,169.54,1,38.37,2.66
220,198,346.48,169.54,2,26.74,10.62
220,198,346.48,169.54,3,39.57,17.80
220,198,346.48,169.54,4,3.32,31.44
220,199,31.05,158.27,0,6.76,12.62
220,199,31.05,158.27,1,38.37,2.66
220,199,31.05,158.27,2,26.74,10.62
220,199,31.05,158.27,3,39.57,17.80
220,199,31.05,158.27,4,3.32,31.44
220,200,18.03,81.15,0,6.76,12.62
220,200,18.03,81.15,1,38.37,2.66
220,200,18.03,81.15,2,26.74,10.62
220,200,18.03,81.15,3,39.57,17.80
220,200,18.03,81.15,4,3.32,31.44
220,201,372.14,159.18,0,6.76,12.62
220,201,372.14,159.18,1,38.37,2.66
220,201,372.14,159.18,2,26.74,10.62
220,201,372.14,159.18,3,39.57,17.80
220,201,372.14,159.18,4,3.32,31.44
220,203,354.44,208.55,0,6.76,12.62
220,203,354.44,208.55,1,38.37,2.66
220,203,354.44,208.55,2,26.74,10.62
220,203,354.44,208.55,3,39.57,17.80
220,203,354.44,208.55,4,3.32,31.44
220,204,34.36,328.97,0,6.76,12.62
220,204,34.36,328.97,1,38.37,2.66
220,204,34.36,328.97,2,26.74,10.62
220,204,34.36,328.97,3,39.57,17.80
220,204,34.36,328.97,4,3.32,31.44
220,205,60.33,134.33,0,6.76,12.62
220,205,60.33,134.33,1,38.37,2.66
220,205,60.33,134.33,2,26.74,10.62
220,205,60.33,134.33,3,39.57,17.80
220,205,60.33,134.33,4,3.32,31.44
220,206,240.14,112.98,0,6.76,12.62
220,206,240.14,112.98,1,38.37,2.66
220,206,240.14,112.98,2,26.74,10.62
220,206,240.14,112.98,3,39.57,17.80
220,206,240.14,112.98,4,3.32,31.44
220,207,16.28,290.66,0,6.76,12.62
220,207,16.28,290.66,1,38.37,2.66
220,207,16.28,290.66,2,26.74,10.62
220,207,16.28,290.66,3,39.57,17.80
220,207,16.28,290.66,4,3.32,31.44
220,208,45.65,357.10,0,6.76,12.62
220,208,45.65,357.10,1,38.37,2.66
220,208,45.65,357.10,2,26.74,10.62
220,208,45.65,357.10,3,39.57,17.80
220,208,45.65,357.10,4,3.32,31.44
220,209,380.00,184.22,0,6.76,12.62
220,209,380.00,184.22,1,38.37,2.66
220,209,380.00,184.22,2,26.74,10.62
220,209,380.00,184.22,3,39.57,17.80
220,209,380.00,184.22,4,3.32,31.44
220,210,256.84,111.81,0,6.76,12.62
220,210,256.84,111.81,1,38.37,2.66
220,210,256.84,111.81,2,26.74,10.62
220,210,256.84,111.81,3,39.57,17.80
220,210,256.84,111.81,4,3.32,31.44
220,211,130.64,375.62,0,6.76,12.62
220,211,130.64,375.62,1,38.37,2.66
220,211,130.64,375.62,2,26.74,10.62
220,211,130.64,375.62,3,39.57,17.80
220,211,130.64,375.62,4,3.32,31.44
220,212,384.94,270.10,0,6.76,12.62
220,212,384.94,270.10,1,38.37,2.66
220,212,384.94,270.10,2,26.74,10.62
220,212,384.94,270.10,3,39.57,17.80
220,212,384.94,270.10,4,3.32,31.44
220,213,376.42,266.60,0,6.76,12.62
220,213,376.42,266.60,1,38.37,2.66
220,213,376.42,266.60,2,26.74,10.62
220,213,376.42,266.60,3,39.57,17.80
220,213,376.42,266.60,4,3.32,31.44
220,214,238.24,89.82,0,6.76,12.62
220,214,238.24,89.82,1,38.37,2.66
220,214,238.24,89.82,2,26.74,10.62
220,214,238.24,89.82,3,39.57,17.80
220,214,238.24,89.82,4,3.32,31.44
220,215,257.21,375.46,0,6.76,12.62
220,215,257.21,375.46,1,38.37,2.66
220,215,257.21,375.46,2,26.74,10.62
220,215,257.21,375.46,3,39.57,17.80
220,215,257.21,375.46,4,3.32,31.44
220,216,250.29,390.97,0,6.76,12.62
220,216,250.29,390.97,1,38.37,2.66
220,216,250.29,390.97,2,26.74,10.62
220,216,250.29,390.97,3,39.57,17.80
220,216,250.29,390.97,4,3.32,31.44
220,217,374.19,11.60,0,6.76,12.62
220,217,374.19,11.60,1,38.37,2.66
220,217,374.19,11.60,2,26.74,10.62
220,217,374.19,11.60,3,39.57,17.80
220,217,374.19,11.60,4,3.32,31.44
220,218,278.14,392.06,0,6.76,12.62
220,218,278.14,392.06,1,38.37,2.66
220,218,278.14,392.06,2,26.74,10.62
220,218,278.14,392.06,3,39.57,17.80
220,218,278.14,392.06,4,3.32,31.44
220,219,28.17,106.26,0,6.76,12.62
220,219,28.17,106.26,1,38.37,2.66
220,219,28.17,106.26,2,26.74,10.62
220,219,28.17,106.26,3,39.57,17.80
220,219,28.17,106.26,4,3.32,31.44
220,221,330.12,229.69,0,6.76,12.62
220,221,330.12,229.69,1,38.37,2.66
220,221,330.12,229.69,2,26.74,10.62
220,221,330.12,229.69,3,39.57,17.80
220,221,330.12,229.69,4,3.32,31.44
220,222,27.05,336.76,0,6.76,12.62
220,222,27.05,336.76,1,38.37,2.66
220,222,27.05,336.76,2,26.74,10.62
220,222,27.05,336.76,3,39.57,17.80
220,222,27.05,336.76,4,3.32,31.44
220,223,351.10,188.15,0,6.76,12.62
220,223,351.10,188.15,1,38.37,2.66
220,223,351.10,188.15,2,26.74,10.62
220,223,351.10,188.15,3,39.57,17.80
220,223,351.10,188.15,4,3.32,31.44
220,225,371.30,197.99,0,6.76,12.62
220,225,371.30,197.99,1,38.37,2.66
220,225,371.30,197.99,2,26.74,10.62
220,225,371.30,197.99,3,39.57,17.80
220,225,371.30,197.99,4,3.32,31.44
220,226,293.26,168.10,0,6.76,12.62
220,226,293.26,168.10,1,38.37,2.66
220,226,293.26,168.10,2,26.74,10.62
220,226,293.26,168.10,3,39.57,17.80
220,226,293.26,168.10,4,3.32,31.44
220,227,93.97,330.00,0,6.76,12.62
220,227,93.97,330.00,1,38.37,2.66
220,227,93.97,330.00,2,26.74,10.62
220,227,93.97,330.00,3,39.57,17.80
220,227,93.97,330.00,4,3.32,31.44
220,228,243.63,67.21,0,6.76,12.62
220,228,243.63,67.21,1,38.37,2.66
220,228,243.63,67.21,2,26.74,10.62
220,228,243.63,67.21,3,39.57,17.80
220,228,243.63,67.21,4,3.32,31.44
220,229,174.37,117.38,0,6.76,12.62
220,229,174.37,117.38,1,38.37,2.66
220,229,174.37,117.38,2,26.74,10.62
220,229,174.37,117.38,3,39.57,17.80
220,229,174.37,117.38,4,3.32,31.44
220,230,172.61,40.03,0,6.76,12.62
220,230,172.61,40.03,1,38.37,2.66
220,230,172.61,40.03,2,26.74,10.62
220,230,172.61,40.03,3,39.57,17.80
220,230,172.61,40.03,4,3.32,31.44
220,231,287.70,341.38,0,6.76,12.62
220,231,287.70,341.38,1,38.37,2.66
220,231,287.70,341.38,2,26.74,10.62
220,231,287.70,341.38,3,39.57,17.80
220,231,287.70,341.38,4,3.32,31.44
220,232,348.43,26.22,0,6.76,12.62
220,232,348.43,26.22,1,38.37,2.66
220,232,348.43,26.22,2,26.74,10.62
220,232,348.43,26.22,3,39.57,17.80
220,232,348.43,26.22,4,3.32,31.44
220,233,367.02,246.40,0,6.76,12.62
220,233,367.02,246.40,1,38.37,2.66
220,233,367.02,246.40,2,26.74,10.62
220,233,367.02,246.40,3,39.57,17.80
220,233,367.02,246.40,4,3.32,31.44
220,236,252.80,106.60,0,6.76,12.62
220,236,252.80,106.60,1,38.37,2.66
220,236,252.80,106.60,2,26.74,10.62
220,236,252.80,106.60,3,39.57,17.80
220,236,252.80,106.60,4,3.32,31.44
220,237,188.78,154.75,0,6.76,12.62
220,237,188.78,154.75,1,38.37,2.66
220,237,188.78,154.75,2,26.74,10.62
220,237,188.78,154.75,3,39.57,17.80
220,237,188.78,154.75,4,3.32,31.44
220,238,24.41,302.39,0,6.76,12.62
220,238,24.41,302.39,1,38.37,2.66
220,238,24.41,302.39,2,26.74,10.62
220,238,24.41,302.39,3,39.57,17.80
220,238,24.41,302.39,4,3.32,31.44
220,239,201.06,126.50,0,6.76,12.62
220,239,201.06,126.50,1,38.37,2.66
220,239,201.06,126.50,2,26.74,10.62
220,239,201.06,126.50,3,39.57,17.80
220,239,201.06,126.50,4,3.32,31.44
220,240,145.54,231.78,0,6.76,12.62
220,240,145.54,231.78,1,38.37,2.66
220,240,145.54,231.78,2,26.74,10.62
220,240,145.54,231.78,3,39.57,17.80
220,240,145.54,231.78,4,3.32,31.44
220,241,382.10,194.02,0,6.76,12.62
220,241,382.10,194.02,1,38.37,2.66
220,241,382.10,194.02,2,26.74,10.62
220,241,382.10,194.02,3,39.57,17.80
220,241,382.10,194.02,4,3.32,31.44
220,242,206.90,226.58,0,6.76,12.62
220,242,206.90,226.58,1,38.37,2.66
220,242,206.90,226.58,2,26.74,10.62
220,242,206.90,226.58,3,39.57,17.80
220,242,206.90,226.58,4,3.32,31.44
220,243,30.17,290.83,0,6.76,12.62
220,243,30.17,290.83,1,38.37,2.66
220,243,30.17,290.83,2,26.74,10.62
220,243,30.17,290.83,3,39.57,17.80
220,243,30.17,290.83,4,3.32,31.44
220,244,189.77,320.15,0,6.76,12.62
220,244,189.77,320.15,1,38.37,2.66
220,244,189.77,320.15,2,26.74,10.62
220,244,189.77,320.15,3,39.57,17.80
220,244,189.77,320.15,4,3.32,31.44
220,245,210.93,153.94,0,6.76,12.62
220,245,210.93,153.94,1,38.37,2.66
220,245,210.93,153.94,2,26.74,10.62
220,245,210.93,153.94,3,39.57,17.80
220,245,210.93,153.94,4,3.32,31.44
220,246,335.84,233.38,0,6.76,12.62
220,246,335.84,233.38,1,38.37,2.66
220,246,335.84,233.38,2,26.74,10.62
220,246,335.84,233.38,3,39.57,17.80
220,246,335.84,233.38,4,3.32,31.44
220,247,72.03,116.96,0,6.76,12.62
220,247,72.03,116.96,1,38.37,2.66
220,247,72.03,116.96,2,26.74,10.62
220,247,72.03,116.96,3,39.57,17.80
220,247,72.03,116.96,4,3.32,31.44
220,248,392.67,305.66,0,6.76,12.62
220,248,392.67,305.66,1,38.37,2.66
220,248,392.67,305.66,2,26.74,10.62
220,248,392.67,305.66,3,39.57,17.80
220,248,392.67,305.66,4,3.32,31.44
220,249,361.16,391.83,0,6.76,12.62
220,249,361.16,391.83,1,38.37,2.66
220,249,361.16,391.83,2,26.74,10.62
220,249,361.16,391.83,3,39.57,17.80
220,249,361.16,391.83,4,3.32,31.44
220,250,231.17,302.50,0,6.76,12.62
220,250,231.17,302.50,1,38.37,2.66
220,250,231.17,302.50,2,26.74,10.62
220,250,231.17,302.50,3,39.57,17.80
220,250,231.17,302.50,4,3.32,31.44
220,251,79.11,305.75,0,6.76,12.62
220,251,79.11,305.75,1,38.37,2.66
220,251,79.11,305.75,2,26.74,10.62
220,251,79.11,305.75,3,39.57,17.80
220,251,79.11,305.75,4,3.32,31.44
220,252,8.33,86.51,0,6.76,12.62
220,252,8.33,86.51,1,38.37,2.66
220,252,8.33,86.51,2,26.74,10.62
220,252,8.33,86.51,3,39.57,17.80
220,252,8.33,86.51,4,3.32,31.44
220,253,333.02,185.49,0,6.76,12.62
220,253,333.02,185.49,1,38.37,2.66
220,253,333.02,185.49,2,26.74,10.62
220,253,333.02,185.49,3,39.57,17.80
220,253,333.02,185.49,4,3.32,31.44
220,254,357.52,146.40,0,6.76,12.62
220,254,357.52,146.40,1,38.37,2.66
220,254,357.52,146.40,2,26.74,10.62
220,254,357.52,146.40,3,39.57,17.80
220,254,357.52,146.40,4,3.32,31.44
220,255,24.46,314.96,0,6.76,12.62
220,255,24.46,314.96,1,38.37,2.66
220,255,24.46,314.96,2,26.74,10.62
220,255,24.46,314.96,3,39.57,17.80
220,255,24.46,314.96,4,3.32,31.44
220,256,54.81,102.71,0,6.76,12.62
220,256,54.81,102.71,1,38.37,2.66
220,256,54.81,102.71,2,26.74,10.62
220,256,54.81,102.71,3,39.57,17.80
220,256,54.81,102.71,4,3.32,31.44
220,257,368.09,177.82,0,6.76,12.62
220,257,368.09,177.82,1,38.37,2.66
220,257,368.09,177.82,2,26.74,10.62
220,257,368.09,177.82,3,39.57,17.80
220,257,368.09,177.82,4,3.32,31.44
220,258,367.20,38.16,0,6.76,12.62
220,258,367.20,38.16,1,38.37,2.66
220,258,367.20,38.16,2,26.74,10.62
220,258,367.20,38.16,3,39.57,17.80
220,258,367.20,38.16,4,3.32,31.44
220,259,66.52,103.44,0,6.76,12.62
220,259,66.52,103.44,1,38.37,2.66
220,259,66.52,103.44,2,26.74,10.62
220,259,66.52,103.44,3,39.57,17.80
220,259,66.52,103.44,4,3.32,31.44
220,260,307.77,380.27,0,6.76,12.62
220,260,307.77,380.27,1,38.37,2.66
220,260,307.77,380.27,2,26.74,10.62
220,260,307.77,380.27,3,39.57,17.80
220,260,307.77,380.27,4,3.32,31.44
220,261,58.56,363.27,0,6.76,12.62
220,261,58.56,363.27,1,38.37,2.66
220,261,58.56,363.27,2,26.74,10.62
220,261,58.56,363.27,3,39.57,17.80
220,261,58.56,363.27,4,3.32,31.44
220,262,175.64,93.66,0,6.76,12.62
220,262,175.64,93.66,1,38.37,2.66
220,262,175.64,93.66,2,26.74,10.62
220,262,175.64,93.66,3,39.57,17.80
220,262,175.64,93.66,4,3.32,31.44
220,263,177.29,76.85,0,6.76,12.62
220,263,177.29,76.85,1,38.37,2.66
220,263,177.29,76.85,2,26.74,10.62
220,263,177.29,76.85,3,39.57,17.80
220,263,177.29,76.85,4,3.32,31.44
220,264,40.77,143.83,0,6.76,12.62
220,264,40.77,143.83,1,38.37,2.66
220,264,40.77,143.83,2,26.74,10.62
220,264,40.77,143.83,3,39.57,17.80
220,264,40.77,143.83,4,3.32,31.44
220,265,220.09,318.53,0,6.76,12.62
220,265,220.09,318.53,1,38.37,2.66
220,265,220.09,318.53,2,26.74,10.62
220,265,220.09,318.53,3,39.57,17.80
220,265,220.09,318.53,4,3.32,31.44
220,266,110.86,300.52,0,6.76,12.62
220,266,110.86,300.52,1,38.37,2.66
220,266,110.86,300.52,2,26.74,10.62
220,266,110.86,300.52,3,39.57,17.80
220,266,110.86,300.52,4,3.32,31.44
220,267,182.36,63.27,0,6.76,12.62
220,267,182.36,63.27,1,38.37,2.66
220,267,182.36,63.27,2,26.74,10.62
220,267,182.36,63.27,3,39.57,17.80
220,267,182.36,63.27,4,3.32,31.44
220,268,207.11,105.37,0,6.76,12.62
220,268,207.11,105.37,1,38.37,2.66
220,268,207.11,105.37,2,26.74,10.62
220,268,207.11,105.37,3,39.57,17.80
220,268,207.11,105.37,4,3.32,31.44
220,269,15.88,140.84,0,6.76,12.62
220,269,15.88,140.84,1,38.37,2.66
220,269,15.88,140.84,2,26.74,10.62
220,269,15.88,140.84,3,39.57,17.80
220,269,15.88,140.84,4,3.32,31.44
220,270,50.10,302.06,0,6.76,12.62
220,270,50.10,302.06,1,38.37,2.66
220,270,50.10,302.06,2,26.74,10.62
220,270,50.10,302.06,3,39.57,17.80
220,270,50.10,302.06,4,3.32,31.44
220,271,38.42,124.05,0,6.76,12.62
220,271,38.42,124.05,1,38.37,2.66
220,271,38.42,124.05,2,26.74,10.62
220,271,38.42,124.05,3,39.57,17.80
220,271,38.42,124.05,4,3.32,31.44
220,272,45.77,314.59,0,6.76,12.62
220,272,45.77,314.59,1,38.37,2.66
220,272,45.77,314.59,2,26.74,10.62
220,272,45.77,314.59,3,39.57,17.80
220,272,45.77,314.59,4,3.32,31.44
220,273,22.73,272.25,0,6.76,12.62
220,273,22.73,272.25,1,38.37,2.66
220,273,22.73,272.25,2,26.74,10.62
220,273,22.73,272.25,3,39.57,17.80
220,273,22.73,272.25,4,3.32,31.44
220,274,99.97,8.29,0,6.76,12.62
220,274,99.97,8.29,1,38.37,2.66
220,274,99.97,8.29,2,26.74,10.62
220,274,99.97,8.29,3,39.57,17.80
220,274,99.97,8.29,4,3.32,31.44
220,275,319.41,219.63,0,6.76,12.62
220,275,319.41,219.63,1,38.37,2.66
220,275,319.41,219.63,2,26.74,10.62
220,275,319.41,219.63,3,39.57,17.80
220,275,319.41,219.63,4,3.32,31.44
220,276,315.76,228.55,0,6.76,12.62
220,276,315.76,228.55,1,38.37,2.66
220,276,315.76,228.55,2,26.74,10.62
220,276,315.76,228.55,3,39.57,17.80
220,276,315.76,228.55,4,3.32,31.44
220,277,290.18,185.73,0,6.76,12.62
220,277,290.18,185.73,1,38.37,2.66
220,277,290.18,185.73,2,26.74,10.62
220,277,290.18,185.73,3,39.57,17.80
220,277,290.18,185.73,4,3.32,31.44
220,278,73.89,381.77,0,6.76,12.62
220,278,73.89,381.77,1,38.37,2.66
220,278,73.89,381.77,2,26.74,10.62
220,278,73.89,381.77,3,39.57,17.80
220,278,73.89,381.77,4,3.32,31.44
220,279,234.96,393.48,0,6.76,12.62
220,279,234.96,393.48,1,38.37,2.66
220,279,234.96,393.48,2,26.74,10.62
220,279,234.96,393.48,3,39.57,17.80
220,279,234.96,393.48,4,3.32,31.44
220,281,219.98,64.08,0,6.76,12.62
220,281,219.98,64.08,1,38.37,2.66
220,281,219.98,64.08,2,26.74,10.62
220,281,219.98,64.08,3,39.57,17.80
220,281,219.98,64.08,4,3.32,31.44
220,282,353.66,178.72,0,6.76,12.62
220,282,353.66,178.72,1,38.37,2.66
220,282,353.66,178.72,2,26.74,10.62
220,282,353.66,178.72,3,39.57,17.80
220,282,353.66,178.72,4,3.32,31.44
220,283,333.61,166.28,0,6.76,12.62
220,283,333.61,166.28,1,38.37,2.66
220,283,333.61,166.28,2,26.74,10.62
220,283,333.61,166.28,3,39.57,17.80
220,283,333.61,166.28,4,3.32,31.44
220,284,221.65,95.57,0,6.76,12.62
220,284,221.65,95.57,1,38.37,2.66
220,284,221.65,95.57,2,26.74,10.62
220,284,221.65,95.57,3,39.57,17.80
220,284,221.65,95.57,4,3.32,31.44
220,285,219.63,345.27,0,6.76,12.62
220,285,219.63,345.27,1,38.37,2.66
220,285,219.63,345.27,2,26.74,10.62
220,285,219.63,345.27,3,39.57,17.80
220,285,219.63,345.27,4,3.32,31.44
220,286,249.50,336.34,0,6.76,12.62
220,286,249.50,336.34,1,38.37,2.66
220,286,249.50,336.34,2,26.74,10.62
220,286,249.50,336.34,3,39.57,17.80
220,286,249.50,336.34,4,3.32,31.44
220,288,111.08,6.72,0,6.76,12.62
220,288,111.08,6.72,1,38.37,2.66
220,288,111.08,6.72,2,26.74,10.62
220,288,111.08,6.72,3,39.57,17.80
220,288,111.08,6.72,4,3.32,31.44
220,289,56.35,323.12,0,6.76,12.62
220,289,56.35,323.12,1,38.37,2.66
220,289,56.35,323.12,2,26.74,10.62
220,289,56.35,323.12,3,39.57,17.80
220,289,56.35,323.12,4,3.32,31.44
220,290,309.62,253.52,0,6.76,12.62
220,290,309.62,253.52,1,38.37,2.66
220,290,309.62,253.52,2,26.74,10.62
220,290,309.62,253.52,3,39.57,17.80
220,290,309.62,253.52,4,3.32,31.44
220,291,59.63,50.60,0,6.76,12.62
220,291,59.63,50.60,1,38.37,2.66
220,291,59.63,50.60,2,26.74,10.62
220,291,59.63,50.60,3,39.57,17.80
220,291,59.63,50.60,4,3.32,31.44
220,292,267.08,301.01,0,6.76,12.62
220,292,267.08,301.01,1,38.37,2.66
220,292,267.08,301.01,2,26.74,10.62
220,292,267.08,301.01,3,39.57,17.80
220,292,267.08,301.01,4,3.32,31.44
220,293,231.08,113.31,0,6.76,12.62
220,293,231.08,113.31,1,38.37,2.66
220,293,231.08,113.31,2,26.74,10.62
220,293,231.08,113.31,3,39.57,17.80
220,293,231.08,113.31,4,3.32,31.44
220,294,83.87,349.78,0,6.76,12.62
220,294,83.87,349.78,1,38.37,2.66
220,294,83.87,349.78,2,26.74,10.62
220,294,83.87,349.78,3,39.57,17.80
220,294,83.87,349.78,4,3.32,31.44
220,296,358.95,21.86,0,6.76,12.62
220,296,358.95,21.86,1,38.37,2.66
220,296,358.95,21.86,2,26.74,10.62
220,296,358.95,21.86,3,39.57,17.80
220,296,358.95,21.86,4,3.32,31.44
220,297,374.69,148.94,0,6.76,12.62
220,297,374.69,148.94,1,38.37,2.66
220,297,374.69,148.94,2,26.74,10.62
220,297,374.69,148.94,3,39.57,17.80
220,297,374.69,148.94,4,3.32,31.44
220,298,359.25,29.07,0,6.76,12.62
220,298,359.25,29.07,1,38.37,2.66
220,298,359.25,29.07,2,26.74,10.62
220,298,359.25,29.07,3,39.57,17.80
220,298,359.25,29.07,4,3.32,31.44
220,299,56.81,134.13,0,6.76,12.62
220,299,56.81,134.13,1,38.37,2.66
220,299,56.81,134.13,2,26.74,10.62
220,299,56.81,134.13,3,39.57,17.80
220,299,56.81,134.13,4,3.32,31.44
220,300,209.62,338.84,0,6.76,12.62
220,300,209.62,338.84,1,38.37,2.66
220,300,209.62,338.84,2,26.74,10.62
220,300,209.62,338.84,3,39.57,17.80
220,300,209.62,338.84,4,3.32,31.44
230,2,49.45,98.80,0,7.24,12.07
230,2,49.45,98.80,1,38.50,3.20
230,2,49.45,98.80,2,27.39,10.32
230,2,49.45,98.80,3,39.46,17.77
230,2,49.45,98.80,4,3.34,30.83
230,3,187.36,270.45,0,7.24,12.07
230,3,187.36,270.45,1,38.50,3.20
230,3,187.36,270.45,2,27.39,10.32
230,3,187.36,270.45,3,39.46,17.77
230,3,187.36,270.45,4,3.34,30.83
230,5,24.97,322.96,0,7.24,12.07
230,5,24.97,322.96,1,38.50,3.20
230,5,24.97,322.96,2,27.39,10.32
230,5,24.97,322.96,3,39.46,17.77
230,5,24.97,322.96,4,3.34,30.83
230,6,64.96,295.71,0,7.24,12.07
230,6,64.96,295.71,1,38.50,3.20
230,6,64.96,295.71,2,27.39,10.32
230,6,64.96,295.71,3,39.46,17.77
230,6,64.96,295.71,4,3.34,30.83
230,7,64.99,120.73,0,7.24,12.07
230,7,64.99,120.73,1,38.50,3.20
230,7,64.99,120.73,2,27.39,10.32
230,7,64.99,120.73,3,39.46,17.77
230,7,64.99,120.73,4,3.34,30.83
230,8,120.70,374.85,0,7.24,12.07
230,8,120.70,374.85,1,38.50,3.20
230,8,120.70,374.85,2,27.39,10.32
230,8,120.70,374.85,3,39.46,17.77
230,8,120.70,374.85,4,3.34,30.83
230,9,288.52,198.82,0,7.24,12.07
230,9,288.52,198.82,1,38.50,3.20
230,9,288.52,198.82,2,27.39,10.32
230,9,288.52,198.82,3,39.46,17.77
230,9,288.52,198.82,4,3.34,30.83
230,10,387.83,176.28,0,7.24,12.07
230,10,387.83,176.28,1,38.50,3.20
230,10,387.83,176.28,2,27.39,10.32
230,10,387.83,176.28,3,39.46,17.77
230,10,387.83,176.28,4,3.34,30.83
230,11,183.60,112.11,0,7.24,12.07
230,11,183.60,112.11,1,38.50,3.20
230,11,183.60,112.11,2,27.39,10.32
230,11,183.60,112.11,3,39.46,17.77
230,11,183.60,112.11,4,3.34,30.83
230,12,240.37,95.12,0,7.24,12.07
230,12,240.37,95.12,1,38.50,3.20
230,12,240.37,95.12,2,27.39,10.32
230,12,240.37,95.12,3,39.46,17.77
230,12,240.37,95.12,4,3.34,30.83
230,13,168.11,90.37,0,7.24,12.07
230,13,168.11,90.37,1,38.50,3.20
230,13,168.11,90.37,2,27.39,10.32
230,13,168.11,90.37,3,39.46,17.77
230,13,168.11,90.37,4,3.34,30.83
230,14,13.97,352.47,0,7.24,12.07
230,14,13.97,352.47,1,38.50,3.20
230,14,13.97,352.47,2,27.39,10.32
230,14,13.97,352.47,3,39.46,17.77
230,14,13.97,352.47,4,3.34,30.83
230,15,11.96,330.71,0,7.24,12.07
230,15,11.96,330.71,1,38.50,3.20
230,15,11.96,330.71,2,27.39,10.32
230,15,11.96,330.71,3,39.46,17.77
230,15,11.96,330.71,4,3.34,30.83
230,16,338.74,266.29,0,7.24,12.07
230,16,338.74,266.29,1,38.50,3.20
230,16,338.74,266.29,2,27.39,10.32
230,16,338.74,266.29,3,39.46,17.77
230,16,338.74,266.29,4,3.34,30.83
230,17,386.89,182.18,0,7.24,12.07
230,17,386.89,182.18,1,38.50,3.20
230,17,386.89,182.18,2,27.39,10.32
230,17,386.89,182.18,3,39.46,17.77
230,17,386.89,182.18,4,3.34,30.83
230,18,178.60,345.45,0,7.24,12.07
230,18,178.60,345.45,1,38.50,3.20
230,18,178.60,345.45,2,27.39,10.32
230,18,178.60,345.45,3,39.46,17.77
230,18,178.60,345.45,4,3.34,30.83
230,19,54.68,329.23,0,7.24,12.07
230,19,54.68,329.23,1,38.50,3.20
230,19,54.68,329.23,2,27.39,10.32
230,19,54.68,329.23,3,39.46,17.77
230,19,54.68,329.23,4,3.34,30.83
230,20,219.69,389.64,0,7.24,12.07
230,20,219.69,389.64,1,38.50,3.20
230,20,219.69,389.64,2,27.39,10.32
230,20,219.69,389.64,3,39.46,17.77
230,20,219.69,389.64,4,3.34,30.83
230,21,385.08,149.50,0,7.24,12.07
230,21,385.08,149.50,1,38.50,3.20
230,21,385.08,149.50,2,27.39,10.32
230,21,385.08,149.50,3,39.46,17.77
230,21,385.08,149.50,4,3.34,30.83
230,22,289.47,367.22,0,7.24,12.07
230,22,289.47,367.22,1,38.50,3.20
230,22,289.47,367.22,2,27.39,10.32
230,22,289.47,367.22,3,39.46,17.77
230,22,289.47,367.22,4,3.34,30.83
230,23,360.60,235.34,0,7.24,12.07
230,23,360.60,235.34,1,38.50,3.20
230,23,360.60,235.34,2,27.39,10.32
230,23,360.60,235.34,3,39.46,17.77
230,23,360.60,235.34,4,3.34,30.83
230,24,159.54,79.75,0,7.24,12.07
230,24,159.54,79.75,1,38.50,3.20
230,24,159.54,79.75,2,27.39,10.32
230,24,159.54,79.75,3,39.46,17.77
230,24,159.54,79.75,4,3.34,30.83
230,25,55.95,343.43,0,7.24,12.07
230,25,55.95,343.43,1,38.50,3.20
230,25,55.95,343.43,2,27.39,10.32
230,25,55.95,343.43,3,39.46,17.77
230,25,55.95,343.43,4,3.34,30.83
230,26,294.44,38.03,0,7.24,12.07
230,26,294.44,38.03,1,38.50,3.20
230,26,294.44,38.03,2,27.39,10.32
230,26,294.44,38.03,3,39.46,17.77
230,26,294.44,38.03,4,3.34,30.83
230,27,238.04,102.96,0,7.24,12.07
230,27,238.04,102.96,1,38.50,3.20
230,27,238.04,102.96,2,27.39,10.32
230,27,238.04,102.96,3,39.46,17.77
230,27,238.04,102.96,4,3.34,30.83
230,28,381.83,351.25,0,7.24,12.07
230,28,381.83,351.25,1,38.50,3.20
230,28,381.83,351.25,2,27.39,10.32
230,28,381.83,351.25,3,39.46,17.77
230,28,381.83,351.25,4,3.34,30.83
230,29,138.70,268.53,0,7.24,12.07
230,29,138.70,268.53,1,38.50,3.20
230,29,138.70,268.53,2,27.39,10.32
230,29,138.70,268.53,3,39.46,17.77
230,29,138.70,268.53,4,3.34,30.83
230,31,213.03,61.11,0,7.24,12.07
230,31,213.03,61.11,1,38.50,3.20
230,31,213.03,61.11,2,27.39,10.32
230,31,213.03,61.11,3,39.46,17.77
230,31,213.03,61.11,4,3.34,30.83
230,32,247.67,96.26,0,7.24,12.07
230,32,247.67,96.26,1,38.50,3.20
230,32,247.67,96.26,2,27.39,10.32
230,32,247.67,96.26,3,39.46,17.77
230,32,247.67,96.26,4,3.34,30.83
230,33,34.87,305.27,0,7.24,12.07
230,33,34.87,305.27,1,38.50,3.20
230,33,34.87,305.27,2,27.39,10.32
230,33,34.87,305.27,3,39.46,17.77
230,33,34.87,305.27,4,3.34,30.83
230,34,216.69,112.60,0,7.24,12.07
230,34,216.69,112.60,1,38.50,3.20
230,34,216.69,112.60,2,27.39,10.32
230,34,216.69,112.60,3,39.46,17.77
230,34,216.69,112.60,4,3.34,30.83
230,35,348.77,199.00,0,7.24,12.07
230,35,348.77,199.00,1,38.50,3.20
230,35,348.77,199.00,2,27.39,10.32
230,35,348.77,199.00,3,39.46,17.77
230,35,348.77,199.00,4,3.34,30.83
230,36,76.20,327.25,0,7.24,12.07
230,36,76.20,327.25,1,38.50,3.20
230,36,76.20,327.25,2,27.39,10.32
230,36,76.20,327.25,3,39.46,17.77
230,36,76.20,327.25,4,3.34,30.83
230,37,323.62,257.84,0,7.24,12.07
230,37,323.62,257.84,1,38.50,3.20
230,37,323.62,257.84,2,27.39,10.32
230,37,323.62,257.84,3,39.46,17.77
230,37,323.62,257.84,4,3.34,30.83
230,38,115.41,231.17,0,7.24,12.07
230,38,115.41,231.17,1,38.50,3.20
230,38,115.41,231.17,2,27.39,10.32
230,38,115.41,231.17,3,39.46,17.77
230,38,115.41,231.17,4,3.34,30.83
230,39,95.99,186.60,0,7.24,12.07
230,39,95.99,186.60,1,38.50,3.20
230,39,95.99,186.60,2,27.39,10.32
230,39,95.99,186.60,3,39.46,17.77
230,39,95.99,186.60,4,3.34,30.83
230,40,263.52,107.52,0,7.24,12.07
230,40,263.52,107.52,1,38.50,3.20
230,40,263.52,107.52,2,27.39,10.32
230,40,263.52,107.52,3,39.46,17.77
230,40,263.52,107.52,4,3.34,30.83
230,41,265.63,290.66,0,7.24,12.07
230,41,265.63,290.66,1,38.50,3.20
230,41,265.63,290.66,2,27.39,10.32
230,41,265.63,290.66,3,39.46,17.77
230,41,265.63,290.66,4,3.34,30.83
230,42,363.40,212.03,0,7.24,12.07
230,42,363.40,212.03,1,38.50,3.20
230,42,363.40,212.03,2,27.39,10.32
230,42,363.40,212.03,3,39.46,17.77
230,42,363.40,212.03,4,3.34,30.83
230,43,231.08,90.60,0,7.24,12.07
230,43,231.08,90.60,1,38.50,3.20
230,43,231.08,90.60,2,27.39,10.32
230,43,231.08,90.60,3,39.46,17.77
230,43,231.08,90.60,4,3.34,30.83
230,44,375.45,195.36,0,7.24,12.07
230,44,375.45,195.36,1,38.50,3.20
230,44,375.45,195.36,2,27.39,10.32
230,44,375.45,195.36,3,39.46,17.77
230,44,375.45,195.36,4,3.34,30.83
230,46,57.36,351.45,0,7.24,12.07
230,46,57.36,351.45,1,38.50,3.20
230,46,57.36,351.45,2,27.39,10.32
230,46,57.36,351.45,3,39.46,17.77
230,46,57.36,351.45,4,3.34,30.83
230,47,34.10,313.88,0,7.24,12.07
230,47,34.10,313.88,1,38.50,3.20
230,47,34.10,313.88,2,27.39,10.32
230,47,34.10,313.88,3,39.46,17.77
230,47,34.10,313.88,4,3.34,30.83
230,48,371.07,187.16,0,7.24,12.07
230,48,371.07,187.16,1,38.50,3.20
230,48,371.07,187.16,2,27.39,10.32
230,48,371.07,187.16,3,39.46,17.77
230,48,371.07,187.16,4,3.34,30.83
230,49,221.79,116.79,0,7.24,12.07
230,49,221.79,116.79,1,38.50,3.20
230,49,221.79,116.79,2,27.39,10.32
230,49,221.79,116.79,3,39.46,17.77
230,49,221.79,116.79,4,3.34,30.83
230,50,322.16,305.68,0,7.24,12.07
230,50,322.16,305.68,1,38.50,3.20
230,50,322.16,305.68,2,27.39,10.32
230,50,322.16,305.68,3,39.46,17.77
230,50,322.16,305.68,4,3.34,30.83
230,51,24.34,339.37,0,7.24,12.07
230,51,24.34,339.37,1,38.50,3.20
230,51,24.34,339.37,2,27.39,10.32
230,51,24.34,339.37,3,39.46,17.77
230,51,24.34,339.37,4,3.34,30.83
230,52,237.47,103.94,0,7.24,12.07
230,52,237.47,103.94,1,38.50,3.20
230,52,237.47,103.94,2,27.39,10.32
230,52,237.47,103.94,3,39.46,17.77
230,52,237.47,103.94,4,3.34,30.83
230,53,298.44,224.72,0,7.24,12.07
230,53,298.44,224.72,1,38.50,3.20
230,53,298.44,224.72,2,27.39,10.32
230,53,298.44,224.72,3,39.46,17.77
230,53,298.44,224.72,4,3.34,30.83
230,54,358.65,19.93,0,7.24,12.07
230,54,358.65,19.93,1,38.50,3.20
230,54,358.65,19.93,2,27.39,10.32
230,54,358.65,19.93,3,39.46,17.77
230,54,358.65,19.93,4,3.34,30.83
230,55,296.77,237.69,0,7.24,12.07
230,55,296.77,237.69,1,38.50,3.20
230,55,296.77,237.69,2,27.39,10.32
230,55,296.77,237.69,3,39.46,17.77
230,55,296.77,237.69,4,3.34,30.83
230,56,341.97,179.98,0,7.24,12.07
230,56,341.97,179.98,1,38.50,3.20
230,56,341.97,179.98,2,27.39,10.32
230,56,341.97,179.98,3,39.46,17.77
230,56,341.97,179.98,4,3.34,30.83
230,57,81.37,163.28,0,7.24,12.07
230,57,81.37,163.28,1,38.50,3.20
230,57,81.37,163.28,2,27.39,10.32
230,57,81.37,163.28,3,39.46,17.77
230,57,81.37,163.28,4,3.34,30.83
230,58,376.33,182.32,0,7.24,12.07
230,58,376.33,182.32,1,38.50,3.20
230,58,376.33,182.32,2,27.39,10.32
230,58,376.33,182.32,3,39.46,17.77
230,58,376.33,182.32,4,3.34,30.83
230,60,186.08,284.98,0,7.24,12.07
230,60,186.08,284.98,1,38.50,3.20
230,60,186.08,284.98,2,27.39,10.32
230,60,186.08,284.98,3,39.46,17.77
230,60,186.08,284.98,4,3.34,30.83
230,61,55.48,141.63,0,7.24,12.07
230,61,55.48,141.63,1,38.50,3.20
230,61,55.48,141.63,2,27.39,10.32
230,61,55.48,141.63,3,39.46,17.77
230,61,55.48,141.63,4,3.34,30.83
230,62,30.75,355.92,0,7.24,12.07
230,62,30.75,355.92,1,38.50,3.20
230,62,30.75,355.92,2,27.39,10.32
230,62,30.75,355.92,3,39.46,17.77
230,62,30.75,355.92,4,3.34,30.83
230,63,88.08,162.91,0,7.24,12.07
230,63,88.08,162.91,1,38.50,3.20
230,63,88.08,162.91,2,27.39,10.32
230,63,88.08,162.91,3,39.46,17.77
230,63,88.08,162.91,4,3.34,30.83
230,64,373.34,19.18,0,7.24,12.07
230,64,373.34,19.18,1,38.50,3.20
230,64,373.34,19.18,2,27.39,10.32
230,64,373.34,19.18,3,39.46,17.77
230,64,373.34,19.18,4,3.34,30.83
230,65,348.79,246.15,0,7.24,12.07
230,65,348.79,246.15,1,38.50,3.20
230,65,348.79,246.15,2,27.39,10.32
230,65,348.79,246.15,3,39.46,17.77
230,65,348.79,246.15,4,3.34,30.83
230,66,77.40,370.22,0,7.24,12.07
230,66,77.40,370.22,1,38.50,3.20
230,66,77.40,370.22,2,27.39,10.32
230,66,77.40,370.22,3,39.46,17.77
230,66,77.40,370.22,4,3.34,30.83
230,67,43.33,194.89,0,7.24,12.07
230,67,43.33,194.89,1,38.50,3.20
230,67,43.33,194.89,2,27.39,10.32
230,67,43.33,194.89,3,39.46,17.77
230,67,43.33,194.89,4,3.34,30.83
230,68,223.29,325.65,0,7.24,12.07
230,68,223.29,325.65,1,38.50,3.20
230,68,223.29,325.65,2,27.39,10.32
230,68,223.29,325.65,3,39.46,17.77
230,68,223.29,325.65,4,3.34,30.83
230,69,381.22,351.24,0,7.24,12.07
230,69,381.22,351.24,1,38.50,3.20
230,69,381.22,351.24,2,27.39,10.32
230,69,381.22,351.24,3,39.46,17.77
230,69,381.22,351.24,4,3.34,30.83
230,70,238.47,104.62,0,7.24,12.07
230,70,238.47,104.62,1,38.50,3.20
230,70,238.47,104.62,2,27.39,10.32
230,70,238.47,104.62,3,39.46,17.77
230,70,238.47,104.62,4,3.34,30.83
230,71,34.07,350.69,0,7.24,12.07
230,71,34.07,350.69,1,38.50,3.20
230,71,34.07,350.69,2,27.39,10.32
230,71,34.07,350.69,3,39.46,17.77
230,71,34.07,350.69,4,3.34,30.83
230,72,18.49,352.26,0,7.24,12.07
230,72,18.49,352.26,1,38.50,3.20
230,72,18.49,352.26,2,27.39,10.32
230,72,18.49,352.26,3,39.46,17.77
230,72,18.49,352.26,4,3.34,30.83
230,73,376.02,174.10,0,7.24,12.07
230,73,376.02,174.10,1,38.50,3.20
230,73,376.02,174.10,2,27.39,10.32
230,73,376.02,174.10,3,39.46,17.77
230,73,376.02,174.10,4,3.34,30.83
230,74,239.68,90.41,0,7.24,12.07
230,74,239.68,90.41,1,38.50,3.20
230,74,239.68,90.41,2,27.39,10.32
230,74,239.68,90.41,3,39.46,17.77
230,74,239.68,90.41,4,3.34,30.83
230,75,218.76,102.16,0,7.24,12.07
230,75,218.76,102.16,1,38.50,3.20
230,75,218.76,102.16,2,27.39,10.32
230,75,218.76,102.16,3,39.46,17.77
230,75,218.76,102.16,4,3.34,30.83
230,76,371.67,144.35,0,7.24,12.07
230,76,371.67,144.35,1,38.50,3.20
230,76,371.67,144.35,2,27.39,10.32
230,76,371.67,144.35,3,39.46,17.77
230,76,371.67,144.35,4,3.34,30.83
230,77,67.29,144.01,0,7.24,12.07
230,77,67.29,144.01,1,38.50,3.20
230,77,67.29,144.01,2,27.39,10.32
230,77,67.29,144.01,3,39.46,17.77
230,77,67.29,144.01,4,3.34,30.83
230,78,202.55,381.16,0,7.24,12.07
230,78,202.55,381.16,1,38.50,3.20
230,78,202.55,381.16,2,27.39,10.32
230,78,202.55,381.16,3,39.46,17.77
230,78,202.55,381.16,4,3.34,30.83
230,79,371.89,197.89,0,7.24,12.07
230,79,371.89,197.89,1,38.50,3.20
230,79,371.89,197.89,2,27.39,10.32
230,79,371.89,197.89,3,39.46,17.77
230,79,371.89,197.89,4,3.34,30.83
230,81,247.93,364.39,0,7.24,12.07
230,81,247.93,364.39,1,38.50,3.20
230,81,247.93,364.39,2,27.39,10.32
230,81,247.93,364.39,3,39.46,17.77
230,81,247.93,364.39,4,3.34,30.83
230,82,336.24,136.89,0,7.24,12.07
230,82,336.24,136.89,1,38.50,3.20
230,82,336.24,136.89,2,27.39,10.32
230,82,336.24,136.89,3,39.46,17.77
230,82,336.24,136.89,4,3.34,30.83
230,83,187.31,47.75,0,7.24,12.07
230,83,187.31,47.75,1,38.50,3.20
230,83,187.31,47.75,2,27.39,10.32
230,83,187.31,47.75,3,39.46,17.77
230,83,187.31,47.75,4,3.34,30.83
230,84,205.46,292.01,0,7.24,12.07
230,84,205.46,292.01,1,38.50,3.20
230,84,205.46,292.01,2,27.39,10.32
230,84,205.46,292.01,3,39.46,17.77
230,84,205.46,292.01,4,3.34,30.83
230,85,365.93,151.51,0,7.24,12.07
230,85,365.93,151.51,1,38.50,3.20
230,85,365.93,151.51,2,27.39,10.32
230,85,365.93,151.51,3,39.46,17.77
230,85,365.93,151.51,4,3.34,30.83
230,86,48.96,130.68,0,7.24,12.07
230,86,48.96,130.68,1,38.50,3.20
230,86,48.96,130.68,2,27.39,10.32
230,86,48.96,130.68,3,39.46,17.77
230,86,48.96,130.68,4,3.34,30.83
230,87,383.96,18.52,0,7.24,12.07
230,87,383.96,18.52,1,38.50,3.20
230,87,383.96,18.52,2,27.39,10.32
230,87,383.96,18.52,3,39.46,17.77
230,87,383.96,18.52,4,3.34,30.83
230,88,180.17,298.50,0,7.24,12.07
230,88,180.17,298.50,1,38.50,3.20
230,88,180.17,298.50,2,27.39,10.32
230,88,180.17,298.50,3,39.46,17.77
230,88,180.17,298.50,4,3.34,30.83
230,89,305.18,64.13,0,7.24,12.07
230,89,305.18,64.13,1,38.50,3.20
230,89,305.18,64.13,2,27.39,10.32
230,89,305.18,64.13,3,39.46,17.77
230,89,305.18,64.13,4,3.34,30.83
230,90,207.44,65.13,0,7.24,12.07
230,90,207.44,65.13,1,38.50,3.20
230,90,207.44,65.13,2,27.39,10.32
230,90,207.44,65.13,3,39.46,17.77
230,90,207.44,65.13,4,3.34,30.83
230,92,262.43,100.96,0,7.24,12.07
230,92,262.43,100.96,1,38.50,3.20
230,92,262.43,100.96,2,27.39,10.32
230,92,262.43,100.96,3,39.46,17.77
230,92,262.43,100.96,4,3.34,30.83
230,93,252.26,96.74,0,7.24,12.07
230,93,252.26,96.74,1,38.50,3.20
230,93,252.26,96.74,2,27.39,10.32
230,93,252.26,96.74,3,39.46,17.77
230,93,252.26,96.74,4,3.34,30.83
230,94,16.46,334.50,0,7.24,12.07
230,94,16.46,334.50,1,38.50,3.20
230,94,16.46,334.50,2,27.39,10.32
230,94,16.46,334.50,3,39.46,17.77
230,94,16.46,334.50,4,3.34,30.83
230,95,345.30,164.32,0,7.24,12.07
230,95,345.30,164.32,1,38.50,3.20
230,95,345.30,164.32,2,27.39,10.32
230,95,345.30,164.32,3,39.46,17.77
230,95,345.30,164.32,4,3.34,30.83
230,96,75.48,164.97,0,7.24,12.07
230,96,75.48,164.97,1,38.50,3.20
230,96,75.48,164.97,2,27.39,10.32
230,96,75.48,164.97,3,39.46,17.77
230,96,75.48,164.97,4,3.34,30.83
230,97,257.38,150.79,0,7.24,12.07
230,97,257.38,150.79,1,38.50,3.20
230,97,257.38,150.79,2,27.39,10.32
230,97,257.38,150.79,3,39.46,17.77
230,97,257.38,150.79,4,3.34,30.83
230,98,354.93,14.16,0,7.24,12.07
230,98,354.93,14.16,1,38.50,3.20
230,98,354.93,14.16,2,27.39,10.32
230,98,354.93,14.16,3,39.46,17.77
230,98,354.93,14.16,4,3.34,30.83
230,99,388.50,181.25,0,7.24,12.07
230,99,388.50,181.25,1,38.50,3.20
230,99,388.50,181.25,2,27.39,10.32
230,99,388.50,181.25,3,39.46,17.77
230,99,388.50,181.25,4,3.34,30.83
230,102,58.33,158.80,0,7.24,12.07
230,102,58.33,158.80,1,38.50,3.20
230,102,58.33,158.80,2,27.39,10.32
230,102,58.33,158.80,3,39.46,17.77
230,102,58.33,158.80,4,3.34,30.83
230,103,96.46,376.09,0,7.24,12.07
230,103,96.46,376.09,1,38.50,3.20
230,103,96.46,376.09,2,27.39,10.32
230,103,96.46,376.09,3,39.46,17.77
230,103,96.46,376.09,4,3.34,30.83
230,104,363.00,11.17,0,7.24,12.07
230,104,363.00,11.17,1,38.50,3.20
230,104,363.00,11.17,2,27.39,10.32
230,104,363.00,11.17,3,39.46,17.77
230,104,363.00,11.17,4,3.34,30.83
230,105,33.43,339.50,0,7.24,12.07
230,105,33.43,339.50,1,38.50,3.20
230,105,33.43,339.50,2,27.39,10.32
230,105,33.43,339.50,3,39.46,17.77
230,105,33.43,339.50,4,3.34,30.83
230,106,48.95,273.60,0,7.24,12.07
230,106,48.95,273.60,1,38.50,3.20
230,106,48.95,273.60,2,27.39,10.32
230,106,48.95,273.60,3,39.46,17.77
230,106,48.95,273.60,4,3.34,30.83
230,107,254.27,114.87,0,7.24,12.07
230,107,254.27,114.87,1,38.50,3.20
230,107,254.27,114.87,2,27.39,10.32
230,107,254.27,114.87,3,39.46,17.77
230,107,254.27,114.87,4,3.34,30.83
230,108,13.91,74.59,0,7.24,12.07
230,108,13.91,74.59,1,38.50,3.20
230,108,13.91,74.59,2,27.39,10.32
230,108,13.91,74.59,3,39.46,17.77
230,108,13.91,74.59,4,3.34,30.83
230,109,53.74,313.67,0,7.24,12.07
230,109,53.74,313.67,1,38.50,3.20
230,109,53.74,313.67,2,27.39,10.32
230,109,53.74,313.67,3,39.46,17.77
230,109,53.74,313.67,4,3.34,30.83
230,110,106.19,332.26,0,7.24,12.07
230,110,106.19,332.26,1,38.50,3.20
230,110,106.19,332.26,2,27.39,10.32
230,110,106.19,332.26,3,39.46,17.77
230,110,106.19,332.26,4,3.34,30.83
230,111,378.04,25.62,0,7.24,12.07
230,111,378.04,25.62,1,38.50,3.20
230,111,378.04,25.62,2,27.39,10.32
230,111,378.04,25.62,3,39.46,17.77
230,111,378.04,25.62,4,3.34,30.83
230,112,198.12,105.20,0,7.24,12.07
230,112,198.12,105.20,1,38.50,3.20
230,112,198.12,105.20,2,27.39,10.32
230,112,198.12,105.20,3,39.46,17.77
230,112,198.12,105.20,4,3.34,30.83
230,113,92.08,133.53,0,7.24,12.07
230,113,92.08,133.53,1,38.50,3.20
230,113,92.08,133.53,2,27.39,10.32
230,113,92.08,133.53,3,39.46,17.77
230,113,92.08,133.53,4,3.34,30.83
230,114,169.19,32.32,0,7.24,12.07
230,114,169.19,32.32,1,38.50,3.20
230,114,169.19,32.32,2,27.39,10.32
230,114,169.19,32.32,3,39.46,17.77
230,114,169.19,32.32,4,3.34,30.83
230,115,376.56,207.27,0,7.24,12.07
230,115,376.56,207.27,1,38.50,3.20
230,115,376.56,207.27,2,27.39,10.32
230,115,376.56,207.27,3,39.46,17.77
230,115,376.56,207.27,4,3.34,30.83
230,116,224.79,124.77,0,7.24,12.07
230,116,224.79,124.77,1,38.50,3.20
230,116,224.79,124.77,2,27.39,10.32
230,116,224.79,124.77,3,39.46,17.77
230,116,224.79,124.77,4,3.34,30.83
230,117,356.52,126.86,0,7.24,12.07
230,117,356.52,126.86,1,38.50,3.20
230,117,356.52,126.86,2,27.39,10.32
230,117,356.52,126.86,3,39.46,17.77
230,117,356.52,126.86,4,3.34,30.83
230,118,87.32,192.21,0,7.24,12.07
230,118,87.32,192.21,1,38.50,3.20
230,118,87.32,192.21,2,27.39,10.32
230,118,87.32,192.21,3,39.46,17.77
230,118,87.32,192.21,4,3.34,30.83
230,119,327.09,129.71,0,7.24,12.07
230,119,327.09,129.71,1,38.50,3.20
230,119,327.09,129.71,2,27.39,10.32
230,119,327.09,129.71,3,39.46,17.77
230,119,327.09,129.71,4,3.34,30.83
230,120,180.47,229.29,0,7.24,12.07
230,120,180.47,229.29,1,38.50,3.20
230,120,180.47,229.29,2,27.39,10.32
230,120,180.47,229.29,3,39.46,17.77
230,120,180.47,229.29,4,3.34,30.83
230,121,72.89,124.48,0,7.24,12.07
230,121,72.89,124.48,1,38.50,3.20
230,121,72.89,124.48,2,27.39,10.32
230,121,72.89,124.48,3,39.46,17.77
230,121,72.89,124.48,4,3.34,30.83
230,122,133.64,236.60,0,7.24,12.07
230,122,133.64,236.60,1,38.50,3.20
230,122,133.64,236.60,2,27.39,10.32
230,122,133.64,236.60,3,39.46,17.77
230,122,133.64,236.60,4,3.34,30.83
230,123,154.63,322.11,0,7.24,12.07
230,123,154.63,322.11,1,38.50,3.20
230,123,154.63,322.11,2,27.39,10.32
230,123,154.63,322.11,3,39.46,17.77
230,123,154.63,322.11,4,3.34,30.83
230,124,114.21,43.96,0,7.24,12.07
230,124,114.21,43.96,1,38.50,3.20
230,124,114.21,43.96,2,27.39,10.32
230,124,114.21,43.96,3,39.46,17.77
230,124,114.21,43.96,4,3.34,30.83
230,125,367.06,115.01,0,7.24,12.07
230,125,367.06,115.01,1,38.50,3.20
230,125,367.06,115.01,2,27.39,10.32
230,125,367.06,115.01,3,39.46,17.77
230,125,367.06,115.01,4,3.34,30.83
230,126,39.10,107.73,0,7.24,12.07
230,126,39.10,107.73,1,38.50,3.20
230,126,39.10,107.73,2,27.39,10.32
230,126,39.10,107.73,3,39.46,17.77
230,126,39.10,107.73,4,3.34,30.83
230,127,25.86,360.12,0,7.24,12.07
230,127,25.86,360.12,1,38.50,3.20
230,127,25.86,360.12,2,27.39,10.32
230,127,25.86,360.12,3,39.46,17.77
230,127,25.86,360.12,4,3.34,30.83
230,128,237.38,359.23,0,7.24,12.07
230,128,237.38,359.23,1,38.50,3.20
230,128,237.38,359.23,2,27.39,10.32
230,128,237.38,359.23,3,39.46,17.77
230,128,237.38,359.23,4,3.34,30.83
230,129,305.10,167.52,0,7.24,12.07
230,129,305.10,167.52,1,38.50,3.20
230,129,305.10,167.52,2,27.39,10.32
230,129,305.10,167.52,3,39.46,17.77
230,129,305.10,167.52,4,3.34,30.83
230,131,257.83,92.84,0,7.24,12.07
230,131,257.83,92.84,1,38.50,3.20
230,131,257.83,92.84,2,27.39,10.32
230,131,257.83,92.84,3,39.46,17.77
230,131,257.83,92.84,4,3.34,30.83
230,132,370.74,273.32,0,7.24,12.07
230,132,370.74,273.32,1,38.50,3.20
230,132,370.74,273.32,2,27.39,10.32
230,132,370.74,273.32,3,39.46,17.77
230,132,370.74,273.32,4,3.34,30.83
230,133,32.25,116.18,0,7.24,12.07
230,133,32.25,116.18,1,38.50,3.20
230,133,32.25,116.18,2,27.39,10.32
230,133,32.25,116.18,3,39.46,17.77
230,133,32.25,116.18,4,3.34,30.83
230,134,383.09,28.26,0,7.24,12.07
230,134,383.09,28.26,1,38.50,3.20
230,134,383.09,28.26,2,27.39,10.32
230,134,383.09,28.26,3,39.46,17.77
230,134,383.09,28.26,4,3.34,30.83
230,135,75.65,271.33,0,7.24,12.07
230,135,75.65,271.33,1,38.50,3.20
230,135,75.65,271.33,2,27.39,10.32
230,135,75.65,271.33,3,39.46,17.77
230,135,75.65,271.33,4,3.34,30.83
230,136,374.09,23.72,0,7.24,12.07
230,136,374.09,23.72,1,38.50,3.20
230,136,374.09,23.72,2,27.39,10.32
230,136,374.09,23.72,3,39.46,17.77
230,136,374.09,23.72,4,3.34,30.83
230,137,256.91,79.05,0,7.24,12.07
230,137,256.91,79.05,1,38.50,3.20
230,137,256.91,79.05,2,27.39,10.32
230,137,256.91,79.05,3,39.46,17.77
230,137,256.91,79.05,4,3.34,30.83
230,138,252.60,105.60,0,7.24,12.07
230,138,252.60,105.60,1,38.50,3.20
230,138,252.60,105.60,2,27.39,10.32
230,138,252.60,105.60,3,39.46,17.77
230,138,252.60,105.60,4,3.34,30.83
230,139,366.68,132.07,0,7.24,12.07
230,139,366.68,132.07,1,38.50,3.20
230,139,366.68,132.07,2,27.39,10.32
230,139,366.68,132.07,3,39.46,17.77
230,139,366.68,132.07,4,3.34,30.83
230,140,376.12,7.31,0,7.24,12.07
230,140,376.12,7.31,1,38.50,3.20
230,140,376.12,7.31,2,27.39,10.32
230,140,376.12,7.31,3,39.46,17.77
230,140,376.12,7.31,4,3.34,30.83
230,141,344.15,367.92,0,7.24,12.07
230,141,344.15,367.92,1,38.50,3.20
230,141,344.15,367.92,2,27.39,10.32
230,141,344.15,367.92,3,39.46,17.77
230,141,344.15,367.92,4,3.34,30.83
230,142,243.84,120.79,0,7.24,12.07
230,142,243.84,120.79,1,38.50,3.20
230,142,243.84,120.79,2,27.39,10.32
230,142,243.84,120.79,3,39.46,17.77
230,142,243.84,120.79,4,3.34,30.83
230,143,346.78,338.59,0,7.24,12.07
230,143,346.78,338.59,1,38.50,3.20
230,143,346.78,338.59,2,27.39,10.32
230,143,346.78,338.59,3,39.46,17.77
230,143,346.78,338.59,4,3.34,30.83
230,144,388.25,189.75,0,7.24,12.07
230,144,388.25,189.75,1,38.50,3.20
230,144,388.25,189.75,2,27.39,10.32
230,144,388.25,189.75,3,39.46,17.77
230,144,388.25,189.75,4,3.34,30.83
230,145,242.57,339.58,0,7.24,12.07
230,145,242.57,339.58,1,38.50,3.20
230,145,242.57,339.58,2,27.39,10.32
230,145,242.57,339.58,3,39.46,17.77
230,145,242.57,339.58,4,3.34,30.83
230,146,101.15,179.83,0,7.24,12.07
230,146,101.15,179.83,1,38.50,3.20
230,146,101.15,179.83,2,27.39,10.32
230,146,101.15,179.83,3,39.46,17.77
230,146,101.15,179.83,4,3.34,30.83
230,147,21.73,286.64,0,7.24,12.07
230,147,21.73,286.64,1,38.50,3.20
230,147,21.73,286.64,2,27.39,10.32
230,147,21.73,286.64,3,39.46,17.77
230,147,21.73,286.64,4,3.34,30.83
230,148,313.05,208.07,0,7.24,12.07
230,148,313.05,208.07,1,38.50,3.20
230,148,313.05,208.07,2,27.39,10.32
230,148,313.05,208.07,3,39.46,17.77
230,148,313.05,208.07,4,3.34,30.83
230,149,359.25,242.73,0,7.24,12.07
230,149,359.25,242.73,1,38.50,3.20
230,149,359.25,242.73,2,27.39,10.32
230,149,359.25,242.73,3,39.46,17.77
230,149,359.25,242.73,4,3.34,30.83
230,150,291.06,144.39,0,7.24,12.07
230,150,291.06,144.39,1,38.50,3.20
230,150,291.06,144.39,2,27.39,10.32
230,150,291.06,144.39,3,39.46,17.77
230,150,291.06,144.39,4,3.34,30.83
230,151,218.49,86.92,0,7.24,12.07
230,151,218.49,86.92,1,38.50,3.20
230,151,218.49,86.92,2,27.39,10.32
230,151,218.49,86.92,3,39.46,17.77
230,151,218.49,86.92,4,3.34,30.83
230,152,39.09,94.85,0,7.24,12.07
230,152,39.09,94.85,1,38.50,3.20
230,152,39.09,94.85,2,27.39,10.32
230,152,39.09,94.85,3,39.46,17.77
230,152,39.09,94.85,4,3.34,30.83
230,153,56.89,136.94,0,7.24,12.07
230,153,56.89,136.94,1,38.50,3.20
230,153,56.89,136.94,2,27.39,10.32
230,153,56.89,136.94,3,39.46,17.77
230,153,56.89,136.94,4,3.34,30.83
230,155,216.05,136.24,0,7.24,12.07
230,155,216.05,136.24,1,38.50,3.20
230,155,216.05,136.24,2,27.39,10.32
230,155,216.05,136.24,3,39.46,17.77
230,155,216.05,136.24,4,3.34,30.83
230,156,362.23,312.41,0,7.24,12.07
230,156,362.23,312.41,1,38.50,3.20
230,156,362.23,312.41,2,27.39,10.32
230,156,362.23,312.41,3,39.46,17.77
230,156,362.23,312.41,4,3.34,30.83
230,157,218.69,93.14,0,7.24,12.07
230,157,218.69,93.14,1,38.50,3.20
230,157,218.69,93.14,2,27.39,10.32
230,157,218.69,93.14,3,39.46,17.77
230,157,218.69,93.14,4,3.34,30.83
230,158,245.15,103.00,0,7.24,12.07
230,158,245.15,103.00,1,38.50,3.20
230,158,245.15,103.00,2,27.39,10.32
230,158,245.15,103.00,3,39.46,17.77
230,158,245.15,103.00,4,3.34,30.83
230,159,370.00,291.96,0,7.24,12.07
230,159,370.00,291.96,1,38.50,3.20
230,159,370.00,291.96,2,27.39,10.32
230,159,370.00,291.96,3,39.46,17.77
230,159,370.00,291.96,4,3.34,30.83
230,160,309.97,392.29,0,7.24,12.07
230,160,309.97,392.29,1,38.50,3.20
230,160,309.97,392.29,2,27.39,10.32
230,160,309.97,392.29,3,39.46,17.77
230,160,309.97,392.29,4,3.34,30.83
230,161,189.86,148.07,0,7.24,12.07
230,161,189.86,148.07,1,38.50,3.20
230,161,189.86,148.07,2,27.39,10.32
230,161,189.86,148.07,3,39.46,17.77
230,161,189.86,148.07,4,3.34,30.83
230,162,289.09,349.01,0,7.24,12.07
230,162,289.09,349.01,1,38.50,3.20
230,162,289.09,349.01,2,27.39,10.32
230,162,289.09,349.01,3,39.46,17.77
230,162,289.09,349.01,4,3.34,30.83
230,163,189.31,142.62,0,7.24,12.07
230,163,189.31,142.62,1,38.50,3.20
230,163,189.31,142.62,2,27.39,10.32
230,163,189.31,142.62,3,39.46,17.77
230,163,189.31,142.62,4,3.34,30.83
230,164,47.83,37.69,0,7.24,12.07
230,164,47.83,37.69,1,38.50,3.20
230,164,47.83,37.69,2,27.39,10.32
230,164,47.83,37.69,3,39.46,17.77
230,164,47.83,37.69,4,3.34,30.83
230,165,93.14,78.31,0,7.24,12.07
230,165,93.14,78.31,1,38.50,3.20
230,165,93.14,78.31,2,27.39,10.32
230,165,93.14,78.31,3,39.46,17.77
230,165,93.14,78.31,4,3.34,30.83
230,166,271.23,377.46,0,7.24,12.07
230,166,271.23,377.46,1,38.50,3.20
230,166,271.23,377.46,2,27.39,10.32
230,166,271.23,377.46,3,39.46,17.77
230,166,271.23,377.46,4,3.34,30.83
230,167,392.68,314.71,0,7.24,12.07
230,167,392.68,314.71,1,38.50,3.20
230,167,392.68,314.71,2,27.39,10.32
230,167,392.68,314.71,3,39.46,17.77
230,167,392.68,314.71,4,3.34,30.83
230,168,199.97,280.00,0,7.24,12.07
230,168,199.97,280.00,1,38.50,3.20
230,168,199.97,280.00,2,27.39,10.32
230,168,199.97,280.00,3,39.46,17.77
230,168,199.97,280.00,4,3.34,30.83
230,169,216.30,74.86,0,7.24,12.07
230,169,216.30,74.86,1,38.50,3.20
230,169,216.30,74.86,2,27.39,10.32
230,169,216.30,74.86,3,39.46,17.77
230,169,216.30,74.86,4,3.34,30.83
230,170,304.76,249.90,0,7.24,12.07
230,170,304.76,249.90,1,38.50,3.20
230,170,304.76,249.90,2,27.39,10.32
230,170,304.76,249.90,3,39.46,17.77
230,170,304.76,249.90,4,3.34,30.83
230,171,58.43,121.49,0,7.24,12.07
230,171,58.43,121.49,1,38.50,3.20
230,171,58.43,121.49,2,27.39,10.32
230,171,58.43,121.49,3,39.46,17.77
230,171,58.43,121.49,4,3.34,30.83
230,172,364.38,191.63,0,7.24,12.07
230,172,364.38,191.63,1,38.50,3.20
230,172,364.38,191.63,2,27.39,10.32
230,172,364.38,191.63,3,39.46,17.77
230,172,364.38,191.63,4,3.34,30.83
230,173,383.03,168.79,0,7.24,12.07
230,173,383.03,168.79,1,38.50,3.20
230,173,383.03,168.79,2,27.39,10.32
230,173,383.03,168.79,3,39.46,17.77
230,173,383.03,168.79,4,3.34,30.83
230,174,167.02,224.34,0,7.24,12.07
230,174,167.02,224.34,1,38.50,3.20
230,174,167.02,224.34,2,27.39,10.32
230,174,167.02,224.34,3,39.46,17.77
230,174,167.02,224.34,4,3.34,30.83
230,176,52.76,194.07,0,7.24,12.07
230,176,52.76,194.07,1,38.50,3.20
230,176,52.76,194.07,2,27.39,10.32
230,176,52.76,194.07,3,39.46,17.77
230,176,52.76,194.07,4,3.34,30.83
230,177,215.31,279.87,0,7.24,12.07
230,177,215.31,279.87,1,38.50,3.20
230,177,215.31,279.87,2,27.39,10.32
230,177,215.31,279.87,3,39.46,17.77
230,177,215.31,279.87,4,3.34,30.83
230,178,228.85,104.02,0,7.24,12.07
230,178,228.85,104.02,1,38.50,3.20
230,178,228.85,104.02,2,27.39,10.32
230,178,228.85,104.02,3,39.46,17.77
230,178,228.85,104.02,4,3.34,30.83
230,179,38.60,320.47,0,7.24,12.07
230,179,38.60,320.47,1,38.50,3.20
230,179,38.60,320.47,2,27.39,10.32
230,179,38.60,320.47,3,39.46,17.77
230,179,38.60,320.47,4,3.34,30.83
230,180,200.68,155.24,0,7.24,12.07
230,180,200.68,155.24,1,38.50,3.20
230,180,200.68,155.24,2,27.39,10.32
230,180,200.68,155.24,3,39.46,17.77
230,180,200.68,155.24,4,3.34,30.83
230,181,22.34,133.27,0,7.24,12.07
230,181,22.34,133.27,1,38.50,3.20
230,181,22.34,133.27,2,27.39,10.32
230,181,22.34,133.27,3,39.46,17.77
230,181,22.34,133.27,4,3.34,30.83
230,183,65.83,132.67,0,7.24,12.07
230,183,65.83,132.67,1,38.50,3.20
230,183,65.83,132.67,2,27.39,10.32
230,183,65.83,132.67,3,39.46,17.77
230,183,65.83,132.67,4,3.34,30.83
230,184,46.24,119.09,0,7.24,12.07
230,184,46.24,119.09,1,38.50,3.20
230,184,46.24,119.09,2,27.39,10.32
230,184,46.24,119.09,3,39.46,17.77
230,184,46.24,119.09,4,3.34,30.83
230,185,70.97,297.60,0,7.24,12.07
230,185,70.97,297.60,1,38.50,3.20
230,185,70.97,297.60,2,27.39,10.32
230,185,70.97,297.60,3,39.46,17.77
230,185,70.97,297.60,4,3.34,30.83
230,186,232.62,107.10,0,7.24,12.07
230,186,232.62,107.10,1,38.50,3.20
230,186,232.62,107.10,2,27.39,10.32
230,186,232.62,107.10,3,39.46,17.77
230,186,232.62,107.10,4,3.34,30.83
230,187,131.42,320.09,0,7.24,12.07
230,187,131.42,320.09,1,38.50,3.20
230,187,131.42,320.09,2,27.39,10.32
230,187,131.42,320.09,3,39.46,17.77
230,187,131.42,320.09,4,3.34,30.83
230,188,251.66,124.88,0,7.24,12.07
230,188,251.66,124.88,1,38.50,3.20
230,188,251.66,124.88,2,27.39,10.32
230,188,251.66,124.88,3,39.46,17.77
230,188,251.66,124.88,4,3.34,30.83
230,189,38.10,293.05,0,7.24,12.07
230,189,38.10,293.05,1,38.50,3.20
230,189,38.10,293.05,2,27.39,10.32
230,189,38.10,293.05,3,39.46,17.77
230,189,38.10,293.05,4,3.34,30.83
230,190,48.90,61.80,0,7.24,12.07
230,190,48.90,61.80,1,38.50,3.20
230,190,48.90,61.80,2,27.39,10.32
230,190,48.90,61.80,3,39.46,17.77
230,190,48.90,61.80,4,3.34,30.83
230,191,53.91,336.67,0,7.24,12.07
230,191,53.91,336.67,1,38.50,3.20
230,191,53.91,336.67,2,27.39,10.32
230,191,53.91,336.67,3,39.46,17.77
230,191,53.91,336.67,4,3.34,30.83
230,192,243.28,85.48,0,7.24,12.07
230,192,243.28,85.48,1,38.50,3.20
230,192,243.28,85.48,2,27.39,10.32
230,192,243.28,85.48,3,39.46,17.77
230,192,243.28,85.48,4,3.34,30.83
230,193,338.73,113.50,0,7.24,12.07
230,193,338.73,113.50,1,38.50,3.20
230,193,338.73,113.50,2,27.39,10.32
230,193,338.73,113.50,3,39.46,17.77
230,193,338.73,113.50,4,3.34,30.83
230,194,44.12,135.87,0,7.24,12.07
230,194,44.12,135.87,1,38.50,3.20
230,194,44.12,135.87,2,27.39,10.32
230,194,44.12,135.87,3,39.46,17.77
230,194,44.12,135.87,4,3.34,30.83
230,195,90.63,349.10,0,7.24,12.07
230,195,90.63,349.10,1,38.50,3.20
230,195,90.63,349.10,2,27.39,10.32
230,195,90.63,349.10,3,39.46,17.77
230,195,90.63,349.10,4,3.34,30.83
230,196,53.16,120.42,0,7.24,12.07
230,196,53.16,120.42,1,38.50,3.20
230,196,53.16,120.42,2,27.39,10.32
230,196,53.16,120.42,3,39.46,17.77
230,196,53.16,120.42,4,3.34,30.83
230,197,381.07,192.71,0,7.24,12.07
230,197,381.07,192.71,1,38.50,3.20
230,197,381.07,192.71,2,27.39,10.32
230,197,381.07,192.71,3,39.46,17.77
230,197,381.07,192.71,4,3.34,30.83
230,198,350.71,170.98,0,7.24,12.07
230,198,350.71,170.98,1,38.50,3.20
230,198,350.71,170.98,2,27.39,10.32
230,198,350.71,170.98,3,39.46,17.77
230,198,350.71,170.98,4,3.34,30.83
230,199,33.61,156.78,0,7.24,12.07
230,199,33.61,156.78,1,38.50,3.20
230,199,33.61,156.78,2,27.39,10.32
230,199,33.61,156.78,3,39.46,17.77
230,199,33.61,156.78,4,3.34,30.83
230,200,21.15,81.04,0,7.24,12.07
230,200,21.15,81.04,1,38.50,3.20
230,200,21.15,81.04,2,27.39,10.32
230,200,21.15,81.04,3,39.46,17.77
230,200,21.15,81.04,4,3.34,30.83
230,201,373.86,160.88,0,7.24,12.07
230,201,373.86,160.88,1,38.50,3.20
230,201,373.86,160.88,2,27.39,10.32
230,201,373.86,160.88,3,39.46,17.77
230,201,373.86,160.88,4,3.34,30.83
230,203,357.22,207.56,0,7.24,12.07
230,203,357.22,207.56,1,38.50,3.20
230,203,357.22,207.56,2,27.39,10.32
230,203,357.22,207.56,3,39.46,17.77
230,203,357.22,207.56,4,3.34,30.83
230,204,33.97,325.99,0,7.24,12.07
230,204,33.97,325.99,1,38.50,3.20
230,204,33.97,325.99,2,27.39,10.32
230,204,33.97,325.99,3,39.46,17.77
230,204,33.97,325.99,4,3.34,30.83
230,206,241.44,114.16,0,7.24,12.07
230,206,241.44,114.16,1,38.50,3.20
230,206,241.44,114.16,2,27.39,10.32
230,206,241.44,114.16,3,39.46,17.77
230,206,241.44,114.16,4,3.34,30.83
230,207,16.27,291.48,0,7.24,12.07
230,207,16.27,291.48,1,38.50,3.20
230,207,16.27,291.48,2,27.39,10.32
230,207,16.27,291.48,3,39.46,17.77
230,207,16.27,291.48,4,3.34,30.83
230,208,45.86,354.75,0,7.24,12.07
230,208,45.86,354.75,1,38.50,3.20
230,208,45.86,354.75,2,27.39,10.32
230,208,45.86,354.75,3,39.46,17.77
230,208,45.86,354.75,4,3.34,30.83
230,209,381.60,188.80,0,7.24,12.07
230,209,381.60,188.80,1,38.50,3.20
230,209,381.60,188.80,2,27.39,10.32
230,209,381.60,188.80,3,39.46,17.77
230,209,381.60,188.80,4,3.34,30.83
230,210,260.57,109.43,0,7.24,12.07
230,210,260.57,109.43,1,38.50,3.20
230,210,260.57,109.43,2,27.39,10.32
230,210,260.57,109.43,3,39.46,17.77
230,210,260.57,109.43,4,3.34,30.83
230,211,127.97,373.83,0,7.24,12.07
230,211,127.97,373.83,1,38.50,3.20
230,211,127.97,373.83,2,27.39,10.32
230,211,127.97,373.83,3,39.46,17.77
230,211,127.97,373.83,4,3.34,30.83
230,212,384.72,267.05,0,7.24,12.07
230,212,384.72,267.05,1,38.50,3.20
230,212,384.72,267.05,2,27.39,10.32
230,212,384.72,267.05,3,39.46,17.77
230,212,384.72,267.05,4,3.34,30.83
230,213,376.26,265.01,0,7.24,12.07
230,213,376.26,265.01,1,38.50,3.20
230,213,376.26,265.01,2,27.39,10.32
230,213,376.26,265.01,3,39.46,17.77
230,213,376.26,265.01,4,3.34,30.83
230,214,242.69,89.48,0,7.24,12.07
230,214,242.69,89.48,1,38.50,3.20
230,214,242.69,89.48,2,27.39,10.32
230,214,242.69,89.48,3,39.46,17.77
230,214,242.69,89.48,4,3.34,30.83
230,215,255.45,376.92,0,7.24,12.07
230,215,255.45,376.92,1,38.50,3.20
230,215,255.45,376.92,2,27.39,10.32
230,215,255.45,376.92,3,39.46,17.77
230,215,255.45,376.92,4,3.34,30.83
230,216,250.30,391.54,0,7.24,12.07
230,216,250.30,391.54,1,38.50,3.20
230,216,250.30,391.54,2,27.39,10.32
230,216,250.30,391.54,3,39.46,17.77
230,216,250.30,391.54,4,3.34,30.83
230,217,370.90,9.57,0,7.24,12.07
230,217,370.90,9.57,1,38.50,3.20
230,217,370.90,9.57,2,27.39,10.32
230,217,370.90,9.57,3,39.46,17.77
230,217,370.90,9.57,4,3.34,30.83
230,218,278.21,392.42,0,7.24,12.07
230,218,278.21,392.42,1,38.50,3.20
230,218,278.21,392.42,2,27.39,10.32
230,218,278.21,392.42,3,39.46,17.77
230,218,278.21,392.42,4,3.34,30.83
230,219,31.27,106.54,0,7.24,12.07
230,219,31.27,106.54,1,38.50,3.20
230,219,31.27,106.54,2,27.39,10.32
230,219,31.27,106.54,3,39.46,17.77
230,219,31.27,106.54,4,3.34,30.83
230,221,332.76,227.54,0,7.24,12.07
230,221,332.76,227.54,1,38.50,3.20
230,221,332.76,227.54,2,27.39,10.32
230,221,332.76,227.54,3,39.46,17.77
230,221,332.76,227.54,4,3.34,30.83
230,222,26.60,333.31,0,7.24,12.07
230,222,26.60,333.31,1,38.50,3.20
230,222,26.60,333.31,2,27.39,10.32
230,222,26.60,333.31,3,39.46,17.77
230,222,26.60,333.31,4,3.34,30.83
230,223,354.79,187.03,0,7.24,12.07
230,223,354.79,187.03,1,38.50,3.20
230,223,354.79,187.03,2,27.39,10.32
230,223,354.79,187.03,3,39.46,17.77
230,223,354.79,187.03,4,3.34,30.83
230,225,375.63,194.75,0,7.24,12.07
230,225,375.63,194.75,1,38.50,3.20
230,225,375.63,194.75,2,27.39,10.32
230,225,375.63,194.75,3,39.46,17.77
230,225,375.63,194.75,4,3.34,30.83
230,226,293.16,166.85,0,7.24,12.07
230,226,293.16,166.85,1,38.50,3.20
230,226,293.16,166.85,2,27.39,10.32
230,226,293.16,166.85,3,39.46,17.77
230,226,293.16,166.85,4,3.34,30.83
230,227,92.46,328.87,0,7.24,12.07
230,227,92.46,328.87,1,38.50,3.20
230,227,92.46,328.87,2,27.39,10.32
230,227,92.46,328.87,3,39.46,17.77
230,227,92.46,328.87,4,3.34,30.83
230,228,245.40,69.27,0,7.24,12.07
230,228,245.40,69.27,1,38.50,3.20
230,228,245.40,69.27,2,27.39,10.32
230,228,245.40,69.27,3,39.46,17.77
230,228,245.40,69.27,4,3.34,30.83
230,229,175.86,117.76,0,7.24,12.07
230,229,175.86,117.76,1,38.50,3.20
230,229,175.86,117.76,2,27.39,10.32
230,229,175.86,117.76,3,39.46,17.77
230,229,175.86,117.76,4,3.34,30.83
230,230,171.95,43.90,0,7.24,12.07
230,230,171.95,43.90,1,38.50,3.20
230,230,171.95,43.90,2,27.39,10.32
230,230,171.95,43.90,3,39.46,17.77
230,230,171.95,43.90,4,3.34,30.83
230,231,285.22,340.55,0,7.24,12.07
230,231,285.22,340.55,1,38.50,3.20
230,231,285.22,340.55,2,27.39,10.32
230,231,285.22,340.55,3,39.46,17.77
230,231,285.22,340.55,4,3.34,30.83
230,232,352.10,26.02,0,7.24,12.07
230,232,352.10,26.02,1,38.50,3.20
230,232,352.10,26.02,2,27.39,10.32
230,232,352.10,26.02,3,39.46,17.77
230,232,352.10,26.02,4,3.34,30.83
230,233,368.04,244.17,0,7.24,12.07
230,233,368.04,244.17,1,38.50,3.20
230,233,368.04,244.17,2,27.39,10.32
230,233,368.04,244.17,3,39.46,17.77
230,233,368.04,244.17,4,3.34,30.83
230,236,256.33,106.00,0,7.24,12.07
230,236,256.33,106.00,1,38.50,3.20
230,236,256.33,106.00,2,27.39,10.32
230,236,256.33,106.00,3,39.46,17.77
230,236,256.33,106.00,4,3.34,30.83
230,237,191.46,153.46,0,7.24,12.07
230,237,191.46,153.46,1,38.50,3.20
230,237,191.46,153.46,2,27.39,10.32
230,237,191.46,153.46,3,39.46,17.77
230,237,191.46,153.46,4,3.34,30.83
230,238,24.29,303.14,0,7.24,12.07
230,238,24.29,303.14,1,38.50,3.20
230,238,24.29,303.14,2,27.39,10.32
230,238,24.29,303.14,3,39.46,17.77
230,238,24.29,303.14,4,3.34,30.83
230,239,204.93,127.42,0,7.24,12.07
230,239,204.93,127.42,1,38.50,3.20
230,239,204.93,127.42,2,27.39,10.32
230,239,204.93,127.42,3,39.46,17.77
230,239,204.93,127.42,4,3.34,30.83
230,240,143.56,233.07,0,7.24,12.07
230,240,143.56,233.07,1,38.50,3.20
230,240,143.56,233.07,2,27.39,10.32
230,240,143.56,233.07,3,39.46,17.77
230,240,143.56,233.07,4,3.34,30.83
230,241,384.70,194.14,0,7.24,12.07
230,241,384.70,194.14,1,38.50,3.20
230,241,384.70,194.14,2,27.39,10.32
230,241,384.70,194.14,3,39.46,17.77
230,241,384.70,194.14,4,3.34,30.83
230,242,204.78,227.94,0,7.24,12.07
230,242,204.78,227.94,1,38.50,3.20
230,242,204.78,227.94,2,27.39,10.32
230,242,204.78,227.94,3,39.46,17.77
230,242,204.78,227.94,4,3.34,30.83
230,243,30.67,293.36,0,7.24,12.07
230,243,30.67,293.36,1,38.50,3.20
230,243,30.67,293.36,2,27.39,10.32
230,243,30.67,293.36,3,39.46,17.77
230,243,30.67,293.36,4,3.34,30.83
230,244,189.23,321.05,0,7.24,12.07
230,244,189.23,321.05,1,38.50,3.20
230,244,189.23,321.05,2,27.39,10.32
230,244,189.23,321.05,3,39.46,17.77
230,244,189.23,321.05,4,3.34,30.83
230,245,212.98,152.68,0,7.24,12.07
230,245,212.98,152.68,1,38.50,3.20
230,245,212.98,152.68,2,27.39,10.32
230,245,212.98,152.68,3,39.46,17.77
230,245,212.98,152.68,4,3.34,30.83
230,246,338.23,232.05,0,7.24,12.07
230,246,338.23,232.05,1,38.50,3.20
230,246,338.23,232.05,2,27.39,10.32
230,246,338.23,232.05,3,39.46,17.77
230,246,338.23,232.05,4,3.34,30.83
230,247,73.72,116.74,0,7.24,12.07
230,247,73.72,116.74,1,38.50,3.20
230,247,73.72,116.74,2,27.39,10.32
230,247,73.72,116.74,3,39.46,17.77
230,247,73.72,116.74,4,3.34,30.83
230,248,391.78,302.74,0,7.24,12.07
230,248,391.78,302.74,1,38.50,3.20
230,248,391.78,302.74,2,27.39,10.32
230,248,391.78,302.74,3,39.46,17.77
230,248,391.78,302.74,4,3.34,30.83
230,249,359.19,392.15,0,7.24,12.07
230,249,359.19,392.15,1,38.50,3.20
230,249,359.19,392.15,2,27.39,10.32
230,249,359.19,392.15,3,39.46,17.77
230,249,359.19,392.15,4,3.34,30.83
230,250,231.25,301.36,0,7.24,12.07
230,250,231.25,301.36,1,38.50,3.20
230,250,231.25,301.36,2,27.39,10.32
230,250,231.25,301.36,3,39.46,17.77
230,250,231.25,301.36,4,3.34,30.83
230,251,76.59,306.09,0,7.24,12.07
230,251,76.59,306.09,1,38.50,3.20
230,251,76.59,306.09,2,27.39,10.32
230,251,76.59,306.09,3,39.46,17.77
230,251,76.59,306.09,4,3.34,30.83
230,252,9.98,86.71,0,7.24,12.07
230,252,9.98,86.71,1,38.50,3.20
230,252,9.98,86.71,2,27.39,10.32
230,252,9.98,86.71,3,39.46,17.77
230,252,9.98,86.71,4,3.34,30.83
230,253,334.68,184.44,0,7.24,12.07
230,253,334.68,184.44,1,38.50,3.20
230,253,334.68,184.44,2,27.39,10.32
230,253,334.68,184.44,3,39.46,17.77
230,253,334.68,184.44,4,3.34,30.83
230,254,358.67,147.66,0,7.24,12.07
230,254,358.67,147.66,1,38.50,3.20
230,254,358.67,147.66,2,27.39,10.32
230,254,358.67,147.66,3,39.46,17.77
230,254,358.67,147.66,4,3.34,30.83
230,255,25.09,313.57,0,7.24,12.07
230,255,25.09,313.57,1,38.50,3.20
230,255,25.09,313.57,2,27.39,10.32
230,255,25.09,313.57,3,39.46,17.77
230,255,25.09,313.57,4,3.34,30.83
230,256,56.72,104.92,0,7.24,12.07
230,256,56.72,104.92,1,38.50,3.20
230,256,56.72,104.92,2,27.39,10.32
230,256,56.72,104.92,3,39.46,17.77
230,256,56.72,104.92,4,3.34,30.83
230,257,369.73,176.77,0,7.24,12.07
230,257,369.73,176.77,1,38.50,3.20
230,257,369.73,176.77,2,27.39,10.32
230,257,369.73,176.77,3,39.46,17.77
230,257,369.73,176.77,4,3.34,30.83
230,258,370.11,35.82,0,7.24,12.07
230,258,370.11,35.82,1,38.50,3.20
230,258,370.11,35.82,2,27.39,10.32
230,258,370.11,35.82,3,39.46,17.77
230,258,370.11,35.82,4,3.34,30.83
230,259,67.16,105.78,0,7.24,12.07
230,259,67.16,105.78,1,38.50,3.20
230,259,67.16,105.78,2,27.39,10.32
230,259,67.16,105.78,3,39.46,17.77
230,259,67.16,105.78,4,3.34,30.83
230,260,309.11,379.36,0,7.24,12.07
230,260,309.11,379.36,1,38.50,3.20
230,260,309.11,379.36,2,27.39,10.32
230,260,309.11,379.36,3,39.46,17.77
230,260,309.11,379.36,4,3.34,30.83
230,261,60.14,362.00,0,7.24,12.07
230,261,60.14,362.00,1,38.50,3.20
230,261,60.14,362.00,2,27.39,10.32
230,261,60.14,362.00,3,39.46,17.77
230,261,60.14,362.00,4,3.34,30.83
230,262,177.02,94.00,0,7.24,12.07
230,262,177.02,94.00,1,38.50,3.20
230,262,177.02,94.00,2,27.39,10.32
230,262,177.02,94.00,3,39.46,17.77
230,262,177.02,94.00,4,3.34,30.83
230,263,179.24,77.36,0,7.24,12.07
230,263,179.24,77.36,1,38.50,3.20
230,263,179.24,77.36,2,27.39,10.32
230,263,179.24,77.36,3,39.46,17.77
230,263,179.24,77.36,4,3.34,30.83
230,264,39.63,143.64,0,7.24,12.07
230,264,39.63,143.64,1,38.50,3.20
230,264,39.63,143.64,2,27.39,10.32
230,264,39.63,143.64,3,39.46,17.77
230,264,39.63,143.64,4,3.34,30.83
230,265,220.95,318.85,0,7.24,12.07
230,265,220.95,318.85,1,38.50,3.20
230,265,220.95,318.85,2,27.39,10.32
230,265,220.95,318.85,3,39.46,17.77
230,265,220.95,318.85,4,3.34,30.83
230,266,107.13,301.09,0,7.24,12.07
230,266,107.13,301.09,1,38.50,3.20
230,266,107.13,301.09,2,27.39,10.32
230,266,107.13,301.09,3,39.46,17.77
230,266,107.13,301.09,4,3.34,30.83
230,267,183.76,63.42,0,7.24,12.07
230,267,183.76,63.42,1,38.50,3.20
230,267,183.76,63.42,2,27.39,10.32
230,267,183.76,63.42,3,39.46,17.77
230,267,183.76,63.42,4,3.34,30.83
230,268,210.15,105.52,0,7.24,12.07
230,268,210.15,105.52,1,38.50,3.20
230,268,210.15,105.52,2,27.39,10.32
230,268,210.15,105.52,3,39.46,17.77
230,268,210.15,105.52,4,3.34,30.83
230,269,17.71,139.05,0,7.24,12.07
230,269,17.71,139.05,1,38.50,3.20
230,269,17.71,139.05,2,27.39,10.32
230,269,17.71,139.05,3,39.46,17.77
230,269,17.71,139.05,4,3.34,30.83
230,270,47.28,302.70,0,7.24,12.07
230,270,47.28,302.70,1,38.50,3.20
230,270,47.28,302.70,2,27.39,10.32
230,270,47.28,302.70,3,39.46,17.77
230,270,47.28,302.70,4,3.34,30.83
230,271,40.75,124.94,0,7.24,12.07
230,271,40.75,124.94,1,38.50,3.20
230,271,40.75,124.94,2,27.39,10.32
230,271,40.75,124.94,3,39.46,17.77
230,271,40.75,124.94,4,3.34,30.83
230,272,43.13,313.05,0,7.24,12.07
230,272,43.13,313.05,1,38.50,3.20
230,272,43.13,313.05,2,27.39,10.32
230,272,43.13,313.05,3,39.46,17.77
230,272,43.13,313.05,4,3.34,30.83
230,273,22.48,273.46,0,7.24,12.07
230,273,22.48,273.46,1,38.50,3.20
230,273,22.48,273.46,2,27.39,10.32
230,273,22.48,273.46,3,39.46,17.77
230,273,22.48,273.46,4,3.34,30.83
230,274,99.07,8.28,0,7.24,12.07
230,274,99.07,8.28,1,38.50,3.20
230,274,99.07,8.28,2,27.39,10.32
230,274,99.07,8.28,3,39.46,17.77
230,274,99.07,8.28,4,3.34,30.83
230,275,322.07,218.12,0,7.24,12.07
230,275,322.07,218.12,1,38.50,3.20
230,275,322.07,218.12,2,27.39,10.32
230,275,322.07,218.12,3,39.46,17.77
230,275,322.07,218.12,4,3.34,30.83
230,276,318.14,226.66,0,7.24,12.07
230,276,318.14,226.66,1,38.50,3.20
230,276,318.14,226.66,2,27.39,10.32
230,276,318.14,226.66,3,39.46,17.77
230,276,318.14,226.66,4,3.34,30.83
230,277,291.82,184.57,0,7.24,12.07
230,277,291.82,184.57,1,38.50,3.20
230,277,291.82,184.57,2,27.39,10.32
230,277,291.82,184.57,3,39.46,17.77
230,277,291.82,184.57,4,3.34,30.83
230,278,73.65,379.79,0,7.24,12.07
230,278,73.65,379.79,1,38.50,3.20
230,278,73.65,379.79,2,27.39,10.32
230,278,73.65,379.79,3,39.46,17.77
230,278,73.65,379.79,4,3.34,30.83
230,279,233.15,393.13,0,7.24,12.07
230,279,233.15,393.13,1,38.50,3.20
230,279,233.15,393.13,2,27.39,10.32
230,279,233.15,393.13,3,39.46,17.77
230,279,233.15,393.13,4,3.34,30.83
230,281,222.58,65.50,0,7.24,12.07
230,281,222.58,65.50,1,38.50,3.20
230,281,222.58,65.50,2,27.39,10.32
230,281,222.58,65.50,3,39.46,17.77
230,281,222.58,65.50,4,3.34,30.83
230,282,356.15,179.26,0,7.24,12.07
230,282,356.15,179.26,1,38.50,3.20
230,282,356.15,179.26,2,27.39,10.32
230,282,356.15,179.26,3,39.46,17.77
230,282,356.15,179.26,4,3.34,30.83
230,283,336.40,167.33,0,7.24,12.07
230,283,336.40,167.33,1,38.50,3.20
230,283,336.40,167.33,2,27.39,10.32
230,283,336.40,167.33,3,39.46,17.77
230,283,336.40,167.33,4,3.34,30.83
230,284,224.22,97.39,0,7.24,12.07
230,284,224.22,97.39,1,38.50,3.20
230,284,224.22,97.39,2,27.39,10.32
230,284,224.22,97.39,3,39.46,17.77
230,284,224.22,97.39,4,3.34,30.83
230,285,218.69,347.43,0,7.24,12.07
230,285,218.69,347.43,1,38.50,3.20
230,285,218.69,347.43,2,27.39,10.32
230,285,218.69,347.43,3,39.46,17.77
230,285,218.69,347.43,4,3.34,30.83
230,286,248.30,335.38,0,7.24,12.07
230,286,248.30,335.38,1,38.50,3.20
230,286,248.30,335.38,2,27.39,10.32
230,286,248.30,335.38,3,39.46,17.77
230,286,248.30,335.38,4,3.34,30.83
230,288,109.01,6.27,0,7.24,12.07
230,288,109.01,6.27,1,38.50,3.20
230,288,109.01,6.27,2,27.39,10.32
230,288,109.01,6.27,3,39.46,17.77
230,288,109.01,6.27,4,3.34,30.83
230,289,53.91,322.10,0,7.24,12.07
230,289,53.91,322.10,1,38.50,3.20
230,289,53.91,322.10,2,27.39,10.32
230,289,53.91,322.10,3,39.46,17.77
230,289,53.91,322.10,4,3.34,30.83
230,290,312.23,252.43,0,7.24,12.07
230,290,312.23,252.43,1,38.50,3.20
230,290,312.23,252.43,2,27.39,10.32
230,290,312.23,252.43,3,39.46,17.77
230,290,312.23,252.43,4,3.34,30.83
230,291,60.16,53.46,0,7.24,12.07
230,291,60.16,53.46,1,38.50,3.20
230,291,60.16,53.46,2,27.39,10.32
230,291,60.16,53.46,3,39.46,17.77
230,291,60.16,53.46,4,3.34,30.83
230,292,266.96,303.94,0,7.24,12.07
230,292,266.96,303.94,1,38.50,3.20
230,292,266.96,303.94,2,27.39,10.32
230,292,266.96,303.94,3,39.46,17.77
230,292,266.96,303.94,4,3.34,30.83
230,293,234.12,112.53,0,7.24,12.07
230,293,234.12,112.53,1,38.50,3.20
230,293,234.12,112.53,2,27.39,10.32
230,293,234.12,112.53,3,39.46,17.77
230,293,234.12,112.53,4,3.34,30.83
230,294,80.89,348.70,0,7.24,12.07
230,294,80.89,348.70,1,38.50,3.20
230,294,80.89,348.70,2,27.39,10.32
230,294,80.89,348.70,3,39.46,17.77
230,294,80.89,348.70,4,3.34,30.83
230,296,365.02,21.19,0,7.24,12.07
230,296,365.02,21.19,1,38.50,3.20
230,296,365.02,21.19,2,27.39,10.32
230,296,365.02,21.19,3,39.46,17.77
230,296,365.02,21.19,4,3.34,30.83
230,297,376.65,151.29,0,7.24,12.07
230,297,376.65,151.29,1,38.50,3.20
230,297,376.65,151.29,2,27.39,10.32
230,297,376.65,151.29,3,39.46,17.77
230,297,376.65,151.29,4,3.34,30.83
230,298,362.98,28.67,0,7.24,12.07
230,298,362.98,28.67,1,38.50,3.20
230,298,362.98,28.67,2,27.39,10.32
230,298,362.98,28.67,3,39.46,17.77
230,298,362.98,28.67,4,3.34,30.83
230,299,58.96,131.29,0,7.24,12.07
230,299,58.96,131.29,1,38.50,3.20
230,299,58.96,131.29,2,27.39,10.32
230,299,58.96,131.29,3,39.46,17.77
230,299,58.96,131.29,4,3.34,30.83
230,300,211.88,340.29,0,7.24,12.07
230,300,211.88,340.29,1,38.50,3.20
230,300,211.88,340.29,2,27.39,10.32
230,300,211.88,340.29,3,39.46,17.77
230,300,211.88,340.29,4,3.34,30.83
240,2,53.48,100.32,0,7.70,11.37
240,2,53.48,100.32,1,38.87,3.73
240,2,53.48,100.32,2,28.04,10.02
240,2,53.48,100.32,3,39.46,17.77
240,2,53.48,100.32,4,3.34,30.83
240,3,188.04,271.95,0,7.70,11.37
240,3,188.04,271.95,1,38.87,3.73
240,3,188.04,271.95,2,28.04,10.02
240,3,188.04,271.95,3,39.46,17.77
240,3,188.04,271.95,4,3.34,30.83
240,5,24.71,319.90,0,7.70,11.37
240,5,24.71,319.90,1,38.87,3.73
240,5,24.71,319.90,2,28.04,10.02
240,5,24.71,319.90,3,39.46,17.77
240,5,24.71,319.90,4,3.34,30.83
240,6,63.14,295.91,0,7.70,11.37
240,6,63.14,295.91,1,38.87,3.73
240,6,63.14,295.91,2,28.04,10.02
240,6,63.14,295.91,3,39.46,17.77
240,6,63.14,295.91,4,3.34,30.83
240,7,67.84,118.86,0,7.70,11.37
240,7,67.84,118.86,1,38.87,3.73
240,7,67.84,118.86,2,28.04,10.02
240,7,67.84,118.86,3,39.46,17.77
240,7,67.84,118.86,4,3.34,30.83
240,8,118.21,373.33,0,7.70,11.37
240,8,118.21,373.33,1,38.87,3.73
240,8,118.21,373.33,2,28.04,10.02
240,8,118.21,373.33,3,39.46,17.77
240,8,118.21,373.33,4,3.34,30.83
240,9,291.27,196.74,0,7.70,11.37
240,9,291.27,196.74,1,38.87,3.73
240,9,291.27,196.74,2,28.04,10.02
240,9,291.27,196.74,3,39.46,17.77
240,9,291.27,196.74,4,3.34,30.83
240,10,387.83,178.83,0,7.70,11.37
240,10,387.83,178.83,1,38.87,3.73
240,10,387.83,178.83,2,28.04,10.02
240,10,387.83,178.83,3,39.46,17.77
240,10,387.83,178.83,4,3.34,30.83
240,11,186.03,111.77,0,7.70,11.37
240,11,186.03,111.77,1,38.87,3.73
240,11,186.03,111.77,2,28.04,10.02
240,11,186.03,111.77,3,39.46,17.77
240,11,186.03,111.77,4,3.34,30.83
240,12,244.07,96.31,0,7.70,11.37
240,12,244.07,96.31,1,38.87,3.73
240,12,244.07,96.31,2,28.04,10.02
240,12,244.07,96.31,3,39.46,17.77
240,12,244.07,96.31,4,3.34,30.83
240,13,166.00,91.13,0,7.70,11.37
240,13,166.00,91.13,1,38.87,3.73
240,13,166.00,91.13,2,28.04,10.02
240,13,166.00,91.13,3,39.46,17.77
240,13,166.00,91.13,4,3.34,30.83
240,14,16.10,349.67,0,7.70,11.37
240,14,16.10,349.67,1,38.87,3.73
240,14,16.10,349.67,2,28.04,10.02
240,14,16.10,349.67,3,39.46,17.77
240,14,16.10,349.67,4,3.34,30.83
240,15,13.60,329.14,0,7.70,11.37
240,15,13.60,329.14,1,38.87,3.73
240,15,13.60,329.14,2,28.04,10.02
240,15,13.60,329.14,3,39.46,17.77
240,15,13.60,329.14,4,3.34,30.83
240,16,339.53,263.95,0,7.70,11.37
240,16,339.53,263.95,1,38.87,3.73
240,16,339.53,263.95,2,28.04,10.02
240,16,339.53,263.95,3,39.46,17.77
240,16,339.53,263.95,4,3.34,30.83
240,17,387.46,182.92,0,7.70,11.37
240,17,387.46,182.92,1,38.87,3.73
240,17,387.46,182.92,2,28.04,10.02
240,17,387.46,182.92,3,39.46,17.77
240,17,387.46,182.92,4,3.34,30.83
240,18,177.19,344.33,0,7.70,11.37
240,18,177.19,344.33,1,38.87,3.73
240,18,177.19,344.33,2,28.04,10.02
240,18,177.19,344.33,3,39.46,17.77
240,18,177.19,344.33,4,3.34,30.83
240,19,53.15,326.64,0,7.70,11.37
240,19,53.15,326.64,1,38.87,3.73
240,19,53.15,326.64,2,28.04,10.02
240,19,53.15,326.64,3,39.46,17.77
240,19,53.15,326.64,4,3.34,30.83
240,20,222.32,390.17,0,7.70,11.37
240,20,222.32,390.17,1,38.87,3.73
240,20,222.32,390.17,2,28.04,10.02
240,20,222.32,390.17,3,39.46,17.77
240,20,222.32,390.17,4,3.34,30.83
240,21,385.23,151.11,0,7.70,11.37
240,21,385.23,151.11,1,38.87,3.73
240,21,385.23,151.11,2,28.04,10.02
240,21,385.23,151.11,3,39.46,17.77
240,21,385.23,151.11,4,3.34,30.83
240,22,291.14,367.73,0,7.70,11.37
240,22,291.14,367.73,1,38.87,3.73
240,22,291.14,367.73,2,28.04,10.02
240,22,291.14,367.73,3,39.46,17.77
240,22,291.14,367.73,4,3.34,30.83
240,23,359.30,231.70,0,7.70,11.37
240,23,359.30,231.70,1,38.87,3.73
240,23,359.30,231.70,2,28.04,10.02
240,23,359.30,231.70,3,39.46,17.77
240,23,359.30,231.70,4,3.34,30.83
240,24,156.76,84.15,0,7.70,11.37
240,24,156.76,84.15,1,38.87,3.73
240,24,156.76,84.15,2,28.04,10.02
240,24,156.76,84.15,3,39.46,17.77
240,24,156.76,84.15,4,3.34,30.83
240,25,55.53,338.84,0,7.70,11.37
240,25,55.53,338.84,1,38.87,3.73
240,25,55.53,338.84,2,28.04,10.02
240,25,55.53,338.84,3,39.46,17.77
240,25,55.53,338.84,4,3.34,30.83
240,26,294.35,40.09,0,7.70,11.37
240,26,294.35,40.09,1,38.87,3.73
240,26,294.35,40.09,2,28.04,10.02
240,26,294.35,40.09,3,39.46,17.77
240,26,294.35,40.09,4,3.34,30.83
240,27,241.45,103.77,0,7.70,11.37
240,27,241.45,103.77,1,38.87,3.73
240,27,241.45,103.77,2,28.04,10.02
240,27,241.45,103.77,3,39.46,17.77
240,27,241.45,103.77,4,3.34,30.83
240,28,382.88,348.44,0,7.70,11.37
240,28,382.88,348.44,1,38.87,3.73
240,28,382.88,348.44,2,28.04,10.02
240,28,382.88,348.44,3,39.46,17.77
240,28,382.88,348.44,4,3.34,30.83
240,29,132.05,272.68,0,7.70,11.37
240,29,132.05,272.68,1,38.87,3.73
240,29,132.05,272.68,2,28.04,10.02
240,29,132.05,272.68,3,39.46,17.77
240,29,132.05,272.68,4,3.34,30.83
240,31,217.03,63.44,0,7.70,11.37
240,31,217.03,63.44,1,38.87,3.73
240,31,217.03,63.44,2,28.04,10.02
240,31,217.03,63.44,3,39.46,17.77
240,31,217.03,63.44,4,3.34,30.83
240,32,250.92,95.69,0,7.70,11.37
240,32,250.92,95.69,1,38.87,3.73
240,32,250.92,95.69,2,28.04,10.02
240,32,250.92,95.69,3,39.46,17.77
240,32,250.92,95.69,4,3.34,30.83
240,33,35.16,305.23,0,7.70,11.37
240,33,35.16,305.23,1,38.87,3.73
240,33,35.16,305.23,2,28.04,10.02
240,33,35.16,305.23,3,39.46,17.77
240,33,35.16,305.23,4,3.34,30.83
240,34,218.94,111.61,0,7.70,11.37
240,34,218.94,111.61,1,38.87,3.73
240,34,218.94,111.61,2,28.04,10.02
240,34,218.94,111.61,3,39.46,17.77
240,34,218.94,111.61,4,3.34,30.83
240,35,352.79,197.17,0,7.70,11.37
240,35,352.79,197.17,1,38.87,3.73
240,35,352.79,197.17,2,28.04,10.02
240,35,352.79,197.17,3,39.46,17.77
240,35,352.79,197.17,4,3.34,30.83
240,36,72.71,326.99,0,7.70,11.37
240,36,72.71,326.99,1,38.87,3.73
240,36,72.71,326.99,2,28.04,10.02
240,36,72.71,326.99,3,39.46,17.77
240,36,72.71,326.99,4,3.34,30.83
240,37,325.22,255.91,0,7.70,11.37
240,37,325.22,255.91,1,38.87,3.73
240,37,325.22,255.91,2,28.04,10.02
240,37,325.22,255.91,3,39.46,17.77
240,37,325.22,255.91,4,3.34,30.83
240,38,113.58,231.59,0,7.70,11.37
240,38,113.58,231.59,1,38.87,3.73
240,38,113.58,231.59,2,28.04,10.02
240,38,113.58,231.59,3,39.46,17.77
240,38,113.58,231.59,4,3.34,30.83
240,39,96.07,183.39,0,7.70,11.37
240,39,96.07,183.39,1,38.87,3.73
240,39,96.07,183.39,2,28.04,10.02
240,39,96.07,183.39,3,39.46,17.77
240,39,96.07,183.39,4,3.34,30.83
240,40,267.46,106.22,0,7.70,11.37
240,40,267.46,106.22,1,38.87,3.73
240,40,267.46,106.22,2,28.04,10.02
240,40,267.46,106.22,3,39.46,17.77
240,40,267.46,106.22,4,3.34,30.83
240,41,265.81,289.19,0,7.70,11.37
240,41,265.81,289.19,1,38.87,3.73
240,41,265.81,289.19,2,28.04,10.02
240,41,265.81,289.19,3,39.46,17.77
240,41,265.81,289.19,4,3.34,30.83
240,42,367.11,208.70,0,7.70,11.37
240,42,367.11,208.70,1,38.87,3.73
240,42,367.11,208.70,2,28.04,10.02
240,42,367.11,208.70,3,39.46,17.77
240,42,367.11,208.70,4,3.34,30.83
240,43,235.03,91.12,0,7.70,11.37
240,43,235.03,91.12,1,38.87,3.73
240,43,235.03,91.12,2,28.04,10.02
240,43,235.03,91.12,3,39.46,17.77
240,43,235.03,91.12,4,3.34,30.83
240,44,383.00,194.00,0,7.70,11.37
240,44,383.00,194.00,1,38.87,3.73
240,44,383.00,194.00,2,28.04,10.02
240,44,383.00,194.00,3,39.46,17.77
240,44,383.00,194.00,4,3.34,30.83
240,46,55.46,350.16,0,7.70,11.37
240,46,55.46,350.16,1,38.87,3.73
240,46,55.46,350.16,2,28.04,10.02
240,46,55.46,350.16,3,39.46,17.77
240,46,55.46,350.16,4,3.34,30.83
240,47,33.04,311.63,0,7.70,11.37
240,47,33.04,311.63,1,38.87,3.73
240,47,33.04,311.63,2,28.04,10.02
240,47,33.04,311.63,3,39.46,17.77
240,47,33.04,311.63,4,3.34,30.83
240,48,373.78,187.08,0,7.70,11.37
240,48,373.78,187.08,1,38.87,3.73
240,48,373.78,187.08,2,28.04,10.02
240,48,373.78,187.08,3,39.46,17.77
240,48,373.78,187.08,4,3.34,30.83
240,49,224.30,116.97,0,7.70,11.37
240,49,224.30,116.97,1,38.87,3.73
240,49,224.30,116.97,2,28.04,10.02
240,49,224.30,116.97,3,39.46,17.77
240,49,224.30,116.97,4,3.34,30.83
240,50,324.10,304.98,0,7.70,11.37
240,50,324.10,304.98,1,38.87,3.73
240,50,324.10,304.98,2,28.04,10.02
240,50,324.10,304.98,3,39.46,17.77
240,50,324.10,304.98,4,3.34,30.83
240,51,24.67,335.27,0,7.70,11.37
240,51,24.67,335.27,1,38.87,3.73
240,51,24.67,335.27,2,28.04,10.02
240,51,24.67,335.27,3,39.46,17.77
240,51,24.67,335.27,4,3.34,30.83
240,52,247.27,101.60,0,7.70,11.37
240,52,247.27,101.60,1,38.87,3.73
240,52,247.27,101.60,2,28.04,10.02
240,52,247.27,101.60,3,39.46,17.77
240,52,247.27,101.60,4,3.34,30.83
240,53,300.79,224.28,0,7.70,11.37
240,53,300.79,224.28,1,38.87,3.73
240,53,300.79,224.28,2,28.04,10.02
240,53,300.79,224.28,3,39.46,17.77
240,53,300.79,224.28,4,3.34,30.83
240,54,356.69,20.91,0,7.70,11.37
240,54,356.69,20.91,1,38.87,3.73
240,54,356.69,20.91,2,28.04,10.02
240,54,356.69,20.91,3,39.46,17.77
240,54,356.69,20.91,4,3.34,30.83
240,55,300.66,235.80,0,7.70,11.37
240,55,300.66,235.80,1,38.87,3.73
240,55,300.66,235.80,2,28.04,10.02
240,55,300.66,235.80,3,39.46,17.77
240,55,300.66,235.80,4,3.34,30.83
240,56,343.53,179.25,0,7.70,11.37
240,56,343.53,179.25,1,38.87,3.73
240,56,343.53,179.25,2,28.04,10.02
240,56,343.53,179.25,3,39.46,17.77
240,56,343.53,179.25,4,3.34,30.83
240,57,81.08,163.32,0,7.70,11.37
240,57,81.08,163.32,1,38.87,3.73
240,57,81.08,163.32,2,28.04,10.02
240,57,81.08,163.32,3,39.46,17.77
240,57,81.08,163.32,4,3.34,30.83
240,58,380.62,182.53,0,7.70,11.37
240,58,380.62,182.53,1,38.87,3.73
240,58,380.62,182.53,2,28.04,10.02
240,58,380.62,182.53,3,39.46,17.77
240,58,380.62,182.53,4,3.34,30.83
240,60,183.69,284.99,0,7.70,11.37
240,60,183.69,284.99,1,38.87,3.73
240,60,183.69,284.99,2,28.04,10.02
240,60,183.69,284.99,3,39.46,17.77
240,60,183.69,284.99,4,3.34,30.83
240,61,56.26,141.10,0,7.70,11.37
240,61,56.26,141.10,1,38.87,3.73
240,61,56.26,141.10,2,28.04,10.02
240,61,56.26,141.10,3,39.46,17.77
240,61,56.26,141.10,4,3.34,30.83
240,62,32.29,354.21,0,7.70,11.37
240,62,32.29,354.21,1,38.87,3.73
240,62,32.29,354.21,2,28.04,10.02
240,62,32.29,354.21,3,39.46,17.77
240,62,32.29,354.21,4,3.34,30.83
240,63,86.63,160.59,0,7.70,11.37
240,63,86.63,160.59,1,38.87,3.73
240,63,86.63,160.59,2,28.04,10.02
240,63,86.63,160.59,3,39.46,17.77
240,63,86.63,160.59,4,3.34,30.83
240,64,376.16,22.43,0,7.70,11.37
240,64,376.16,22.43,1,38.87,3.73
240,64,376.16,22.43,2,28.04,10.02
240,64,376.16,22.43,3,39.46,17.77
240,64,376.16,22.43,4,3.34,30.83
240,65,349.71,243.70,0,7.70,11.37
240,65,349.71,243.70,1,38.87,3.73
240,65,349.71,243.70,2,28.04,10.02
240,65,349.71,243.70,3,39.46,17.77
240,65,349.71,243.70,4,3.34,30.83
240,66,77.24,368.79,0,7.70,11.37
240,66,77.24,368.79,1,38.87,3.73
240,66,77.24,368.79,2,28.04,10.02
240,66,77.24,368.79,3,39.46,17.77
240,66,77.24,368.79,4,3.34,30.83
240,67,44.85,192.48,0,7.70,11.37
240,67,44.85,192.48,1,38.87,3.73
240,67,44.85,192.48,2,28.04,10.02
240,67,44.85,192.48,3,39.46,17.77
240,67,44.85,192.48,4,3.34,30.83
240,68,220.40,326.85,0,7.70,11.37
240,68,220.40,326.85,1,38.87,3.73
240,68,220.40,326.85,2,28.04,10.02
240,68,220.40,326.85,3,39.46,17.77
240,68,220.40,326.85,4,3.34,30.83
240,69,383.67,346.39,0,7.70,11.37
240,69,383.67,346.39,1,38.87,3.73
240,69,383.67,346.39,2,28.04,10.02
240,69,383.67,346.39,3,39.46,17.77
240,69,383.67,346.39,4,3.34,30.83
240,70,241.03,103.48,0,7.70,11.37
240,70,241.03,103.48,1,38.87,3.73
240,70,241.03,103.48,2,28.04,10.02
240,70,241.03,103.48,3,39.46,17.77
240,70,241.03,103.48,4,3.34,30.83
240,71,33.38,346.06,0,7.70,11.37
240,71,33.38,346.06,1,38.87,3.73
240,71,33.38,346.06,2,28.04,10.02
240,71,33.38,346.06,3,39.46,17.77
240,71,33.38,346.06,4,3.34,30.83
240,72,19.59,350.81,0,7.70,11.37
240,72,19.59,350.81,1,38.87,3.73
240,72,19.59,350.81,2,28.04,10.02
240,72,19.59,350.81,3,39.46,17.77
240,72,19.59,350.81,4,3.34,30.83
240,73,378.54,174.86,0,7.70,11.37
240,73,378.54,174.86,1,38.87,3.73
240,73,378.54,174.86,2,28.04,10.02
240,73,378.54,174.86,3,39.46,17.77
240,73,378.54,174.86,4,3.34,30.83
240,74,241.13,90.03,0,7.70,11.37
240,74,241.13,90.03,1,38.87,3.73
240,74,241.13,90.03,2,28.04,10.02
240,74,241.13,90.03,3,39.46,17.77
240,74,241.13,90.03,4,3.34,30.83
240,75,223.42,102.77,0,7.70,11.37
240,75,223.42,102.77,1,38.87,3.73
240,75,223.42,102.77,2,28.04,10.02
240,75,223.42,102.77,3,39.46,17.77
240,75,223.42,102.77,4,3.34,30.83
240,76,372.50,147.83,0,7.70,11.37
240,76,372.50,147.83,1,38.87,3.73
240,76,372.50,147.83,2,28.04,10.02
240,76,372.50,147.83,3,39.46,17.77
240,76,372.50,147.83,4,3.34,30.83
240,77,67.21,141.31,0,7.70,11.37
240,77,67.21,141.31,1,38.87,3.73
240,77,67.21,141.31,2,28.04,10.02
240,77,67.21,141.31,3,39.46,17.77
240,77,67.21,141.31,4,3.34,30.83
240,78,200.38,381.92,0,7.70,11.37
240,78,200.38,381.92,1,38.87,3.73
240,78,200.38,381.92,2,28.04,10.02
240,78,200.38,381.92,3,39.46,17.77
240,78,200.38,381.92,4,3.34,30.83
240,79,371.89,196.23,0,7.70,11.37
240,79,371.89,196.23,1,38.87,3.73
240,79,371.89,196.23,2,28.04,10.02
240,79,371.89,196.23,3,39.46,17.77
240,79,371.89,196.23,4,3.34,30.83
240,81,247.93,364.07,0,7.70,11.37
240,81,247.93,364.07,1,38.87,3.73
240,81,247.93,364.07,2,28.04,10.02
240,81,247.93,364.07,3,39.46,17.77
240,81,247.93,364.07,4,3.34,30.83
240,82,336.49,137.07,0,7.70,11.37
240,82,336.49,137.07,1,38.87,3.73
240,82,336.49,137.07,2,28.04,10.02
240,82,336.49,137.07,3,39.46,17.77
240,82,336.49,137.07,4,3.34,30.83
240,83,189.09,48.93,0,7.70,11.37
240,83,189.09,48.93,1,38.87,3.73
240,83,189.09,48.93,2,28.04,10.02
240,83,189.09,48.93,3,39.46,17.77
240,83,189.09,48.93,4,3.34,30.83
240,84,206.07,294.20,0,7.70,11.37
240,84,206.07,294.20,1,38.87,3.73
240,84,206.07,294.20,2,28.04,10.02
240,84,206.07,294.20,3,39.46,17.77
240,84,206.07,294.20,4,3.34,30.83
240,85,368.29,153.52,0,7.70,11.37
240,85,368.29,153.52,1,38.87,3.73
240,85,368.29,153.52,2,28.04,10.02
240,85,368.29,153.52,3,39.46,17.77
240,85,368.29,153.52,4,3.34,30.83
240,86,51.65,128.74,0,7.70,11.37
240,86,51.65,128.74,1,38.87,3.73
240,86,51.65,128.74,2,28.04,10.02
240,86,51.65,128.74,3,39.46,17.77
240,86,51.65,128.74,4,3.34,30.83
240,87,385.79,20.98,0,7.70,11.37
240,87,385.79,20.98,1,38.87,3.73
240,87,385.79,20.98,2,28.04,10.02
240,87,385.79,20.98,3,39.46,17.77
240,87,385.79,20.98,4,3.34,30.83
240,88,177.35,297.91,0,7.70,11.37
240,88,177.35,297.91,1,38.87,3.73
240,88,177.35,297.91,2,28.04,10.02
240,88,177.35,297.91,3,39.46,17.77
240,88,177.35,297.91,4,3.34,30.83
240,89,304.10,66.65,0,7.70,11.37
240,89,304.10,66.65,1,38.87,3.73
240,89,304.10,66.65,2,28.04,10.02
240,89,304.10,66.65,3,39.46,17.77
240,89,304.10,66.65,4,3.34,30.83
240,90,209.38,66.56,0,7.70,11.37
240,90,209.38,66.56,1,38.87,3.73
240,90,209.38,66.56,2,28.04,10.02
240,90,209.38,66.56,3,39.46,17.77
240,90,209.38,66.56,4,3.34,30.83
240,92,265.79,103.28,0,7.70,11.37
240,92,265.79,103.28,1,38.87,3.73
240,92,265.79,103.28,2,28.04,10.02
240,92,265.79,103.28,3,39.46,17.77
240,92,265.79,103.28,4,3.34,30.83
240,93,255.28,94.44,0,7.70,11.37
240,93,255.28,94.44,1,38.87,3.73
240,93,255.28,94.44,2,28.04,10.02
240,93,255.28,94.44,3,39.46,17.77
240,93,255.28,94.44,4,3.34,30.83
240,94,17.41,333.11,0,7.70,11.37
240,94,17.41,333.11,1,38.87,3.73
240,94,17.41,333.11,2,28.04,10.02
240,94,17.41,333.11,3,39.46,17.77
240,94,17.41,333.11,4,3.34,30.83
240,95,349.52,167.10,0,7.70,11.37
240,95,349.52,167.10,1,38.87,3.73
240,95,349.52,167.10,2,28.04,10.02
240,95,349.52,167.10,3,39.46,17.77
240,95,349.52,167.10,4,3.34,30.83
240,96,74.73,163.46,0,7.70,11.37
240,96,74.73,163.46,1,38.87,3.73
240,96,74.73,163.46,2,28.04,10.02
240,96,74.73,163.46,3,39.46,17.77
240,96,74.73,163.46,4,3.34,30.83
240,97,258.23,147.63,0,7.70,11.37
240,97,258.23,147.63,1,38.87,3.73
240,97,258.23,147.63,2,28.04,10.02
240,97,258.23,147.63,3,39.46,17.77
240,97,258.23,147.63,4,3.34,30.83
240,98,356.04,14.86,0,7.70,11.37
240,98,356.04,14.86,1,38.87,3.73
240,98,356.04,14.86,2,28.04,10.02
240,98,356.04,14.86,3,39.46,17.77
240,98,356.04,14.86,4,3.34,30.83
240,102,58.32,156.76,0,7.70,11.37
240,102,58.32,156.76,1,38.87,3.73
240,102,58.32,156.76,2,28.04,10.02
240,102,58.32,156.76,3,39.46,17.77
240,102,58.32,156.76,4,3.34,30.83
240,103,94.14,372.81,0,7.70,11.37
240,103,94.14,372.81,1,38.87,3.73
240,103,94.14,372.81,2,28.04,10.02
240,103,94.14,372.81,3,39.46,17.77
240,103,94.14,372.81,4,3.34,30.83
240,104,365.17,14.37,0,7.70,11.37
240,104,365.17,14.37,1,38.87,3.73
240,104,365.17,14.37,2,28.04,10.02
240,104,365.17,14.37,3,39.46,17.77
240,104,365.17,14.37,4,3.34,30.83
240,105,33.52,338.31,0,7.70,11.37
240,105,33.52,338.31,1,38.87,3.73
240,105,33.52,338.31,2,28.04,10.02
240,105,33.52,338.31,3,39.46,17.77
240,105,33.52,338.31,4,3.34,30.83
240,106,48.41,276.55,0,7.70,11.37
240,106,48.41,276.55,1,38.87,3.73
240,106,48.41,276.55,2,28.04,10.02
240,106,48.41,276.55,3,39.46,17.77
240,106,48.41,276.55,4,3.34,30.83
240,107,258.38,112.97,0,7.70,11.37
240,107,258.38,112.97,1,38.87,3.73
240,107,258.38,112.97,2,28.04,10.02
240,107,258.38,112.97,3,39.46,17.77
240,107,258.38,112.97,4,3.34,30.83
240,108,15.15,74.74,0,7.70,11.37
240,108,15.15,74.74,1,38.87,3.73
240,108,15.15,74.74,2,28.04,10.02
240,108,15.15,74.74,3,39.46,17.77
240,108,15.15,74.74,4,3.34,30.83
240,109,51.10,314.72,0,7.70,11.37
240,109,51.10,314.72,1,38.87,3.73
240,109,51.10,314.72,2,28.04,10.02
240,109,51.10,314.72,3,39.46,17.77
240,109,51.10,314.72,4,3.34,30.83
240,110,103.77,331.92,0,7.70,11.37
240,110,103.77,331.92,1,38.87,3.73
240,110,103.77,331.92,2,28.04,10.02
240,110,103.77,331.92,3,39.46,17.77
240,110,103.77,331.92,4,3.34,30.83
240,111,379.93,27.39,0,7.70,11.37
240,111,379.93,27.39,1,38.87,3.73
240,111,379.93,27.39,2,28.04,10.02
240,111,379.93,27.39,3,39.46,17.77
240,111,379.93,27.39,4,3.34,30.83
240,112,201.48,106.00,0,7.70,11.37
240,112,201.48,106.00,1,38.87,3.73
240,112,201.48,106.00,2,28.04,10.02
240,112,201.48,106.00,3,39.46,17.77
240,112,201.48,106.00,4,3.34,30.83
240,113,91.55,132.61,0,7.70,11.37
240,113,91.55,132.61,1,38.87,3.73
240,113,91.55,132.61,2,28.04,10.02
240,113,91.55,132.61,3,39.46,17.77
240,113,91.55,132.61,4,3.34,30.83
240,114,170.16,31.73,0,7.70,11.37
240,114,170.16,31.73,1,38.87,3.73
240,114,170.16,31.73,2,28.04,10.02
240,114,170.16,31.73,3,39.46,17.77
240,114,170.16,31.73,4,3.34,30.83
240,115,376.97,204.99,0,7.70,11.37
240,115,376.97,204.99,1,38.87,3.73
240,115,376.97,204.99,2,28.04,10.02
240,115,376.97,204.99,3,39.46,17.77
240,115,376.97,204.99,4,3.34,30.83
240,116,226.52,125.10,0,7.70,11.37
240,116,226.52,125.10,1,38.87,3.73
240,116,226.52,125.10,2,28.04,10.02
240,116,226.52,125.10,3,39.46,17.77
240,116,226.52,125.10,4,3.34,30.83
240,117,356.65,128.14,0,7.70,11.37
240,117,356.65,128.14,1,38.87,3.73
240,117,356.65,128.14,2,28.04,10.02
240,117,356.65,128.14,3,39.46,17.77
240,117,356.65,128.14,4,3.34,30.83
240,118,87.22,191.46,0,7.70,11.37
240,118,87.22,191.46,1,38.87,3.73
240,118,87.22,191.46,2,28.04,10.02
240,118,87.22,191.46,3,39.46,17.77
240,118,87.22,191.46,4,3.34,30.83
240,119,326.08,129.82,0,7.70,11.37
240,119,326.08,129.82,1,38.87,3.73
240,119,326.08,129.82,2,28.04,10.02
240,119,326.08,129.82,3,39.46,17.77
240,119,326.08,129.82,4,3.34,30.83
240,120,180.00,229.83,0,7.70,11.37
240,120,180.00,229.83,1,38.87,3.73
240,120,180.00,229.83,2,28.04,10.02
240,120,180.00,229.83,3,39.46,17.77
240,120,180.00,229.83,4,3.34,30.83
240,121,75.15,122.56,0,7.70,11.37
240,121,75.15,122.56,1,38.87,3.73
240,121,75.15,122.56,2,28.04,10.02
240,121,75.15,122.56,3,39.46,17.77
240,121,75.15,122.56,4,3.34,30.83
240,122,131.36,239.27,0,7.70,11.37
240,122,131.36,239.27,1,38.87,3.73
240,122,131.36,239.27,2,28.04,10.02
240,122,131.36,239.27,3,39.46,17.77
240,122,131.36,239.27,4,3.34,30.83
240,123,152.85,321.93,0,7.70,11.37
240,123,152.85,321.93,1,38.87,3.73
240,123,152.85,321.93,2,28.04,10.02
240,123,152.85,321.93,3,39.46,17.77
240,123,152.85,321.93,4,3.34,30.83
240,124,111.97,47.59,0,7.70,11.37
240,124,111.97,47.59,1,38.87,3.73
240,124,111.97,47.59,2,28.04,10.02
240,124,111.97,47.59,3,39.46,17.77
240,124,111.97,47.59,4,3.34,30.83
240,125,366.65,118.05,0,7.70,11.37
240,125,366.65,118.05,1,38.87,3.73
240,125,366.65,118.05,2,28.04,10.02
240,125,366.65,118.05,3,39.46,17.77
240,125,366.65,118.05,4,3.34,30.83
240,126,42.81,108.75,0,7.70,11.37
240,126,42.81,108.75,1,38.87,3.73
240,126,42.81,108.75,2,28.04,10.02
240,126,42.81,108.75,3,39.46,17.77
240,126,42.81,108.75,4,3.34,30.83
240,127,26.42,357.48,0,7.70,11.37
240,127,26.42,357.48,1,38.87,3.73
240,127,26.42,357.48,2,28.04,10.02
240,127,26.42,357.48,3,39.46,17.77
240,127,26.42,357.48,4,3.34,30.83
240,128,235.64,356.57,0,7.70,11.37
240,128,235.64,356.57,1,38.87,3.73
240,128,235.64,356.57,2,28.04,10.02
240,128,235.64,356.57,3,39.46,17.77
240,128,235.64,356.57,4,3.34,30.83
240,129,306.77,166.77,0,7.70,11.37
240,129,306.77,166.77,1,38.87,3.73
240,129,306.77,166.77,2,28.04,10.02
240,129,306.77,166.77,3,39.46,17.77
240,129,306.77,166.77,4,3.34,30.83
240,131,260.88,93.71,0,7.70,11.37
240,131,260.88,93.71,1,38.87,3.73
240,131,260.88,93.71,2,28.04,10.02
240,131,260.88,93.71,3,39.46,17.77
240,131,260.88,93.71,4,3.34,30.83
240,132,372.96,270.59,0,7.70,11.37
240,132,372.96,270.59,1,38.87,3.73
240,132,372.96,270.59,2,28.04,10.02
240,132,372.96,270.59,3,39.46,17.77
240,132,372.96,270.59,4,3.34,30.83
240,133,34.22,116.78,0,7.70,11.37
240,133,34.22,116.78,1,38.87,3.73
240,133,34.22,116.78,2,28.04,10.02
240,133,34.22,116.78,3,39.46,17.77
240,133,34.22,116.78,4,3.34,30.83
240,134,386.13,30.53,0,7.70,11.37
240,134,386.13,30.53,1,38.87,3.73
240,134,386.13,30.53,2,28.04,10.02
240,134,386.13,30.53,3,39.46,17.77
240,134,386.13,30.53,4,3.34,30.83
240,135,73.62,273.56,0,7.70,11.37
240,135,73.62,273.56,1,38.87,3.73
240,135,73.62,273.56,2,28.04,10.02
240,135,73.62,273.56,3,39.46,17.77
240,135,73.62,273.56,4,3.34,30.83
240,136,378.00,27.71,0,7.70,11.37
240,136,378.00,27.71,1,38.87,3.73
240,136,378.00,27.71,2,28.04,10.02
240,136,378.00,27.71,3,39.46,17.77
240,136,378.00,27.71,4,3.34,30.83
240,137,257.96,81.95,0,7.70,11.37
240,137,257.96,81.95,1,38.87,3.73
240,137,257.96,81.95,2,28.04,10.02
240,137,257.96,81.95,3,39.46,17.77
240,137,257.96,81.95,4,3.34,30.83
240,138,255.54,104.51,0,7.70,11.37
240,138,255.54,104.51,1,38.87,3.73
240,138,255.54,104.51,2,28.04,10.02
240,138,255.54,104.51,3,39.46,17.77
240,138,255.54,104.51,4,3.34,30.83
240,139,368.24,136.48,0,7.70,11.37
240,139,368.24,136.48,1,38.87,3.73
240,139,368.24,136.48,2,28.04,10.02
240,139,368.24,136.48,3,39.46,17.77
240,139,368.24,136.48,4,3.34,30.83
240,140,376.84,11.43,0,7.70,11.37
240,140,376.84,11.43,1,38.87,3.73
240,140,376.84,11.43,2,28.04,10.02
240,140,376.84,11.43,3,39.46,17.77
240,140,376.84,11.43,4,3.34,30.83
240,141,343.30,368.35,0,7.70,11.37
240,141,343.30,368.35,1,38.87,3.73
240,141,343.30,368.35,2,28.04,10.02
240,141,343.30,368.35,3,39.46,17.77
240,141,343.30,368.35,4,3.34,30.83
240,142,246.98,120.18,0,7.70,11.37
240,142,246.98,120.18,1,38.87,3.73
240,142,246.98,120.18,2,28.04,10.02
240,142,246.98,120.18,3,39.46,17.77
240,142,246.98,120.18,4,3.34,30.83
240,143,343.86,337.66,0,7.70,11.37
240,143,343.86,337.66,1,38.87,3.73
240,143,343.86,337.66,2,28.04,10.02
240,143,343.86,337.66,3,39.46,17.77
240,143,343.86,337.66,4,3.34,30.83
240,145,242.21,339.56,0,7.70,11.37
240,145,242.21,339.56,1,38.87,3.73
240,145,242.21,339.56,2,28.04,10.02
240,145,242.21,339.56,3,39.46,17.77
240,145,242.21,339.56,4,3.34,30.83
240,146,102.35,178.10,0,7.70,11.37
240,146,102.35,178.10,1,38.87,3.73
240,146,102.35,178.10,2,28.04,10.02
240,146,102.35,178.10,3,39.46,17.77
240,146,102.35,178.10,4,3.34,30.83
240,147,22.98,289.54,0,7.70,11.37
240,147,22.98,289.54,1,38.87,3.73
240,147,22.98,289.54,2,28.04,10.02
240,147,22.98,289.54,3,39.46,17.77
240,147,22.98,289.54,4,3.34,30.83
240,148,315.87,208.77,0,7.70,11.37
240,148,315.87,208.77,1,38.87,3.73
240,148,315.87,208.77,2,28.04,10.02
240,148,315.87,208.77,3,39.46,17.77
240,148,315.87,208.77,4,3.34,30.83
240,149,359.63,241.18,0,7.70,11.37
240,149,359.63,241.18,1,38.87,3.73
240,149,359.63,241.18,2,28.04,10.02
240,149,359.63,241.18,3,39.46,17.77
240,149,359.63,241.18,4,3.34,30.83
240,150,292.49,143.23,0,7.70,11.37
240,150,292.49,143.23,1,38.87,3.73
240,150,292.49,143.23,2,28.04,10.02
240,150,292.49,143.23,3,39.46,17.77
240,150,292.49,143.23,4,3.34,30.83
240,151,222.25,88.71,0,7.70,11.37
240,151,222.25,88.71,1,38.87,3.73
240,151,222.25,88.71,2,28.04,10.02
240,151,222.25,88.71,3,39.46,17.77
240,151,222.25,88.71,4,3.34,30.83
240,152,42.19,95.61,0,7.70,11.37
240,152,42.19,95.61,1,38.87,3.73
240,152,42.19,95.61,2,28.04,10.02
240,152,42.19,95.61,3,39.46,17.77
240,152,42.19,95.61,4,3.34,30.83
240,153,56.71,135.57,0,7.70,11.37
240,153,56.71,135.57,1,38.87,3.73
240,153,56.71,135.57,2,28.04,10.02
240,153,56.71,135.57,3,39.46,17.77
240,153,56.71,135.57,4,3.34,30.83
240,155,218.11,134.54,0,7.70,11.37
240,155,218.11,134.54,1,38.87,3.73
240,155,218.11,134.54,2,28.04,10.02
240,155,218.11,134.54,3,39.46,17.77
240,155,218.11,134.54,4,3.34,30.83
240,156,362.70,310.69,0,7.70,11.37
240,156,362.70,310.69,1,38.87,3.73
240,156,362.70,310.69,2,28.04,10.02
240,156,362.70,310.69,3,39.46,17.77
240,156,362.70,310.69,4,3.34,30.83
240,157,222.06,94.07,0,7.70,11.37
240,157,222.06,94.07,1,38.87,3.73
240,157,222.06,94.07,2,28.04,10.02
240,157,222.06,94.07,3,39.46,17.77
240,157,222.06,94.07,4,3.34,30.83
240,158,241.27,105.36,0,7.70,11.37
240,158,241.27,105.36,1,38.87,3.73
240,158,241.27,105.36,2,28.04,10.02
240,158,241.27,105.36,3,39.46,17.77
240,158,241.27,105.36,4,3.34,30.83
240,159,369.63,288.80,0,7.70,11.37
240,159,369.63,288.80,1,38.87,3.73
240,159,369.63,288.80,2,28.04,10.02
240,159,369.63,288.80,3,39.46,17.77
240,159,369.63,288.80,4,3.34,30.83
240,160,306.00,391.88,0,7.70,11.37
240,160,306.00,391.88,1,38.87,3.73
240,160,306.00,391.88,2,28.04,10.02
240,160,306.00,391.88,3,39.46,17.77
240,160,306.00,391.88,4,3.34,30.83
240,161,191.09,146.96,0,7.70,11.37
240,161,191.09,146.96,1,38.87,3.73
240,161,191.09,146.96,2,28.04,10.02
240,161,191.09,146.96,3,39.46,17.77
240,161,191.09,146.96,4,3.34,30.83
240,162,286.58,348.16,0,7.70,11.37
240,162,286.58,348.16,1,38.87,3.73
240,162,286.58,348.16,2,28.04,10.02
240,162,286.58,348.16,3,39.46,17.77
240,162,286.58,348.16,4,3.34,30.83
240,163,192.09,140.56,0,7.70,11.37
240,163,192.09,140.56,1,38.87,3.73
240,163,192.09,140.56,2,28.04,10.02
240,163,192.09,140.56,3,39.46,17.77
240,163,192.09,140.56,4,3.34,30.83
240,164,47.93,39.47,0,7.70,11.37
240,164,47.93,39.47,1,38.87,3.73
240,164,47.93,39.47,2,28.04,10.02
240,164,47.93,39.47,3,39.46,17.77
240,164,47.93,39.47,4,3.34,30.83
240,165,91.29,80.24,0,7.70,11.37
240,165,91.29,80.24,1,38.87,3.73
240,165,91.29,80.24,2,28.04,10.02
240,165,91.29,80.24,3,39.46,17.77
240,165,91.29,80.24,4,3.34,30.83
240,166,272.93,378.13,0,7.70,11.37
240,166,272.93,378.13,1,38.87,3.73
240,166,272.93,378.13,2,28.04,10.02
240,166,272.93,378.13,3,39.46,17.77
240,166,272.93,378.13,4,3.34,30.83
240,167,392.20,312.81,0,7.70,11.37
240,167,392.20,312.81,1,38.87,3.73
240,167,392.20,312.81,2,28.04,10.02
240,167,392.20,312.81,3,39.46,17.77
240,167,392.20,312.81,4,3.34,30.83
240,168,200.08,282.46,0,7.70,11.37
240,168,200.08,282.46,1,38.87,3.73
240,168,200.08,282.46,2,28.04,10.02
240,168,200.08,282.46,3,39.46,17.77
240,168,200.08,282.46,4,3.34,30.83
240,169,218.28,75.70,0,7.70,11.37
240,169,218.28,75.70,1,38.87,3.73
240,169,218.28,75.70,2,28.04,10.02
240,169,218.28,75.70,3,39.46,17.77
240,169,218.28,75.70,4,3.34,30.83
240,170,306.74,248.63,0,7.70,11.37
240,170,306.74,248.63,1,38.87,3.73
240,170,306.74,248.63,2,28.04,10.02
240,170,306.74,248.63,3,39.46,17.77
240,170,306.74,248.63,4,3.34,30.83
240,171,63.25,120.28,0,7.70,11.37
240,171,63.25,120.28,1,38.87,3.73
240,171,63.25,120.28,2,28.04,10.02
240,171,63.25,120.28,3,39.46,17.77
240,171,63.25,120.28,4,3.34,30.83
240,172,370.23,188.03,0,7.70,11.37
240,172,370.23,188.03,1,38.87,3.73
240,172,370.23,188.03,2,28.04,10.02
240,172,370.23,188.03,3,39.46,17.77
240,172,370.23,188.03,4,3.34,30.83
240,173,385.67,170.29,0,7.70,11.37
240,173,385.67,170.29,1,38.87,3.73
240,173,385.67,170.29,2,28.04,10.02
240,173,385.67,170.29,3,39.46,17.77
240,173,385.67,170.29,4,3.34,30.83
240,174,167.32,222.39,0,7.70,11.37
240,174,167.32,222.39,1,38.87,3.73
240,174,167.32,222.39,2,28.04,10.02
240,174,167.32,222.39,3,39.46,17.77
240,174,167.32,222.39,4,3.34,30.83
240,176,54.19,193.68,0,7.70,11.37
240,176,54.19,193.68,1,38.87,3.73
240,176,54.19,193.68,2,28.04,10.02
240,176,54.19,193.68,3,39.46,17.77
240,176,54.19,193.68,4,3.34,30.83
240,177,218.95,281.13,0,7.70,11.37
240,177,218.95,281.13,1,38.87,3.73
240,177,218.95,281.13,2,28.04,10.02
240,177,218.95,281.13,3,39.46,17.77
240,177,218.95,281.13,4,3.34,30.83
240,178,230.67,102.83,0,7.70,11.37
240,178,230.67,102.83,1,38.87,3.73
240,178,230.67,102.83,2,28.04,10.02
240,178,230.67,102.83,3,39.46,17.77
240,178,230.67,102.83,4,3.34,30.83
240,179,39.05,319.29,0,7.70,11.37
240,179,39.05,319.29,1,38.87,3.73
240,179,39.05,319.29,2,28.04,10.02
240,179,39.05,319.29,3,39.46,17.77
240,179,39.05,319.29,4,3.34,30.83
240,180,202.73,153.02,0,7.70,11.37
240,180,202.73,153.02,1,38.87,3.73
240,180,202.73,153.02,2,28.04,10.02
240,180,202.73,153.02,3,39.46,17.77
240,180,202.73,153.02,4,3.34,30.83
240,181,24.55,132.27,0,7.70,11.37
240,181,24.55,132.27,1,38.87,3.73
240,181,24.55,132.27,2,28.04,10.02
240,181,24.55,132.27,3,39.46,17.77
240,181,24.55,132.27,4,3.34,30.83
240,183,68.01,131.24,0,7.70,11.37
240,183,68.01,131.24,1,38.87,3.73
240,183,68.01,131.24,2,28.04,10.02
240,183,68.01,131.24,3,39.46,17.77
240,183,68.01,131.24,4,3.34,30.83
240,184,48.73,118.64,0,7.70,11.37
240,184,48.73,118.64,1,38.87,3.73
240,184,48.73,118.64,2,28.04,10.02
240,184,48.73,118.64,3,39.46,17.77
240,184,48.73,118.64,4,3.34,30.83
240,185,67.57,298.03,0,7.70,11.37
240,185,67.57,298.03,1,38.87,3.73
240,185,67.57,298.03,2,28.04,10.02
240,185,67.57,298.03,3,39.46,17.77
240,185,67.57,298.03,4,3.34,30.83
240,186,235.43,106.55,0,7.70,11.37
240,186,235.43,106.55,1,38.87,3.73
240,186,235.43,106.55,2,28.04,10.02
240,186,235.43,106.55,3,39.46,17.77
240,186,235.43,106.55,4,3.34,30.83
240,187,127.63,317.86,0,7.70,11.37
240,187,127.63,317.86,1,38.87,3.73
240,187,127.63,317.86,2,28.04,10.02
240,187,127.63,317.86,3,39.46,17.77
240,187,127.63,317.86,4,3.34,30.83
240,188,252.82,123.63,0,7.70,11.37
240,188,252.82,123.63,1,38.87,3.73
240,188,252.82,123.63,2,28.04,10.02
240,188,252.82,123.63,3,39.46,17.77
240,188,252.82,123.63,4,3.34,30.83
240,189,37.17,295.70,0,7.70,11.37
240,189,37.17,295.70,1,38.87,3.73
240,189,37.17,295.70,2,28.04,10.02
240,189,37.17,295.70,3,39.46,17.77
240,189,37.17,295.70,4,3.34,30.83
240,190,49.43,63.69,0,7.70,11.37
240,190,49.43,63.69,1,38.87,3.73
240,190,49.43,63.69,2,28.04,10.02
240,190,49.43,63.69,3,39.46,17.77
240,190,49.43,63.69,4,3.34,30.83
240,191,51.76,334.21,0,7.70,11.37
240,191,51.76,334.21,1,38.87,3.73
240,191,51.76,334.21,2,28.04,10.02
240,191,51.76,334.21,3,39.46,17.77
240,191,51.76,334.21,4,3.34,30.83
240,192,246.67,87.07,0,7.70,11.37
240,192,246.67,87.07,1,38.87,3.73
240,192,246.67,87.07,2,28.04,10.02
240,192,246.67,87.07,3,39.46,17.77
240,192,246.67,87.07,4,3.34,30.83
240,193,337.79,114.23,0,7.70,11.37
240,193,337.79,114.23,1,38.87,3.73
240,193,337.79,114.23,2,28.04,10.02
240,193,337.79,114.23,3,39.46,17.77
240,193,337.79,114.23,4,3.34,30.83
240,194,46.85,134.63,0,7.70,11.37
240,194,46.85,134.63,1,38.87,3.73
240,194,46.85,134.63,2,28.04,10.02
240,194,46.85,134.63,3,39.46,17.77
240,194,46.85,134.63,4,3.34,30.83
240,195,87.85,348.63,0,7.70,11.37
240,195,87.85,348.63,1,38.87,3.73
240,195,87.85,348.63,2,28.04,10.02
240,195,87.85,348.63,3,39.46,17.77
240,195,87.85,348.63,4,3.34,30.83
240,196,56.75,120.10,0,7.70,11.37
240,196,56.75,120.10,1,38.87,3.73
240,196,56.75,120.10,2,28.04,10.02
240,196,56.75,120.10,3,39.46,17.77
240,196,56.75,120.10,4,3.34,30.83
240,197,385.71,188.86,0,7.70,11.37
240,197,385.71,188.86,1,38.87,3.73
240,197,385.71,188.86,2,28.04,10.02
240,197,385.71,188.86,3,39.46,17.77
240,197,385.71,188.86,4,3.34,30.83
240,198,355.32,169.50,0,7.70,11.37
240,198,355.32,169.50,1,38.87,3.73
240,198,355.32,169.50,2,28.04,10.02
240,198,355.32,169.50,3,39.46,17.77
240,198,355.32,169.50,4,3.34,30.83
240,199,34.90,155.59,0,7.70,11.37
240,199,34.90,155.59,1,38.87,3.73
240,199,34.90,155.59,2,28.04,10.02
240,199,34.90,155.59,3,39.46,17.77
240,199,34.90,155.59,4,3.34,30.83
240,200,23.07,80.97,0,7.70,11.37
240,200,23.07,80.97,1,38.87,3.73
240,200,23.07,80.97,2,28.04,10.02
240,200,23.07,80.97,3,39.46,17.77
240,200,23.07,80.97,4,3.34,30.83
240,201,377.10,163.87,0,7.70,11.37
240,201,377.10,163.87,1,38.87,3.73
240,201,377.10,163.87,2,28.04,10.02
240,201,377.10,163.87,3,39.46,17.77
240,201,377.10,163.87,4,3.34,30.83
240,203,359.52,206.27,0,7.70,11.37
240,203,359.52,206.27,1,38.87,3.73
240,203,359.52,206.27,2,28.04,10.02
240,203,359.52,206.27,3,39.46,17.77
240,203,359.52,206.27,4,3.34,30.83
240,204,34.51,322.57,0,7.70,11.37
240,204,34.51,322.57,1,38.87,3.73
240,204,34.51,322.57,2,28.04,10.02
240,204,34.51,322.57,3,39.46,17.77
240,204,34.51,322.57,4,3.34,30.83
240,206,245.70,112.56,0,7.70,11.37
240,206,245.70,112.56,1,38.87,3.73
240,206,245.70,112.56,2,28.04,10.02
240,206,245.70,112.56,3,39.46,17.77
240,206,245.70,112.56,4,3.34,30.83
240,207,17.60,293.90,0,7.70,11.37
240,207,17.60,293.90,1,38.87,3.73
240,207,17.60,293.90,2,28.04,10.02
240,207,17.60,293.90,3,39.46,17.77
240,207,17.60,293.90,4,3.34,30.83
240,208,45.89,352.48,0,7.70,11.37
240,208,45.89,352.48,1,38.87,3.73
240,208,45.89,352.48,2,28.04,10.02
240,208,45.89,352.48,3,39.46,17.77
240,208,45.89,352.48,4,3.34,30.83
240,209,385.40,185.80,0,7.70,11.37
240,209,385.40,185.80,1,38.87,3.73
240,209,385.40,185.80,2,28.04,10.02
240,209,385.40,185.80,3,39.46,17.77
240,209,385.40,185.80,4,3.34,30.83
240,210,264.85,107.65,0,7.70,11.37
240,210,264.85,107.65,1,38.87,3.73
240,210,264.85,107.65,2,28.04,10.02
240,210,264.85,107.65,3,39.46,17.77
240,210,264.85,107.65,4,3.34,30.83
240,211,126.42,372.41,0,7.70,11.37
240,211,126.42,372.41,1,38.87,3.73
240,211,126.42,372.41,2,28.04,10.02
240,211,126.42,372.41,3,39.46,17.77
240,211,126.42,372.41,4,3.34,30.83
240,212,386.29,264.44,0,7.70,11.37
240,212,386.29,264.44,1,38.87,3.73
240,212,386.29,264.44,2,28.04,10.02
240,212,386.29,264.44,3,39.46,17.77
240,212,386.29,264.44,4,3.34,30.83
240,213,377.20,263.37,0,7.70,11.37
240,213,377.20,263.37,1,38.87,3.73
240,213,377.20,263.37,2,28.04,10.02
240,213,377.20,263.37,3,39.46,17.77
240,213,377.20,263.37,4,3.34,30.83
240,214,243.33,86.02,0,7.70,11.37
240,214,243.33,86.02,1,38.87,3.73
240,214,243.33,86.02,2,28.04,10.02
240,214,243.33,86.02,3,39.46,17.77
240,214,243.33,86.02,4,3.34,30.83
240,215,254.99,377.54,0,7.70,11.37
240,215,254.99,377.54,1,38.87,3.73
240,215,254.99,377.54,2,28.04,10.02
240,215,254.99,377.54,3,39.46,17.77
240,215,254.99,377.54,4,3.34,30.83
240,216,248.54,391.28,0,7.70,11.37
240,216,248.54,391.28,1,38.87,3.73
240,216,248.54,391.28,2,28.04,10.02
240,216,248.54,391.28,3,39.46,17.77
240,216,248.54,391.28,4,3.34,30.83
240,217,370.82,10.78,0,7.70,11.37
240,217,370.82,10.78,1,38.87,3.73
240,217,370.82,10.78,2,28.04,10.02
240,217,370.82,10.78,3,39.46,17.77
240,217,370.82,10.78,4,3.34,30.83
240,218,279.08,391.87,0,7.70,11.37
240,218,279.08,391.87,1,38.87,3.73
240,218,279.08,391.87,2,28.04,10.02
240,218,279.08,391.87,3,39.46,17.77
240,218,279.08,391.87,4,3.34,30.83
240,219,34.21,108.08,0,7.70,11.37
240,219,34.21,108.08,1,38.87,3.73
240,219,34.21,108.08,2,28.04,10.02
240,219,34.21,108.08,3,39.46,17.77
240,219,34.21,108.08,4,3.34,30.83
240,221,334.21,227.26,0,7.70,11.37
240,221,334.21,227.26,1,38.87,3.73
240,221,334.21,227.26,2,28.04,10.02
240,221,334.21,227.26,3,39.46,17.77
240,221,334.21,227.26,4,3.34,30.83
240,222,27.31,326.51,0,7.70,11.37
240,222,27.31,326.51,1,38.87,3.73
240,222,27.31,326.51,2,28.04,10.02
240,222,27.31,326.51,3,39.46,17.77
240,222,27.31,326.51,4,3.34,30.83
240,223,358.88,187.15,0,7.70,11.37
240,223,358.88,187.15,1,38.87,3.73
240,223,358.88,187.15,2,28.04,10.02
240,223,358.88,187.15,3,39.46,17.77
240,223,358.88,187.15,4,3.34,30.83
240,225,377.61,195.12,0,7.70,11.37
240,225,377.61,195.12,1,38.87,3.73
240,225,377.61,195.12,2,28.04,10.02
240,225,377.61,195.12,3,39.46,17.77
240,225,377.61,195.12,4,3.34,30.83
240,226,293.34,164.93,0,7.70,11.37
240,226,293.34,164.93,1,38.87,3.73
240,226,293.34,164.93,2,28.04,10.02
240,226,293.34,164.93,3,39.46,17.77
240,226,293.34,164.93,4,3.34,30.83
240,227,90.98,329.02,0,7.70,11.37
240,227,90.98,329.02,1,38.87,3.73
240,227,90.98,329.02,2,28.04,10.02
240,227,90.98,329.02,3,39.46,17.77
240,227,90.98,329.02,4,3.34,30.83
240,228,247.10,71.44,0,7.70,11.37
240,228,247.10,71.44,1,38.87,3.73
240,228,247.10,71.44,2,28.04,10.02
240,228,247.10,71.44,3,39.46,17.77
240,228,247.10,71.44,4,3.34,30.83
240,229,176.41,117.57,0,7.70,11.37
240,229,176.41,117.57,1,38.87,3.73
240,229,176.41,117.57,2,28.04,10.02
240,229,176.41,117.57,3,39.46,17.77
240,229,176.41,117.57,4,3.34,30.83
240,230,171.17,46.22,0,7.70,11.37
240,230,171.17,46.22,1,38.87,3.73
240,230,171.17,46.22,2,28.04,10.02
240,230,171.17,46.22,3,39.46,17.77
240,230,171.17,46.22,4,3.34,30.83
240,231,286.26,338.94,0,7.70,11.37
240,231,286.26,338.94,1,38.87,3.73
240,231,286.26,338.94,2,28.04,10.02
240,231,286.26,338.94,3,39.46,17.77
240,231,286.26,338.94,4,3.34,30.83
240,232,355.56,27.51,0,7.70,11.37
240,232,355.56,27.51,1,38.87,3.73
240,232,355.56,27.51,2,28.04,10.02
240,232,355.56,27.51,3,39.46,17.77
240,232,355.56,27.51,4,3.34,30.83
240,233,368.71,241.87,0,7.70,11.37
240,233,368.71,241.87,1,38.87,3.73
240,233,368.71,241.87,2,28.04,10.02
240,233,368.71,241.87,3,39.46,17.77
240,233,368.71,241.87,4,3.34,30.83
240,236,260.80,105.60,0,7.70,11.37
240,236,260.80,105.60,1,38.87,3.73
240,236,260.80,105.60,2,28.04,10.02
240,236,260.80,105.60,3,39.46,17.77
240,236,260.80,105.60,4,3.34,30.83
240,237,193.53,152.10,0,7.70,11.37
240,237,193.53,152.10,1,38.87,3.73
240,237,193.53,152.10,2,28.04,10.02
240,237,193.53,152.10,3,39.46,17.77
240,237,193.53,152.10,4,3.34,30.83
240,238,24.23,304.90,0,7.70,11.37
240,238,24.23,304.90,1,38.87,3.73
240,238,24.23,304.90,2,28.04,10.02
240,238,24.23,304.90,3,39.46,17.77
240,238,24.23,304.90,4,3.34,30.83
240,239,208.43,125.91,0,7.70,11.37
240,239,208.43,125.91,1,38.87,3.73
240,239,208.43,125.91,2,28.04,10.02
240,239,208.43,125.91,3,39.46,17.77
240,239,208.43,125.91,4,3.34,30.83
240,240,141.80,234.41,0,7.70,11.37
240,240,141.80,234.41,1,38.87,3.73
240,240,141.80,234.41,2,28.04,10.02
240,240,141.80,234.41,3,39.46,17.77
240,240,141.80,234.41,4,3.34,30.83
240,241,386.48,193.13,0,7.70,11.37
240,241,386.48,193.13,1,38.87,3.73
240,241,386.48,193.13,2,28.04,10.02
240,241,386.48,193.13,3,39.46,17.77
240,241,386.48,193.13,4,3.34,30.83
240,242,209.08,225.38,0,7.70,11.37
240,242,209.08,225.38,1,38.87,3.73
240,242,209.08,225.38,2,28.04,10.02
240,242,209.08,225.38,3,39.46,17.77
240,242,209.08,225.38,4,3.34,30.83
240,243,30.93,293.04,0,7.70,11.37
240,243,30.93,293.04,1,38.87,3.73
240,243,30.93,293.04,2,28.04,10.02
240,243,30.93,293.04,3,39.46,17.77
240,243,30.93,293.04,4,3.34,30.83
240,244,186.80,323.13,0,7.70,11.37
240,244,186.80,323.13,1,38.87,3.73
240,244,186.80,323.13,2,28.04,10.02
240,244,186.80,323.13,3,39.46,17.77
240,244,186.80,323.13,4,3.34,30.83
240,245,215.70,149.62,0,7.70,11.37
240,245,215.70,149.62,1,38.87,3.73
240,245,215.70,149.62,2,28.04,10.02
240,245,215.70,149.62,3,39.46,17.77
240,245,215.70,149.62,4,3.34,30.83
240,246,339.12,231.45,0,7.70,11.37
240,246,339.12,231.45,1,38.87,3.73
240,246,339.12,231.45,2,28.04,10.02
240,246,339.12,231.45,3,39.46,17.77
240,246,339.12,231.45,4,3.34,30.83
240,247,75.77,115.64,0,7.70,11.37
240,247,75.77,115.64,1,38.87,3.73
240,247,75.77,115.64,2,28.04,10.02
240,247,75.77,115.64,3,39.46,17.77
240,247,75.77,115.64,4,3.34,30.83
240,248,390.75,299.56,0,7.70,11.37
240,248,390.75,299.56,1,38.87,3.73
240,248,390.75,299.56,2,28.04,10.02
240,248,390.75,299.56,3,39.46,17.77
240,248,390.75,299.56,4,3.34,30.83
240,249,359.26,392.91,0,7.70,11.37
240,249,359.26,392.91,1,38.87,3.73
240,249,359.26,392.91,2,28.04,10.02
240,249,359.26,392.91,3,39.46,17.77
240,249,359.26,392.91,4,3.34,30.83
240,250,232.02,300.84,0,7.70,11.37
240,250,232.02,300.84,1,38.87,3.73
240,250,232.02,300.84,2,28.04,10.02
240,250,232.02,300.84,3,39.46,17.77
240,250,232.02,300.84,4,3.34,30.83
240,251,74.53,305.11,0,7.70,11.37
240,251,74.53,305.11,1,38.87,3.73
240,251,74.53,305.11,2,28.04,10.02
240,251,74.53,305.11,3,39.46,17.77
240,251,74.53,305.11,4,3.34,30.83
240,252,12.50,87.58,0,7.70,11.37
240,252,12.50,87.58,1,38.87,3.73
240,252,12.50,87.58,2,28.04,10.02
240,252,12.50,87.58,3,39.46,17.77
240,252,12.50,87.58,4,3.34,30.83
240,253,337.61,184.28,0,7.70,11.37
240,253,337.61,184.28,1,38.87,3.73
240,253,337.61,184.28,2,28.04,10.02
240,253,337.61,184.28,3,39.46,17.77
240,253,337.61,184.28,4,3.34,30.83
240,254,361.80,150.07,0,7.70,11.37
240,254,361.80,150.07,1,38.87,3.73
240,254,361.80,150.07,2,28.04,10.02
240,254,361.80,150.07,3,39.46,17.77
240,254,361.80,150.07,4,3.34,30.83
240,255,24.42,313.39,0,7.70,11.37
240,255,24.42,313.39,1,38.87,3.73
240,255,24.42,313.39,2,28.04,10.02
240,255,24.42,313.39,3,39.46,17.77
240,255,24.42,313.39,4,3.34,30.83
240,256,59.40,105.50,0,7.70,11.37
240,256,59.40,105.50,1,38.87,3.73
240,256,59.40,105.50,2,28.04,10.02
240,256,59.40,105.50,3,39.46,17.77
240,256,59.40,105.50,4,3.34,30.83
240,257,371.96,175.84,0,7.70,11.37
240,257,371.96,175.84,1,38.87,3.73
240,257,371.96,175.84,2,28.04,10.02
240,257,371.96,175.84,3,39.46,17.77
240,257,371.96,175.84,4,3.34,30.83
240,258,372.13,36.61,0,7.70,11.37
240,258,372.13,36.61,1,38.87,3.73
240,258,372.13,36.61,2,28.04,10.02
240,258,372.13,36.61,3,39.46,17.77
240,258,372.13,36.61,4,3.34,30.83
240,259,68.77,107.57,0,7.70,11.37
240,259,68.77,107.57,1,38.87,3.73
240,259,68.77,107.57,2,28.04,10.02
240,259,68.77,107.57,3,39.46,17.77
240,259,68.77,107.57,4,3.34,30.83
240,260,309.73,377.94,0,7.70,11.37
240,260,309.73,377.94,1,38.87,3.73
240,260,309.73,377.94,2,28.04,10.02
240,260,309.73,377.94,3,39.46,17.77
240,260,309.73,377.94,4,3.34,30.83
240,261,59.81,359.27,0,7.70,11.37
240,261,59.81,359.27,1,38.87,3.73
240,261,59.81,359.27,2,28.04,10.02
240,261,59.81,359.27,3,39.46,17.77
240,261,59.81,359.27,4,3.34,30.83
240,262,176.53,94.10,0,7.70,11.37
240,262,176.53,94.10,1,38.87,3.73
240,262,176.53,94.10,2,28.04,10.02
240,262,176.53,94.10,3,39.46,17.77
240,262,176.53,94.10,4,3.34,30.83
240,263,180.72,78.47,0,7.70,11.37
240,263,180.72,78.47,1,38.87,3.73
240,263,180.72,78.47,2,28.04,10.02
240,263,180.72,78.47,3,39.46,17.77
240,263,180.72,78.47,4,3.34,30.83
240,264,41.90,141.76,0,7.70,11.37
240,264,41.90,141.76,1,38.87,3.73
240,264,41.90,141.76,2,28.04,10.02
240,264,41.90,141.76,3,39.46,17.77
240,264,41.90,141.76,4,3.34,30.83
240,265,221.99,318.52,0,7.70,11.37
240,265,221.99,318.52,1,38.87,3.73
240,265,221.99,318.52,2,28.04,10.02
240,265,221.99,318.52,3,39.46,17.77
240,265,221.99,318.52,4,3.34,30.83
240,266,104.11,301.29,0,7.70,11.37
240,266,104.11,301.29,1,38.87,3.73
240,266,104.11,301.29,2,28.04,10.02
240,266,104.11,301.29,3,39.46,17.77
240,266,104.11,301.29,4,3.34,30.83
240,267,186.62,64.38,0,7.70,11.37
240,267,186.62,64.38,1,38.87,3.73
240,267,186.62,64.38,2,28.04,10.02
240,267,186.62,64.38,3,39.46,17.77
240,267,186.62,64.38,4,3.34,30.83
240,268,213.26,104.30,0,7.70,11.37
240,268,213.26,104.30,1,38.87,3.73
240,268,213.26,104.30,2,28.04,10.02
240,268,213.26,104.30,3,39.46,17.77
240,268,213.26,104.30,4,3.34,30.83
240,269,18.96,137.60,0,7.70,11.37
240,269,18.96,137.60,1,38.87,3.73
240,269,18.96,137.60,2,28.04,10.02
240,269,18.96,137.60,3,39.46,17.77
240,269,18.96,137.60,4,3.34,30.83
240,270,45.94,303.49,0,7.70,11.37
240,270,45.94,303.49,1,38.87,3.73
240,270,45.94,303.49,2,28.04,10.02
240,270,45.94,303.49,3,39.46,17.77
240,270,45.94,303.49,4,3.34,30.83
240,271,42.59,124.74,0,7.70,11.37
240,271,42.59,124.74,1,38.87,3.73
240,271,42.59,124.74,2,28.04,10.02
240,271,42.59,124.74,3,39.46,17.77
240,271,42.59,124.74,4,3.34,30.83
240,272,41.87,312.38,0,7.70,11.37
240,272,41.87,312.38,1,38.87,3.73
240,272,41.87,312.38,2,28.04,10.02
240,272,41.87,312.38,3,39.46,17.77
240,272,41.87,312.38,4,3.34,30.83
240,273,22.44,276.21,0,7.70,11.37
240,273,22.44,276.21,1,38.87,3.73
240,273,22.44,276.21,2,28.04,10.02
240,273,22.44,276.21,3,39.46,17.77
240,273,22.44,276.21,4,3.34,30.83
240,274,100.04,9.97,0,7.70,11.37
240,274,100.04,9.97,1,38.87,3.73
240,274,100.04,9.97,2,28.04,10.02
240,274,100.04,9.97,3,39.46,17.77
240,274,100.04,9.97,4,3.34,30.83
240,275,324.30,217.96,0,7.70,11.37
240,275,324.30,217.96,1,38.87,3.73
240,275,324.30,217.96,2,28.04,10.02
240,275,324.30,217.96,3,39.46,17.77
240,275,324.30,217.96,4,3.34,30.83
240,276,320.74,224.88,0,7.70,11.37
240,276,320.74,224.88,1,38.87,3.73
240,276,320.74,224.88,2,28.04,10.02
240,276,320.74,224.88,3,39.46,17.77
240,276,320.74,224.88,4,3.34,30.83
240,277,292.92,183.42,0,7.70,11.37
240,277,292.92,183.42,1,38.87,3.73
240,277,292.92,183.42,2,28.04,10.02
240,277,292.92,183.42,3,39.46,17.77
240,277,292.92,183.42,4,3.34,30.83
240,278,72.46,378.54,0,7.70,11.37
240,278,72.46,378.54,1,38.87,3.73
240,278,72.46,378.54,2,28.04,10.02
240,278,72.46,378.54,3,39.46,17.77
240,278,72.46,378.54,4,3.34,30.83
240,279,232.98,393.61,0,7.70,11.37
240,279,232.98,393.61,1,38.87,3.73
240,279,232.98,393.61,2,28.04,10.02
240,279,232.98,393.61,3,39.46,17.77
240,279,232.98,393.61,4,3.34,30.83
240,281,225.81,65.29,0,7.70,11.37
240,281,225.81,65.29,1,38.87,3.73
240,281,225.81,65.29,2,28.04,10.02
240,281,225.81,65.29,3,39.46,17.77
240,281,225.81,65.29,4,3.34,30.83
240,282,358.48,179.32,0,7.70,11.37
240,282,358.48,179.32,1,38.87,3.73
240,282,358.48,179.32,2,28.04,10.02
240,282,358.48,179.32,3,39.46,17.77
240,282,358.48,179.32,4,3.34,30.83
240,283,337.91,169.00,0,7.70,11.37
240,283,337.91,169.00,1,38.87,3.73
240,283,337.91,169.00,2,28.04,10.02
240,283,337.91,169.00,3,39.46,17.77
240,283,337.91,169.00,4,3.34,30.83
240,284,228.64,97.06,0,7.70,11.37
240,284,228.64,97.06,1,38.87,3.73
240,284,228.64,97.06,2,28.04,10.02
240,284,228.64,97.06,3,39.46,17.77
240,284,228.64,97.06,4,3.34,30.83
240,285,218.68,349.20,0,7.70,11.37
240,285,218.68,349.20,1,38.87,3.73
240,285,218.68,349.20,2,28.04,10.02
240,285,218.68,349.20,3,39.46,17.77
240,285,218.68,349.20,4,3.34,30.83
240,286,246.79,333.44,0,7.70,11.37
240,286,246.79,333.44,1,38.87,3.73
240,286,246.79,333.44,2,28.04,10.02
240,286,246.79,333.44,3,39.46,17.77
240,286,246.79,333.44,4,3.34,30.83
240,288,107.44,4.82,0,7.70,11.37
240,288,107.44,4.82,1,38.87,3.73
240,288,107.44,4.82,2,28.04,10.02
240,288,107.44,4.82,3,39.46,17.77
240,288,107.44,4.82,4,3.34,30.83
240,289,52.38,319.64,0,7.70,11.37
240,289,52.38,319.64,1,38.87,3.73
240,289,52.38,319.64,2,28.04,10.02
240,289,52.38,319.64,3,39.46,17.77
240,289,52.38,319.64,4,3.34,30.83
240,290,313.97,251.10,0,7.70,11.37
240,290,313.97,251.10,1,38.87,3.73
240,290,313.97,251.10,2,28.04,10.02
240,290,313.97,251.10,3,39.46,17.77
240,290,313.97,251.10,4,3.34,30.83
240,291,60.81,55.27,0,7.70,11.37
240,291,60.81,55.27,1,38.87,3.73
240,291,60.81,55.27,2,28.04,10.02
240,291,60.81,55.27,3,39.46,17.77
240,291,60.81,55.27,4,3.34,30.83
240,292,266.09,304.62,0,7.70,11.37
240,292,266.09,304.62,1,38.87,3.73
240,292,266.09,304.62,2,28.04,10.02
240,292,266.09,304.62,3,39.46,17.77
240,292,266.09,304.62,4,3.34,30.83
240,293,236.82,111.41,0,7.70,11.37
240,293,236.82,111.41,1,38.87,3.73
240,293,236.82,111.41,2,28.04,10.02
240,293,236.82,111.41,3,39.46,17.77
240,293,236.82,111.41,4,3.34,30.83
240,294,77.97,347.06,0,7.70,11.37
240,294,77.97,347.06,1,38.87,3.73
240,294,77.97,347.06,2,28.04,10.02
240,294,77.97,347.06,3,39.46,17.77
240,294,77.97,347.06,4,3.34,30.83
240,296,367.86,24.59,0,7.70,11.37
240,296,367.86,24.59,1,38.87,3.73
240,296,367.86,24.59,2,28.04,10.02
240,296,367.86,24.59,3,39.46,17.77
240,296,367.86,24.59,4,3.34,30.83
240,297,378.75,153.97,0,7.70,11.37
240,297,378.75,153.97,1,38.87,3.73
240,297,378.75,153.97,2,28.04,10.02
240,297,378.75,153.97,3,39.46,17.77
240,297,378.75,153.97,4,3.34,30.83
240,298,365.39,30.11,0,7.70,11.37
240,298,365.39,30.11,1,38.87,3.73
240,298,365.39,30.11,2,28.04,10.02
240,298,365.39,30.11,3,39.46,17.77
240,298,365.39,30.11,4,3.34,30.83
240,299,60.75,128.13,0,7.70,11.37
240,299,60.75,128.13,1,38.87,3.73
240,299,60.75,128.13,2,28.04,10.02
240,299,60.75,128.13,3,39.46,17.77
240,299,60.75,128.13,4,3.34,30.83
240,300,213.45,341.46,0,7.70,11.37
240,300,213.45,341.46,1,38.87,3.73
240,300,213.45,341.46,2,28.04,10.02
240,300,213.45,341.46,3,39.46,17.77
240,300,213.45,341.46,4,3.34,30.83
250,2,57.71,102.07,0,7.97,11.33
250,2,57.71,102.07,1,39.40,4.49
250,2,57.71,102.07,2,28.69,9.72
250,2,57.71,102.07,3,39.46,17.77
250,2,57.71,102.07,4,3.34,30.83
250,3,188.88,273.31,0,7.97,11.33
250,3,188.88,273.31,1,39.40,4.49
250,3,188.88,273.31,2,28.69,9.72
250,3,188.88,273.31,3,39.46,17.77
250,3,188.88,273.31,4,3.34,30.83
250,5,23.67,319.24,0,7.97,11.33
250,5,23.67,319.24,1,39.40,4.49
250,5,23.67,319.24,2,28.69,9.72
250,5,23.67,319.24,3,39.46,17.77
250,5,23.67,319.24,4,3.34,30.83
250,6,61.23,295.30,0,7.97,11.33
250,6,61.23,295.30,1,39.40,4.49
250,6,61.23,295.30,2,28.69,9.72
250,6,61.23,295.30,3,39.46,17.77
250,6,61.23,295.30,4,3.34,30.83
250,7,72.67,117.67,0,7.97,11.33
250,7,72.67,117.67,1,39.40,4.49
250,7,72.67,117.67,2,28.69,9.72
250,7,72.67,117.67,3,39.46,17.77
250,7,72.67,117.67,4,3.34,30.83
250,8,116.41,373.39,0,7.97,11.33
250,8,116.41,373.39,1,39.40,4.49
250,8,116.41,373.39,2,28.69,9.72
250,8,116.41,373.39,3,39.46,17.77
250,8,116.41,373.39,4,3.34,30.83
250,9,293.26,196.93,0,7.97,11.33
250,9,293.26,196.93,1,39.40,4.49
250,9,293.26,196.93,2,28.69,9.72
250,9,293.26,196.93,3,39.46,17.77
250,9,293.26,196.93,4,3.34,30.83
250,10,388.75,179.50,0,7.97,11.33
250,10,388.75,179.50,1,39.40,4.49
250,10,388.75,179.50,2,28.69,9.72
250,10,388.75,179.50,3,39.46,17.77
250,10,388.75,179.50,4,3.34,30.83
250,11,188.47,110.59,0,7.97,11.33
250,11,188.47,110.59,1,39.40,4.49
250,11,188.47,110.59,2,28.69,9.72
250,11,188.47,110.59,3,39.46,17.77
250,11,188.47,110.59,4,3.34,30.83
250,12,252.61,96.50,0,7.97,11.33
250,12,252.61,96.50,1,39.40,4.49
250,12,252.61,96.50,2,28.69,9.72
250,12,252.61,96.50,3,39.46,17.77
250,12,252.61,96.50,4,3.34,30.83
250,13,161.92,90.73,0,7.97,11.33
250,13,161.92,90.73,1,39.40,4.49
250,13,161.92,90.73,2,28.69,9.72
250,13,161.92,90.73,3,39.46,17.77
250,13,161.92,90.73,4,3.34,30.83
250,14,16.76,347.55,0,7.97,11.33
250,14,16.76,347.55,1,39.40,4.49
250,14,16.76,347.55,2,28.69,9.72
250,14,16.76,347.55,3,39.46,17.77
250,14,16.76,347.55,4,3.34,30.83
250,15,13.36,327.30,0,7.97,11.33
250,15,13.36,327.30,1,39.40,4.49
250,15,13.36,327.30,2,28.69,9.72
250,15,13.36,327.30,3,39.46,17.77
250,15,13.36,327.30,4,3.34,30.83
250,16,341.42,261.28,0,7.97,11.33
250,16,341.42,261.28,1,39.40,4.49
250,16,341.42,261.28,2,28.69,9.72
250,16,341.42,261.28,3,39.46,17.77
250,16,341.42,261.28,4,3.34,30.83
250,17,389.67,181.67,0,7.97,11.33
250,17,389.67,181.67,1,39.40,4.49
250,17,389.67,181.67,2,28.69,9.72
250,17,389.67,181.67,3,39.46,17.77
250,17,389.67,181.67,4,3.34,30.83
250,18,175.46,343.27,0,7.97,11.33
250,18,175.46,343.27,1,39.40,4.49
250,18,175.46,343.27,2,28.69,9.72
250,18,175.46,343.27,3,39.46,17.77
250,18,175.46,343.27,4,3.34,30.83
250,19,52.23,324.60,0,7.97,11.33
250,19,52.23,324.60,1,39.40,4.49
250,19,52.23,324.60,2,28.69,9.72
250,19,52.23,324.60,3,39.46,17.77
250,19,52.23,324.60,4,3.34,30.83
250,20,223.84,390.44,0,7.97,11.33
250,20,223.84,390.44,1,39.40,4.49
250,20,223.84,390.44,2,28.69,9.72
250,20,223.84,390.44,3,39.46,17.77
250,20,223.84,390.44,4,3.34,30.83
250,21,386.57,153.20,0,7.97,11.33
250,21,386.57,153.20,1,39.40,4.49
250,21,386.57,153.20,2,28.69,9.72
250,21,386.57,153.20,3,39.46,17.77
250,21,386.57,153.20,4,3.34,30.83
250,22,291.54,368.66,0,7.97,11.33
250,22,291.54,368.66,1,39.40,4.49
250,22,291.54,368.66,2,28.69,9.72
250,22,291.54,368.66,3,39.46,17.77
250,22,291.54,368.66,4,3.34,30.83
250,23,359.21,227.99,0,7.97,11.33
250,23,359.21,227.99,1,39.40,4.49
250,23,359.21,227.99,2,28.69,9.72
250,23,359.21,227.99,3,39.46,17.77
250,23,359.21,227.99,4,3.34,30.83
250,24,153.59,84.93,0,7.97,11.33
250,24,153.59,84.93,1,39.40,4.49
250,24,153.59,84.93,2,28.69,9.72
250,24,153.59,84.93,3,39.46,17.77
250,24,153.59,84.93,4,3.34,30.83
250,25,54.17,334.22,0,7.97,11.33
250,25,54.17,334.22,1,39.40,4.49
250,25,54.17,334.22,2,28.69,9.72
250,25,54.17,334.22,3,39.46,17.77
250,25,54.17,334.22,4,3.34,30.83
250,26,293.73,41.27,0,7.97,11.33
250,26,293.73,41.27,1,39.40,4.49
250,26,293.73,41.27,2,28.69,9.72
250,26,293.73,41.27,3,39.46,17.77
250,26,293.73,41.27,4,3.34,30.83
250,27,248.71,105.46,0,7.97,11.33
250,27,248.71,105.46,1,39.40,4.49
250,27,248.71,105.46,2,28.69,9.72
250,27,248.71,105.46,3,39.46,17.77
250,27,248.71,105.46,4,3.34,30.83
250,28,386.32,346.89,0,7.97,11.33
250,28,386.32,346.89,1,39.40,4.49
250,28,386.32,346.89,2,28.69,9.72
250,28,386.32,346.89,3,39.46,17.77
250,28,386.32,346.89,4,3.34,30.83
250,29,128.80,274.19,0,7.97,11.33
250,29,128.80,274.19,1,39.40,4.49
250,29,128.80,274.19,2,28.69,9.72
250,29,128.80,274.19,3,39.46,17.77
250,29,128.80,274.19,4,3.34,30.83
250,31,220.86,65.66,0,7.97,11.33
250,31,220.86,65.66,1,39.40,4.49
250,31,220.86,65.66,2,28.69,9.72
250,31,220.86,65.66,3,39.46,17.77
250,31,220.86,65.66,4,3.34,30.83
250,32,254.00,96.95,0,7.97,11.33
250,32,254.00,96.95,1,39.40,4.49
250,32,254.00,96.95,2,28.69,9.72
250,32,254.00,96.95,3,39.46,17.77
250,32,254.00,96.95,4,3.34,30.83
250,33,35.71,305.06,0,7.97,11.33
250,33,35.71,305.06,1,39.40,4.49
250,33,35.71,305.06,2,28.69,9.72
250,33,35.71,305.06,3,39.46,17.77
250,33,35.71,305.06,4,3.34,30.83
250,34,222.94,111.24,0,7.97,11.33
250,34,222.94,111.24,1,39.40,4.49
250,34,222.94,111.24,2,28.69,9.72
250,34,222.94,111.24,3,39.46,17.77
250,34,222.94,111.24,4,3.34,30.83
250,35,351.35,196.39,0,7.97,11.33
250,35,351.35,196.39,1,39.40,4.49
250,35,351.35,196.39,2,28.69,9.72
250,35,351.35,196.39,3,39.46,17.77
250,35,351.35,196.39,4,3.34,30.83
250,36,69.50,326.21,0,7.97,11.33
250,36,69.50,326.21,1,39.40,4.49
250,36,69.50,326.21,2,28.69,9.72
250,36,69.50,326.21,3,39.46,17.77
250,36,69.50,326.21,4,3.34,30.83
250,37,326.76,254.86,0,7.97,11.33
250,37,326.76,254.86,1,39.40,4.49
250,37,326.76,254.86,2,28.69,9.72
250,37,326.76,254.86,3,39.46,17.77
250,37,326.76,254.86,4,3.34,30.83
250,38,111.70,232.50,0,7.97,11.33
250,38,111.70,232.50,1,39.40,4.49
250,38,111.70,232.50,2,28.69,9.72
250,38,111.70,232.50,3,39.46,17.77
250,38,111.70,232.50,4,3.34,30.83
250,39,96.57,180.23,0,7.97,11.33
250,39,96.57,180.23,1,39.40,4.49
250,39,96.57,180.23,2,28.69,9.72
250,39,96.57,180.23,3,39.46,17.77
250,39,96.57,180.23,4,3.34,30.83
250,40,269.42,107.83,0,7.97,11.33
250,40,269.42,107.83,1,39.40,4.49
250,40,269.42,107.83,2,28.69,9.72
250,40,269.42,107.83,3,39.46,17.77
250,40,269.42,107.83,4,3.34,30.83
250,41,265.20,288.93,0,7.97,11.33
250,41,265.20,288.93,1,39.40,4.49
250,41,265.20,288.93,2,28.69,9.72
250,41,265.20,288.93,3,39.46,17.77
250,41,265.20,288.93,4,3.34,30.83
250,42,366.87,208.68,0,7.97,11.33
250,42,366.87,208.68,1,39.40,4.49
250,42,366.87,208.68,2,28.69,9.72
250,42,366.87,208.68,3,39.46,17.77
250,42,366.87,208.68,4,3.34,30.83
250,43,239.30,91.39,0,7.97,11.33
250,43,239.30,91.39,1,39.40,4.49
250,43,239.30,91.39,2,28.69,9.72
250,43,239.30,91.39,3,39.46,17.77
250,43,239.30,91.39,4,3.34,30.83
250,44,383.33,189.67,0,7.97,11.33
250,44,383.33,189.67,1,39.40,4.49
250,44,383.33,189.67,2,28.69,9.72
250,44,383.33,189.67,3,39.46,17.77
250,44,383.33,189.67,4,3.34,30.83
250,46,54.82,344.14,0,7.97,11.33
250,46,54.82,344.14,1,39.40,4.49
250,46,54.82,344.14,2,28.69,9.72
250,46,54.82,344.14,3,39.46,17.77
250,46,54.82,344.14,4,3.34,30.83
250,47,32.00,310.50,0,7.97,11.33
250,47,32.00,310.50,1,39.40,4.49
250,47,32.00,310.50,2,28.69,9.72
250,47,32.00,310.50,3,39.46,17.77
250,47,32.00,310.50,4,3.34,30.83
250,48,374.98,182.86,0,7.97,11.33
250,48,374.98,182.86,1,39.40,4.49
250,48,374.98,182.86,2,28.69,9.72
250,48,374.98,182.86,3,39.46,17.77
250,48,374.98,182.86,4,3.34,30.83
250,49,226.82,116.86,0,7.97,11.33
250,49,226.82,116.86,1,39.40,4.49
250,49,226.82,116.86,2,28.69,9.72
250,49,226.82,116.86,3,39.46,17.77
250,49,226.82,116.86,4,3.34,30.83
250,50,324.07,303.89,0,7.97,11.33
250,50,324.07,303.89,1,39.40,4.49
250,50,324.07,303.89,2,28.69,9.72
250,50,324.07,303.89,3,39.46,17.77
250,50,324.07,303.89,4,3.34,30.83
250,51,24.63,331.48,0,7.97,11.33
250,51,24.63,331.48,1,39.40,4.49
250,51,24.63,331.48,2,28.69,9.72
250,51,24.63,331.48,3,39.46,17.77
250,51,24.63,331.48,4,3.34,30.83
250,52,249.17,99.83,0,7.97,11.33
250,52,249.17,99.83,1,39.40,4.49
250,52,249.17,99.83,2,28.69,9.72
250,52,249.17,99.83,3,39.46,17.77
250,52,249.17,99.83,4,3.34,30.83
250,53,302.37,222.93,0,7.97,11.33
250,53,302.37,222.93,1,39.40,4.49
250,53,302.37,222.93,2,28.69,9.72
250,53,302.37,222.93,3,39.46,17.77
250,53,302.37,222.93,4,3.34,30.83
250,54,358.64,22.47,0,7.97,11.33
250,54,358.64,22.47,1,39.40,4.49
250,54,358.64,22.47,2,28.69,9.72
250,54,358.64,22.47,3,39.46,17.77
250,54,358.64,22.47,4,3.34,30.83
250,55,302.50,234.70,0,7.97,11.33
250,55,302.50,234.70,1,39.40,4.49
250,55,302.50,234.70,2,28.69,9.72
250,55,302.50,234.70,3,39.46,17.77
250,55,302.50,234.70,4,3.34,30.83
250,56,347.06,179.06,0,7.97,11.33
250,56,347.06,179.06,1,39.40,4.49
250,56,347.06,179.06,2,28.69,9.72
250,56,347.06,179.06,3,39.46,17.77
250,56,347.06,179.06,4,3.34,30.83
250,57,80.94,164.40,0,7.97,11.33
250,57,80.94,164.40,1,39.40,4.49
250,57,80.94,164.40,2,28.69,9.72
250,57,80.94,164.40,3,39.46,17.77
250,57,80.94,164.40,4,3.34,30.83
250,58,385.45,183.28,0,7.97,11.33
250,58,385.45,183.28,1,39.40,4.49
250,58,385.45,183.28,2,28.69,9.72
250,58,385.45,183.28,3,39.46,17.77
250,58,385.45,183.28,4,3.34,30.83
250,60,182.18,285.26,0,7.97,11.33
250,60,182.18,285.26,1,39.40,4.49
250,60,182.18,285.26,2,28.69,9.72
250,60,182.18,285.26,3,39.46,17.77
250,60,182.18,285.26,4,3.34,30.83
250,61,58.29,138.62,0,7.97,11.33
250,61,58.29,138.62,1,39.40,4.49
250,61,58.29,138.62,2,28.69,9.72
250,61,58.29,138.62,3,39.46,17.77
250,61,58.29,138.62,4,3.34,30.83
250,62,33.25,355.53,0,7.97,11.33
250,62,33.25,355.53,1,39.40,4.49
250,62,33.25,355.53,2,28.69,9.72
250,62,33.25,355.53,3,39.46,17.77
250,62,33.25,355.53,4,3.34,30.83
250,63,85.88,158.60,0,7.97,11.33
250,63,85.88,158.60,1,39.40,4.49
250,63,85.88,158.60,2,28.69,9.72
250,63,85.88,158.60,3,39.46,17.77
250,63,85.88,158.60,4,3.34,30.83
250,64,378.05,25.47,0,7.97,11.33
250,64,378.05,25.47,1,39.40,4.49
250,64,378.05,25.47,2,28.69,9.72
250,64,378.05,25.47,3,39.46,17.77
250,64,378.05,25.47,4,3.34,30.83
250,65,350.95,241.50,0,7.97,11.33
250,65,350.95,241.50,1,39.40,4.49
250,65,350.95,241.50,2,28.69,9.72
250,65,350.95,241.50,3,39.46,17.77
250,65,350.95,241.50,4,3.34,30.83
250,66,77.45,367.07,0,7.97,11.33
250,66,77.45,367.07,1,39.40,4.49
250,66,77.45,367.07,2,28.69,9.72
250,66,77.45,367.07,3,39.46,17.77
250,66,77.45,367.07,4,3.34,30.83
250,67,46.23,191.61,0,7.97,11.33
250,67,46.23,191.61,1,39.40,4.49
250,67,46.23,191.61,2,28.69,9.72
250,67,46.23,191.61,3,39.46,17.77
250,67,46.23,191.61,4,3.34,30.83
250,68,219.02,327.55,0,7.97,11.33
250,68,219.02,327.55,1,39.40,4.49
250,68,219.02,327.55,2,28.69,9.72
250,68,219.02,327.55,3,39.46,17.77
250,68,219.02,327.55,4,3.34,30.83
250,69,384.29,343.64,0,7.97,11.33
250,69,384.29,343.64,1,39.40,4.49
250,69,384.29,343.64,2,28.69,9.72
250,69,384.29,343.64,3,39.46,17.77
250,69,384.29,343.64,4,3.34,30.83
250,70,244.52,102.67,0,7.97,11.33
250,70,244.52,102.67,1,39.40,4.49
250,70,244.52,102.67,2,28.69,9.72
250,70,244.52,102.67,3,39.46,17.77
250,70,244.52,102.67,4,3.34,30.83
250,71,33.41,342.52,0,7.97,11.33
250,71,33.41,342.52,1,39.40,4.49
250,71,33.41,342.52,2,28.69,9.72
250,71,33.41,342.52,3,39.46,17.77
250,71,33.41,342.52,4,3.34,30.83
250,72,21.58,347.68,0,7.97,11.33
250,72,21.58,347.68,1,39.40,4.49
250,72,21.58,347.68,2,28.69,9.72
250,72,21.58,347.68,3,39.46,17.77
250,72,21.58,347.68,4,3.34,30.83
250,73,380.36,175.22,0,7.97,11.33
250,73,380.36,175.22,1,39.40,4.49
250,73,380.36,175.22,2,28.69,9.72
250,73,380.36,175.22,3,39.46,17.77
250,73,380.36,175.22,4,3.34,30.83
250,74,244.73,91.66,0,7.97,11.33
250,74,244.73,91.66,1,39.40,4.49
250,74,244.73,91.66,2,28.69,9.72
250,74,244.73,91.66,3,39.46,17.77
250,74,244.73,91.66,4,3.34,30.83
250,75,225.24,101.84,0,7.97,11.33
250,75,225.24,101.84,1,39.40,4.49
250,75,225.24,101.84,2,28.69,9.72
250,75,225.24,101.84,3,39.46,17.77
250,75,225.24,101.84,4,3.34,30.83
250,76,375.24,151.81,0,7.97,11.33
250,76,375.24,151.81,1,39.40,4.49
250,76,375.24,151.81,2,28.69,9.72
250,76,375.24,151.81,3,39.46,17.77
250,76,375.24,151.81,4,3.34,30.83
250,77,67.97,138.93,0,7.97,11.33
250,77,67.97,138.93,1,39.40,4.49
250,77,67.97,138.93,2,28.69,9.72
250,77,67.97,138.93,3,39.46,17.77
250,77,67.97,138.93,4,3.34,30.83
250,78,201.72,381.01,0,7.97,11.33
250,78,201.72,381.01,1,39.40,4.49
250,78,201.72,381.01,2,28.69,9.72
250,78,201.72,381.01,3,39.46,17.77
250,78,201.72,381.01,4,3.34,30.83
250,79,372.86,193.82,0,7.97,11.33
250,79,372.86,193.82,1,39.40,4.49
250,79,372.86,193.82,2,28.69,9.72
250,79,372.86,193.82,3,39.46,17.77
250,79,372.86,193.82,4,3.34,30.83
250,81,248.31,362.93,0,7.97,11.33
250,81,248.31,362.93,1,39.40,4.49
250,81,248.31,362.93,2,28.69,9.72
250,81,248.31,362.93,3,39.46,17.77
250,81,248.31,362.93,4,3.34,30.83
250,82,338.27,137.76,0,7.97,11.33
250,82,338.27,137.76,1,39.40,4.49
250,82,338.27,137.76,2,28.69,9.72
250,82,338.27,137.76,3,39.46,17.77
250,82,338.27,137.76,4,3.34,30.83
250,83,191.67,50.63,0,7.97,11.33
250,83,191.67,50.63,1,39.40,4.49
250,83,191.67,50.63,2,28.69,9.72
250,83,191.67,50.63,3,39.46,17.77
250,83,191.67,50.63,4,3.34,30.83
250,84,207.26,295.66,0,7.97,11.33
250,84,207.26,295.66,1,39.40,4.49
250,84,207.26,295.66,2,28.69,9.72
250,84,207.26,295.66,3,39.46,17.77
250,84,207.26,295.66,4,3.34,30.83
250,85,367.83,152.67,0,7.97,11.33
250,85,367.83,152.67,1,39.40,4.49
250,85,367.83,152.67,2,28.69,9.72
250,85,367.83,152.67,3,39.46,17.77
250,85,367.83,152.67,4,3.34,30.83
250,86,56.99,126.75,0,7.97,11.33
250,86,56.99,126.75,1,39.40,4.49
250,86,56.99,126.75,2,28.69,9.72
250,86,56.99,126.75,3,39.46,17.77
250,86,56.99,126.75,4,3.34,30.83
250,87,386.57,21.45,0,7.97,11.33
250,87,386.57,21.45,1,39.40,4.49
250,87,386.57,21.45,2,28.69,9.72
250,87,386.57,21.45,3,39.46,17.77
250,87,386.57,21.45,4,3.34,30.83
250,88,174.33,297.95,0,7.97,11.33
250,88,174.33,297.95,1,39.40,4.49
250,88,174.33,297.95,2,28.69,9.72
250,88,174.33,297.95,3,39.46,17.77
250,88,174.33,297.95,4,3.34,30.83
250,89,303.81,69.70,0,7.97,11.33
250,89,303.81,69.70,1,39.40,4.49
250,89,303.81,69.70,2,28.69,9.72
250,89,303.81,69.70,3,39.46,17.77
250,89,303.81,69.70,4,3.34,30.83
250,90,211.59,66.71,0,7.97,11.33
250,90,211.59,66.71,1,39.40,4.49
250,90,211.59,66.71,2,28.69,9.72
250,90,211.59,66.71,3,39.46,17.77
250,90,211.59,66.71,4,3.34,30.83
250,92,270.65,101.81,0,7.97,11.33
250,92,270.65,101.81,1,39.40,4.49
250,92,270.65,101.81,2,28.69,9.72
250,92,270.65,101.81,3,39.46,17.77
250,92,270.65,101.81,4,3.34,30.83
250,93,258.02,90.48,0,7.97,11.33
250,93,258.02,90.48,1,39.40,4.49
250,93,258.02,90.48,2,28.69,9.72
250,93,258.02,90.48,3,39.46,17.77
250,93,258.02,90.48,4,3.34,30.83
250,94,17.19,331.99,0,7.97,11.33
250,94,17.19,331.99,1,39.40,4.49
250,94,17.19,331.99,2,28.69,9.72
250,94,17.19,331.99,3,39.46,17.77
250,94,17.19,331.99,4,3.34,30.83
250,95,353.57,170.40,0,7.97,11.33
250,95,353.57,170.40,1,39.40,4.49
250,95,353.57,170.40,2,28.69,9.72
250,95,353.57,170.40,3,39.46,17.77
250,95,353.57,170.40,4,3.34,30.83
250,96,74.66,160.44,0,7.97,11.33
250,96,74.66,160.44,1,39.40,4.49
250,96,74.66,160.44,2,28.69,9.72
250,96,74.66,160.44,3,39.46,17.77
250,96,74.66,160.44,4,3.34,30.83
250,97,259.64,145.48,0,7.97,11.33
250,97,259.64,145.48,1,39.40,4.49
250,97,259.64,145.48,2,28.69,9.72
250,97,259.64,145.48,3,39.46,17.77
250,97,259.64,145.48,4,3.34,30.83
250,98,358.22,16.53,0,7.97,11.33
250,98,358.22,16.53,1,39.40,4.49
250,98,358.22,16.53,2,28.69,9.72
250,98,358.22,16.53,3,39.46,17.77
250,98,358.22,16.53,4,3.34,30.83
250,102,58.47,154.43,0,7.97,11.33
250,102,58.47,154.43,1,39.40,4.49
250,102,58.47,154.43,2,28.69,9.72
250,102,58.47,154.43,3,39.46,17.77
250,102,58.47,154.43,4,3.34,30.83
250,103,92.40,369.50,0,7.97,11.33
250,103,92.40,369.50,1,39.40,4.49
250,103,92.40,369.50,2,28.69,9.72
250,103,92.40,369.50,3,39.46,17.77
250,103,92.40,369.50,4,3.34,30.83
250,104,368.00,16.84,0,7.97,11.33
250,104,368.00,16.84,1,39.40,4.49
250,104,368.00,16.84,2,28.69,9.72
250,104,368.00,16.84,3,39.46,17.77
250,104,368.00,16.84,4,3.34,30.83
250,105,33.00,334.16,0,7.97,11.33
250,105,33.00,334.16,1,39.40,4.49
250,105,33.00,334.16,2,28.69,9.72
250,105,33.00,334.16,3,39.46,17.77
250,105,33.00,334.16,4,3.34,30.83
250,106,47.93,278.92,0,7.97,11.33
250,106,47.93,278.92,1,39.40,4.49
250,106,47.93,278.92,2,28.69,9.72
250,106,47.93,278.92,3,39.46,17.77
250,106,47.93,278.92,4,3.34,30.83
250,107,260.92,111.89,0,7.97,11.33
250,107,260.92,111.89,1,39.40,4.49
250,107,260.92,111.89,2,28.69,9.72
250,107,260.92,111.89,3,39.46,17.77
250,107,260.92,111.89,4,3.34,30.83
250,108,18.38,77.76,0,7.97,11.33
250,108,18.38,77.76,1,39.40,4.49
250,108,18.38,77.76,2,28.69,9.72
250,108,18.38,77.76,3,39.46,17.77
250,108,18.38,77.76,4,3.34,30.83
250,109,49.07,312.65,0,7.97,11.33
250,109,49.07,312.65,1,39.40,4.49
250,109,49.07,312.65,2,28.69,9.72
250,109,49.07,312.65,3,39.46,17.77
250,109,49.07,312.65,4,3.34,30.83
250,110,102.40,329.64,0,7.97,11.33
250,110,102.40,329.64,1,39.40,4.49
250,110,102.40,329.64,2,28.69,9.72
250,110,102.40,329.64,3,39.46,17.77
250,110,102.40,329.64,4,3.34,30.83
250,111,383.76,30.84,0,7.97,11.33
250,111,383.76,30.84,1,39.40,4.49
250,111,383.76,30.84,2,28.69,9.72
250,111,383.76,30.84,3,39.46,17.77
250,111,383.76,30.84,4,3.34,30.83
250,112,205.61,106.45,0,7.97,11.33
250,112,205.61,106.45,1,39.40,4.49
250,112,205.61,106.45,2,28.69,9.72
250,112,205.61,106.45,3,39.46,17.77
250,112,205.61,106.45,4,3.34,30.83
250,113,89.96,129.65,0,7.97,11.33
250,113,89.96,129.65,1,39.40,4.49
250,113,89.96,129.65,2,28.69,9.72
250,113,89.96,129.65,3,39.46,17.77
250,113,89.96,129.65,4,3.34,30.83
250,114,172.29,32.83,0,7.97,11.33
250,114,172.29,32.83,1,39.40,4.49
250,114,172.29,32.83,2,28.69,9.72
250,114,172.29,32.83,3,39.46,17.77
250,114,172.29,32.83,4,3.34,30.83
250,115,378.07,203.06,0,7.97,11.33
250,115,378.07,203.06,1,39.40,4.49
250,115,378.07,203.06,2,28.69,9.72
250,115,378.07,203.06,3,39.46,17.77
250,115,378.07,203.06,4,3.34,30.83
250,116,229.91,125.43,0,7.97,11.33
250,116,229.91,125.43,1,39.40,4.49
250,116,229.91,125.43,2,28.69,9.72
250,116,229.91,125.43,3,39.46,17.77
250,116,229.91,125.43,4,3.34,30.83
250,117,358.02,130.86,0,7.97,11.33
250,117,358.02,130.86,1,39.40,4.49
250,117,358.02,130.86,2,28.69,9.72
250,117,358.02,130.86,3,39.46,17.77
250,117,358.02,130.86,4,3.34,30.83
250,118,86.63,189.33,0,7.97,11.33
250,118,86.63,189.33,1,39.40,4.49
250,118,86.63,189.33,2,28.69,9.72
250,118,86.63,189.33,3,39.46,17.77
250,118,86.63,189.33,4,3.34,30.83
250,119,324.36,129.13,0,7.97,11.33
250,119,324.36,129.13,1,39.40,4.49
250,119,324.36,129.13,2,28.69,9.72
250,119,324.36,129.13,3,39.46,17.77
250,119,324.36,129.13,4,3.34,30.83
250,120,179.34,229.85,0,7.97,11.33
250,120,179.34,229.85,1,39.40,4.49
250,120,179.34,229.85,2,28.69,9.72
250,120,179.34,229.85,3,39.46,17.77
250,120,179.34,229.85,4,3.34,30.83
250,121,76.88,121.91,0,7.97,11.33
250,121,76.88,121.91,1,39.40,4.49
250,121,76.88,121.91,2,28.69,9.72
250,121,76.88,121.91,3,39.46,17.77
250,121,76.88,121.91,4,3.34,30.83
250,122,128.97,241.28,0,7.97,11.33
250,122,128.97,241.28,1,39.40,4.49
250,122,128.97,241.28,2,28.69,9.72
250,122,128.97,241.28,3,39.46,17.77
250,122,128.97,241.28,4,3.34,30.83
250,123,150.43,322.60,0,7.97,11.33
250,123,150.43,322.60,1,39.40,4.49
250,123,150.43,322.60,2,28.69,9.72
250,123,150.43,322.60,3,39.46,17.77
250,123,150.43,322.60,4,3.34,30.83
250,124,110.66,49.74,0,7.97,11.33
250,124,110.66,49.74,1,39.40,4.49
250,124,110.66,49.74,2,28.69,9.72
250,124,110.66,49.74,3,39.46,17.77
250,124,110.66,49.74,4,3.34,30.83
250,125,367.64,120.67,0,7.97,11.33
250,125,367.64,120.67,1,39.40,4.49
250,125,367.64,120.67,2,28.69,9.72
250,125,367.64,120.67,3,39.46,17.77
250,125,367.64,120.67,4,3.34,30.83
250,126,46.01,105.33,0,7.97,11.33
250,126,46.01,105.33,1,39.40,4.49
250,126,46.01,105.33,2,28.69,9.72
250,126,46.01,105.33,3,39.46,17.77
250,126,46.01,105.33,4,3.34,30.83
250,127,25.76,354.23,0,7.97,11.33
250,127,25.76,354.23,1,39.40,4.49
250,127,25.76,354.23,2,28.69,9.72
250,127,25.76,354.23,3,39.46,17.77
250,127,25.76,354.23,4,3.34,30.83
250,128,234.43,355.59,0,7.97,11.33
250,128,234.43,355.59,1,39.40,4.49
250,128,234.43,355.59,2,28.69,9.72
250,128,234.43,355.59,3,39.46,17.77
250,128,234.43,355.59,4,3.34,30.83
250,129,308.00,165.64,0,7.97,11.33
250,129,308.00,165.64,1,39.40,4.49
250,129,308.00,165.64,2,28.69,9.72
250,129,308.00,165.64,3,39.46,17.77
250,129,308.00,165.64,4,3.34,30.83
250,131,263.95,93.99,0,7.97,11.33
250,131,263.95,93.99,1,39.40,4.49
250,131,263.95,93.99,2,28.69,9.72
250,131,263.95,93.99,3,39.46,17.77
250,131,263.95,93.99,4,3.34,30.83
250,132,374.96,268.76,0,7.97,11.33
250,132,374.96,268.76,1,39.40,4.49
250,132,374.96,268.76,2,28.69,9.72
250,132,374.96,268.76,3,39.46,17.77
250,132,374.96,268.76,4,3.34,30.83
250,133,36.81,116.44,0,7.97,11.33
250,133,36.81,116.44,1,39.40,4.49
250,133,36.81,116.44,2,28.69,9.72
250,133,36.81,116.44,3,39.46,17.77
250,133,36.81,116.44,4,3.34,30.83
250,134,387.13,32.10,0,7.97,11.33
250,134,387.13,32.10,1,39.40,4.49
250,134,387.13,32.10,2,28.69,9.72
250,134,387.13,32.10,3,39.46,17.77
250,134,387.13,32.10,4,3.34,30.83
250,135,71.81,275.67,0,7.97,11.33
250,135,71.81,275.67,1,39.40,4.49
250,135,71.81,275.67,2,28.69,9.72
250,135,71.81,275.67,3,39.46,17.77
250,135,71.81,275.67,4,3.34,30.83
250,136,381.00,32.17,0,7.97,11.33
250,136,381.00,32.17,1,39.40,4.49
250,136,381.00,32.17,2,28.69,9.72
250,136,381.00,32.17,3,39.46,17.77
250,136,381.00,32.17,4,3.34,30.83
250,137,260.63,84.64,0,7.97,11.33
250,137,260.63,84.64,1,39.40,4.49
250,137,260.63,84.64,2,28.69,9.72
250,137,260.63,84.64,3,39.46,17.77
250,137,260.63,84.64,4,3.34,30.83
250,138,258.71,103.29,0,7.97,11.33
250,138,258.71,103.29,1,39.40,4.49
250,138,258.71,103.29,2,28.69,9.72
250,138,258.71,103.29,3,39.46,17.77
250,138,258.71,103.29,4,3.34,30.83
250,139,368.89,139.42,0,7.97,11.33
250,139,368.89,139.42,1,39.40,4.49
250,139,368.89,139.42,2,28.69,9.72
250,139,368.89,139.42,3,39.46,17.77
250,139,368.89,139.42,4,3.34,30.83
250,140,378.49,14.54,0,7.97,11.33
250,140,378.49,14.54,1,39.40,4.49
250,140,378.49,14.54,2,28.69,9.72
250,140,378.49,14.54,3,39.46,17.77
250,140,378.49,14.54,4,3.34,30.83
250,141,341.73,369.26,0,7.97,11.33
250,141,341.73,369.26,1,39.40,4.49
250,141,341.73,369.26,2,28.69,9.72
250,141,341.73,369.26,3,39.46,17.77
250,141,341.73,369.26,4,3.34,30.83
250,142,251.04,118.17,0,7.97,11.33
250,142,251.04,118.17,1,39.40,4.49
250,142,251.04,118.17,2,28.69,9.72
250,142,251.04,118.17,3,39.46,17.77
250,142,251.04,118.17,4,3.34,30.83
250,143,341.17,338.23,0,7.97,11.33
250,143,341.17,338.23,1,39.40,4.49
250,143,341.17,338.23,2,28.69,9.72
250,143,341.17,338.23,3,39.46,17.77
250,143,341.17,338.23,4,3.34,30.83
250,145,241.94,339.03,0,7.97,11.33
250,145,241.94,339.03,1,39.40,4.49
250,145,241.94,339.03,2,28.69,9.72
250,145,241.94,339.03,3,39.46,17.77
250,145,241.94,339.03,4,3.34,30.83
250,146,102.44,176.17,0,7.97,11.33
250,146,102.44,176.17,1,39.40,4.49
250,146,102.44,176.17,2,28.69,9.72
250,146,102.44,176.17,3,39.46,17.77
250,146,102.44,176.17,4,3.34,30.83
250,147,24.62,291.87,0,7.97,11.33
250,147,24.62,291.87,1,39.40,4.49
250,147,24.62,291.87,2,28.69,9.72
250,147,24.62,291.87,3,39.46,17.77
250,147,24.62,291.87,4,3.34,30.83
250,148,317.90,207.81,0,7.97,11.33
250,148,317.90,207.81,1,39.40,4.49
250,148,317.90,207.81,2,28.69,9.72
250,148,317.90,207.81,3,39.46,17.77
250,148,317.90,207.81,4,3.34,30.83
250,149,360.66,238.86,0,7.97,11.33
250,149,360.66,238.86,1,39.40,4.49
250,149,360.66,238.86,2,28.69,9.72
250,149,360.66,238.86,3,39.46,17.77
250,149,360.66,238.86,4,3.34,30.83
250,150,291.27,140.32,0,7.97,11.33
250,150,291.27,140.32,1,39.40,4.49
250,150,291.27,140.32,2,28.69,9.72
250,150,291.27,140.32,3,39.46,17.77
250,150,291.27,140.32,4,3.34,30.83
250,151,222.22,88.36,0,7.97,11.33
250,151,222.22,88.36,1,39.40,4.49
250,151,222.22,88.36,2,28.69,9.72
250,151,222.22,88.36,3,39.46,17.77
250,151,222.22,88.36,4,3.34,30.83
250,152,46.43,97.12,0,7.97,11.33
250,152,46.43,97.12,1,39.40,4.49
250,152,46.43,97.12,2,28.69,9.72
250,152,46.43,97.12,3,39.46,17.77
250,152,46.43,97.12,4,3.34,30.83
250,153,57.71,134.21,0,7.97,11.33
250,153,57.71,134.21,1,39.40,4.49
250,153,57.71,134.21,2,28.69,9.72
250,153,57.71,134.21,3,39.46,17.77
250,153,57.71,134.21,4,3.34,30.83
250,155,221.89,131.42,0,7.97,11.33
250,155,221.89,131.42,1,39.40,4.49
250,155,221.89,131.42,2,28.69,9.72
250,155,221.89,131.42,3,39.46,17.77
250,155,221.89,131.42,4,3.34,30.83
250,156,363.88,309.77,0,7.97,11.33
250,156,363.88,309.77,1,39.40,4.49
250,156,363.88,309.77,2,28.69,9.72
250,156,363.88,309.77,3,39.46,17.77
250,156,363.88,309.77,4,3.34,30.83
250,157,224.93,94.56,0,7.97,11.33
250,157,224.93,94.56,1,39.40,4.49
250,157,224.93,94.56,2,28.69,9.72
250,157,224.93,94.56,3,39.46,17.77
250,157,224.93,94.56,4,3.34,30.83
250,158,243.76,104.81,0,7.97,11.33
250,158,243.76,104.81,1,39.40,4.49
250,158,243.76,104.81,2,28.69,9.72
250,158,243.76,104.81,3,39.46,17.77
250,158,243.76,104.81,4,3.34,30.83
250,159,368.36,285.12,0,7.97,11.33
250,159,368.36,285.12,1,39.40,4.49
250,159,368.36,285.12,2,28.69,9.72
250,159,368.36,285.12,3,39.46,17.77
250,159,368.36,285.12,4,3.34,30.83
250,160,305.64,390.50,0,7.97,11.33
250,160,305.64,390.50,1,39.40,4.49
250,160,305.64,390.50,2,28.69,9.72
250,160,305.64,390.50,3,39.46,17.77
250,160,305.64,390.50,4,3.34,30.83
250,161,190.21,145.95,0,7.97,11.33
250,161,190.21,145.95,1,39.40,4.49
250,161,190.21,145.95,2,28.69,9.72
250,161,190.21,145.95,3,39.46,17.77
250,161,190.21,145.95,4,3.34,30.83
250,162,284.77,349.03,0,7.97,11.33
250,162,284.77,349.03,1,39.40,4.49
250,162,284.77,349.03,2,28.69,9.72
250,162,284.77,349.03,3,39.46,17.77
250,162,284.77,349.03,4,3.34,30.83
250,163,194.28,138.53,0,7.97,11.33
250,163,194.28,138.53,1,39.40,4.49
250,163,194.28,138.53,2,28.69,9.72
250,163,194.28,138.53,3,39.46,17.77
250,163,194.28,138.53,4,3.34,30.83
250,164,47.64,42.28,0,7.97,11.33
250,164,47.64,42.28,1,39.40,4.49
250,164,47.64,42.28,2,28.69,9.72
250,164,47.64,42.28,3,39.46,17.77
250,164,47.64,42.28,4,3.34,30.83
250,165,90.48,82.09,0,7.97,11.33
250,165,90.48,82.09,1,39.40,4.49
250,165,90.48,82.09,2,28.69,9.72
250,165,90.48,82.09,3,39.46,17.77
250,165,90.48,82.09,4,3.34,30.83
250,166,273.79,377.46,0,7.97,11.33
250,166,273.79,377.46,1,39.40,4.49
250,166,273.79,377.46,2,28.69,9.72
250,166,273.79,377.46,3,39.46,17.77
250,166,273.79,377.46,4,3.34,30.83
250,167,392.57,310.05,0,7.97,11.33
250,167,392.57,310.05,1,39.40,4.49
250,167,392.57,310.05,2,28.69,9.72
250,167,392.57,310.05,3,39.46,17.77
250,167,392.57,310.05,4,3.34,30.83
250,168,199.94,283.34,0,7.97,11.33
250,168,199.94,283.34,1,39.40,4.49
250,168,199.94,283.34,2,28.69,9.72
250,168,199.94,283.34,3,39.46,17.77
250,168,199.94,283.34,4,3.34,30.83
250,169,221.42,76.93,0,7.97,11.33
250,169,221.42,76.93,1,39.40,4.49
250,169,221.42,76.93,2,28.69,9.72
250,169,221.42,76.93,3,39.46,17.77
250,169,221.42,76.93,4,3.34,30.83
250,170,308.81,247.72,0,7.97,11.33
250,170,308.81,247.72,1,39.40,4.49
250,170,308.81,247.72,2,28.69,9.72
250,170,308.81,247.72,3,39.46,17.77
250,170,308.81,247.72,4,3.34,30.83
250,171,66.33,116.32,0,7.97,11.33
250,171,66.33,116.32,1,39.40,4.49
250,171,66.33,116.32,2,28.69,9.72
250,171,66.33,116.32,3,39.46,17.77
250,171,66.33,116.32,4,3.34,30.83
250,172,373.02,185.49,0,7.97,11.33
250,172,373.02,185.49,1,39.40,4.49
250,172,373.02,185.49,2,28.69,9.72
250,172,373.02,185.49,3,39.46,17.77
250,172,373.02,185.49,4,3.34,30.83
250,173,386.70,170.62,0,7.97,11.33
250,173,386.70,170.62,1,39.40,4.49
250,173,386.70,170.62,2,28.69,9.72
250,173,386.70,170.62,3,39.46,17.77
250,173,386.70,170.62,4,3.34,30.83
250,174,169.39,220.63,0,7.97,11.33
250,174,169.39,220.63,1,39.40,4.49
250,174,169.39,220.63,2,28.69,9.72
250,174,169.39,220.63,3,39.46,17.77
250,174,169.39,220.63,4,3.34,30.83
250,176,55.47,190.47,0,7.97,11.33
250,176,55.47,190.47,1,39.40,4.49
250,176,55.47,190.47,2,28.69,9.72
250,176,55.47,190.47,3,39.46,17.77
250,176,55.47,190.47,4,3.34,30.83
250,177,217.49,283.07,0,7.97,11.33
250,177,217.49,283.07,1,39.40,4.49
250,177,217.49,283.07,2,28.69,9.72
250,177,217.49,283.07,3,39.46,17.77
250,177,217.49,283.07,4,3.34,30.83
250,178,233.43,104.19,0,7.97,11.33
250,178,233.43,104.19,1,39.40,4.49
250,178,233.43,104.19,2,28.69,9.72
250,178,233.43,104.19,3,39.46,17.77
250,178,233.43,104.19,4,3.34,30.83
250,179,38.35,318.44,0,7.97,11.33
250,179,38.35,318.44,1,39.40,4.49
250,179,38.35,318.44,2,28.69,9.72
250,179,38.35,318.44,3,39.46,17.77
250,179,38.35,318.44,4,3.34,30.83
250,180,204.24,151.84,0,7.97,11.33
250,180,204.24,151.84,1,39.40,4.49
250,180,204.24,151.84,2,28.69,9.72
250,180,204.24,151.84,3,39.46,17.77
250,180,204.24,151.84,4,3.34,30.83
250,181,26.77,131.52,0,7.97,11.33
250,181,26.77,131.52,1,39.40,4.49
250,181,26.77,131.52,2,28.69,9.72
250,181,26.77,131.52,3,39.46,17.77
250,181,26.77,131.52,4,3.34,30.83
250,183,71.13,129.24,0,7.97,11.33
250,183,71.13,129.24,1,39.40,4.49
250,183,71.13,129.24,2,28.69,9.72
250,183,71.13,129.24,3,39.46,17.77
250,183,71.13,129.24,4,3.34,30.83
250,184,52.36,116.77,0,7.97,11.33
250,184,52.36,116.77,1,39.40,4.49
250,184,52.36,116.77,2,28.69,9.72
250,184,52.36,116.77,3,39.46,17.77
250,184,52.36,116.77,4,3.34,30.83
250,185,65.38,298.38,0,7.97,11.33
250,185,65.38,298.38,1,39.40,4.49
250,185,65.38,298.38,2,28.69,9.72
250,185,65.38,298.38,3,39.46,17.77
250,185,65.38,298.38,4,3.34,30.83
250,186,239.82,104.71,0,7.97,11.33
250,186,239.82,104.71,1,39.40,4.49
250,186,239.82,104.71,2,28.69,9.72
250,186,239.82,104.71,3,39.46,17.77
250,186,239.82,104.71,4,3.34,30.83
250,187,125.40,316.77,0,7.97,11.33
250,187,125.40,316.77,1,39.40,4.49
250,187,125.40,316.77,2,28.69,9.72
250,187,125.40,316.77,3,39.46,17.77
250,187,125.40,316.77,4,3.34,30.83
250,188,255.45,123.25,0,7.97,11.33
250,188,255.45,123.25,1,39.40,4.49
250,188,255.45,123.25,2,28.69,9.72
250,188,255.45,123.25,3,39.46,17.77
250,188,255.45,123.25,4,3.34,30.83
250,189,36.18,298.76,0,7.97,11.33
250,189,36.18,298.76,1,39.40,4.49
250,189,36.18,298.76,2,28.69,9.72
250,189,36.18,298.76,3,39.46,17.77
250,189,36.18,298.76,4,3.34,30.83
250,190,49.90,65.40,0,7.97,11.33
250,190,49.90,65.40,1,39.40,4.49
250,190,49.90,65.40,2,28.69,9.72
250,190,49.90,65.40,3,39.46,17.77
250,190,49.90,65.40,4,3.34,30.83
250,191,48.10,331.44,0,7.97,11.33
250,191,48.10,331.44,1,39.40,4.49
250,191,48.10,331.44,2,28.69,9.72
250,191,48.10,331.44,3,39.46,17.77
250,191,48.10,331.44,4,3.34,30.83
250,192,250.12,90.04,0,7.97,11.33
250,192,250.12,90.04,1,39.40,4.49
250,192,250.12,90.04,2,28.69,9.72
250,192,250.12,90.04,3,39.46,17.77
250,192,250.12,90.04,4,3.34,30.83
250,193,335.72,114.06,0,7.97,11.33
250,193,335.72,114.06,1,39.40,4.49
250,193,335.72,114.06,2,28.69,9.72
250,193,335.72,114.06,3,39.46,17.77
250,193,335.72,114.06,4,3.34,30.83
250,194,48.08,133.36,0,7.97,11.33
250,194,48.08,133.36,1,39.40,4.49
250,194,48.08,133.36,2,28.69,9.72
250,194,48.08,133.36,3,39.46,17.77
250,194,48.08,133.36,4,3.34,30.83
250,195,84.53,347.95,0,7.97,11.33
250,195,84.53,347.95,1,39.40,4.49
250,195,84.53,347.95,2,28.69,9.72
250,195,84.53,347.95,3,39.46,17.77
250,195,84.53,347.95,4,3.34,30.83
250,196,60.55,118.05,0,7.97,11.33
250,196,60.55,118.05,1,39.40,4.49
250,196,60.55,118.05,2,28.69,9.72
250,196,60.55,118.05,3,39.46,17.77
250,196,60.55,118.05,4,3.34,30.83
250,197,386.00,187.33,0,7.97,11.33
250,197,386.00,187.33,1,39.40,4.49
250,197,386.00,187.33,2,28.69,9.72
250,197,386.00,187.33,3,39.46,17.77
250,197,386.00,187.33,4,3.34,30.83
250,198,362.35,170.50,0,7.97,11.33
250,198,362.35,170.50,1,39.40,4.49
250,198,362.35,170.50,2,28.69,9.72
250,198,362.35,170.50,3,39.46,17.77
250,198,362.35,170.50,4,3.34,30.83
250,199,37.67,156.05,0,7.97,11.33
250,199,37.67,156.05,1,39.40,4.49
250,199,37.67,156.05,2,28.69,9.72
250,199,37.67,156.05,3,39.46,17.77
250,199,37.67,156.05,4,3.34,30.83
250,200,25.08,83.62,0,7.97,11.33
250,200,25.08,83.62,1,39.40,4.49
250,200,25.08,83.62,2,28.69,9.72
250,200,25.08,83.62,3,39.46,17.77
250,200,25.08,83.62,4,3.34,30.83
250,201,378.66,165.59,0,7.97,11.33
250,201,378.66,165.59,1,39.40,4.49
250,201,378.66,165.59,2,28.69,9.72
250,201,378.66,165.59,3,39.46,17.77
250,201,378.66,165.59,4,3.34,30.83
250,203,362.59,203.86,0,7.97,11.33
250,203,362.59,203.86,1,39.40,4.49
250,203,362.59,203.86,2,28.69,9.72
250,203,362.59,203.86,3,39.46,17.77
250,203,362.59,203.86,4,3.34,30.83
250,204,35.46,320.66,0,7.97,11.33
250,204,35.46,320.66,1,39.40,4.49
250,204,35.46,320.66,2,28.69,9.72
250,204,35.46,320.66,3,39.46,17.77
250,204,35.46,320.66,4,3.34,30.83
250,206,248.49,110.80,0,7.97,11.33
250,206,248.49,110.80,1,39.40,4.49
250,206,248.49,110.80,2,28.69,9.72
250,206,248.49,110.80,3,39.46,17.77
250,206,248.49,110.80,4,3.34,30.83
250,207,19.64,295.57,0,7.97,11.33
250,207,19.64,295.57,1,39.40,4.49
250,207,19.64,295.57,2,28.69,9.72
250,207,19.64,295.57,3,39.46,17.77
250,207,19.64,295.57,4,3.34,30.83
250,208,46.68,350.56,0,7.97,11.33
250,208,46.68,350.56,1,39.40,4.49
250,208,46.68,350.56,2,28.69,9.72
250,208,46.68,350.56,3,39.46,17.77
250,208,46.68,350.56,4,3.34,30.83
250,210,264.74,107.91,0,7.97,11.33
250,210,264.74,107.91,1,39.40,4.49
250,210,264.74,107.91,2,28.69,9.72
250,210,264.74,107.91,3,39.46,17.77
250,210,264.74,107.91,4,3.34,30.83
250,211,123.04,370.93,0,7.97,11.33
250,211,123.04,370.93,1,39.40,4.49
250,211,123.04,370.93,2,28.69,9.72
250,211,123.04,370.93,3,39.46,17.77
250,211,123.04,370.93,4,3.34,30.83
250,212,386.70,261.53,0,7.97,11.33
250,212,386.70,261.53,1,39.40,4.49
250,212,386.70,261.53,2,28.69,9.72
250,212,386.70,261.53,3,39.46,17.77
250,212,386.70,261.53,4,3.34,30.83
250,213,378.44,260.21,0,7.97,11.33
250,213,378.44,260.21,1,39.40,4.49
250,213,378.44,260.21,2,28.69,9.72
250,213,378.44,260.21,3,39.46,17.77
250,213,378.44,260.21,4,3.34,30.83
250,214,244.09,84.91,0,7.97,11.33
250,214,244.09,84.91,1,39.40,4.49
250,214,244.09,84.91,2,28.69,9.72
250,214,244.09,84.91,3,39.46,17.77
250,214,244.09,84.91,4,3.34,30.83
250,215,253.49,380.40,0,7.97,11.33
250,215,253.49,380.40,1,39.40,4.49
250,215,253.49,380.40,2,28.69,9.72
250,215,253.49,380.40,3,39.46,17.77
250,215,253.49,380.40,4,3.34,30.83
250,216,246.64,390.75,0,7.97,11.33
250,216,246.64,390.75,1,39.40,4.49
250,216,246.64,390.75,2,28.69,9.72
250,216,246.64,390.75,3,39.46,17.77
250,216,246.64,390.75,4,3.34,30.83
250,217,371.10,11.25,0,7.97,11.33
250,217,371.10,11.25,1,39.40,4.49
250,217,371.10,11.25,2,28.69,9.72
250,217,371.10,11.25,3,39.46,17.77
250,217,371.10,11.25,4,3.34,30.83
250,218,279.04,390.77,0,7.97,11.33
250,218,279.04,390.77,1,39.40,4.49
250,218,279.04,390.77,2,28.69,9.72
250,218,279.04,390.77,3,39.46,17.77
250,218,279.04,390.77,4,3.34,30.83
250,219,37.34,109.60,0,7.97,11.33
250,219,37.34,109.60,1,39.40,4.49
250,219,37.34,109.60,2,28.69,9.72
250,219,37.34,109.60,3,39.46,17.77
250,219,37.34,109.60,4,3.34,30.83
250,221,334.69,226.85,0,7.97,11.33
250,221,334.69,226.85,1,39.40,4.49
250,221,334.69,226.85,2,28.69,9.72
250,221,334.69,226.85,3,39.46,17.77
250,221,334.69,226.85,4,3.34,30.83
250,222,27.41,322.03,0,7.97,11.33
250,222,27.41,322.03,1,39.40,4.49
250,222,27.41,322.03,2,28.69,9.72
250,222,27.41,322.03,3,39.46,17.77
250,222,27.41,322.03,4,3.34,30.83
250,223,360.18,185.98,0,7.97,11.33
250,223,360.18,185.98,1,39.40,4.49
250,223,360.18,185.98,2,28.69,9.72
250,223,360.18,185.98,3,39.46,17.77
250,223,360.18,185.98,4,3.34,30.83
250,225,380.00,193.61,0,7.97,11.33
250,225,380.00,193.61,1,39.40,4.49
250,225,380.00,193.61,2,28.69,9.72
250,225,380.00,193.61,3,39.46,17.77
250,225,380.00,193.61,4,3.34,30.83
250,226,294.19,162.62,0,7.97,11.33
250,226,294.19,162.62,1,39.40,4.49
250,226,294.19,162.62,2,28.69,9.72
250,226,294.19,162.62,3,39.46,17.77
250,226,294.19,162.62,4,3.34,30.83
250,227,88.54,328.59,0,7.97,11.33
250,227,88.54,328.59,1,39.40,4.49
250,227,88.54,328.59,2,28.69,9.72
250,227,88.54,328.59,3,39.46,17.77
250,227,88.54,328.59,4,3.34,30.83
250,228,249.79,73.20,0,7.97,11.33
250,228,249.79,73.20,1,39.40,4.49
250,228,249.79,73.20,2,28.69,9.72
250,228,249.79,73.20,3,39.46,17.77
250,228,249.79,73.20,4,3.34,30.83
250,229,176.72,117.02,0,7.97,11.33
250,229,176.72,117.02,1,39.40,4.49
250,229,176.72,117.02,2,28.69,9.72
250,229,176.72,117.02,3,39.46,17.77
250,229,176.72,117.02,4,3.34,30.83
250,230,170.99,47.46,0,7.97,11.33
250,230,170.99,47.46,1,39.40,4.49
250,230,170.99,47.46,2,28.69,9.72
250,230,170.99,47.46,3,39.46,17.77
250,230,170.99,47.46,4,3.34,30.83
250,231,287.87,335.98,0,7.97,11.33
250,231,287.87,335.98,1,39.40,4.49
250,231,287.87,335.98,2,28.69,9.72
250,231,287.87,335.98,3,39.46,17.77
250,231,287.87,335.98,4,3.34,30.83
250,232,358.88,28.95,0,7.97,11.33
250,232,358.88,28.95,1,39.40,4.49
250,232,358.88,28.95,2,28.69,9.72
250,232,358.88,28.95,3,39.46,17.77
250,232,358.88,28.95,4,3.34,30.83
250,233,370.08,240.52,0,7.97,11.33
250,233,370.08,240.52,1,39.40,4.49
250,233,370.08,240.52,2,28.69,9.72
250,233,370.08,240.52,3,39.46,17.77
250,233,370.08,240.52,4,3.34,30.83
250,236,264.29,105.14,0,7.97,11.33
250,236,264.29,105.14,1,39.40,4.49
250,236,264.29,105.14,2,28.69,9.72
250,236,264.29,105.14,3,39.46,17.77
250,236,264.29,105.14,4,3.34,30.83
250,237,193.65,151.80,0,7.97,11.33
250,237,193.65,151.80,1,39.40,4.49
250,237,193.65,151.80,2,28.69,9.72
250,237,193.65,151.80,3,39.46,17.77
250,237,193.65,151.80,4,3.34,30.83
250,238,23.54,304.37,0,7.97,11.33
250,238,23.54,304.37,1,39.40,4.49
250,238,23.54,304.37,2,28.69,9.72
250,238,23.54,304.37,3,39.46,17.77
250,238,23.54,304.37,4,3.34,30.83
250,239,209.45,124.74,0,7.97,11.33
250,239,209.45,124.74,1,39.40,4.49
250,239,209.45,124.74,2,28.69,9.72
250,239,209.45,124.74,3,39.46,17.77
250,239,209.45,124.74,4,3.34,30.83
250,240,139.66,235.73,0,7.97,11.33
250,240,139.66,235.73,1,39.40,4.49
250,240,139.66,235.73,2,28.69,9.72
250,240,139.66,235.73,3,39.46,17.77
250,240,139.66,235.73,4,3.34,30.83
250,241,386.34,193.50,0,7.97,11.33
250,241,386.34,193.50,1,39.40,4.49
250,241,386.34,193.50,2,28.69,9.72
250,241,386.34,193.50,3,39.46,17.77
250,241,386.34,193.50,4,3.34,30.83
250,242,211.59,224.21,0,7.97,11.33
250,242,211.59,224.21,1,39.40,4.49
250,242,211.59,224.21,2,28.69,9.72
250,242,211.59,224.21,3,39.46,17.77
250,242,211.59,224.21,4,3.34,30.83
250,243,31.17,293.65,0,7.97,11.33
250,243,31.17,293.65,1,39.40,4.49
250,243,31.17,293.65,2,28.69,9.72
250,243,31.17,293.65,3,39.46,17.77
250,243,31.17,293.65,4,3.34,30.83
250,244,183.41,327.17,0,7.97,11.33
250,244,183.41,327.17,1,39.40,4.49
250,244,183.41,327.17,2,28.69,9.72
250,244,183.41,327.17,3,39.46,17.77
250,244,183.41,327.17,4,3.34,30.83
250,245,217.63,149.14,0,7.97,11.33
250,245,217.63,149.14,1,39.40,4.49
250,245,217.63,149.14,2,28.69,9.72
250,245,217.63,149.14,3,39.46,17.77
250,245,217.63,149.14,4,3.34,30.83
250,246,342.06,230.32,0,7.97,11.33
250,246,342.06,230.32,1,39.40,4.49
250,246,342.06,230.32,2,28.69,9.72
250,246,342.06,230.32,3,39.46,17.77
250,246,342.06,230.32,4,3.34,30.83
250,247,77.92,114.15,0,7.97,11.33
250,247,77.92,114.15,1,39.40,4.49
250,247,77.92,114.15,2,28.69,9.72
250,247,77.92,114.15,3,39.46,17.77
250,247,77.92,114.15,4,3.34,30.83
250,248,390.05,298.06,0,7.97,11.33
250,248,390.05,298.06,1,39.40,4.49
250,248,390.05,298.06,2,28.69,9.72
250,248,390.05,298.06,3,39.46,17.77
250,248,390.05,298.06,4,3.34,30.83
250,249,361.69,393.20,0,7.97,11.33
250,249,361.69,393.20,1,39.40,4.49
250,249,361.69,393.20,2,28.69,9.72
250,249,361.69,393.20,3,39.46,17.77
250,249,361.69,393.20,4,3.34,30.83
250,250,232.66,299.04,0,7.97,11.33
250,250,232.66,299.04,1,39.40,4.49
250,250,232.66,299.04,2,28.69,9.72
250,250,232.66,299.04,3,39.46,17.77
250,250,232.66,299.04,4,3.34,30.83
250,251,71.68,304.90,0,7.97,11.33
250,251,71.68,304.90,1,39.40,4.49
250,251,71.68,304.90,2,28.69,9.72
250,251,71.68,304.90,3,39.46,17.77
250,251,71.68,304.90,4,3.34,30.83
250,252,16.25,88.82,0,7.97,11.33
250,252,16.25,88.82,1,39.40,4.49
250,252,16.25,88.82,2,28.69,9.72
250,252,16.25,88.82,3,39.46,17.77
250,252,16.25,88.82,4,3.34,30.83
250,253,340.13,184.08,0,7.97,11.33
250,253,340.13,184.08,1,39.40,4.49
250,253,340.13,184.08,2,28.69,9.72
250,253,340.13,184.08,3,39.46,17.77
250,253,340.13,184.08,4,3.34,30.83
250,254,363.09,151.00,0,7.97,11.33
250,254,363.09,151.00,1,39.40,4.49
250,254,363.09,151.00,2,28.69,9.72
250,254,363.09,151.00,3,39.46,17.77
250,254,363.09,151.00,4,3.34,30.83
250,255,24.65,313.67,0,7.97,11.33
250,255,24.65,313.67,1,39.40,4.49
250,255,24.65,313.67,2,28.69,9.72
250,255,24.65,313.67,3,39.46,17.77
250,255,24.65,313.67,4,3.34,30.83
250,256,63.41,105.28,0,7.97,11.33
250,256,63.41,105.28,1,39.40,4.49
250,256,63.41,105.28,2,28.69,9.72
250,256,63.41,105.28,3,39.46,17.77
250,256,63.41,105.28,4,3.34,30.83
250,257,375.96,175.46,0,7.97,11.33
250,257,375.96,175.46,1,39.40,4.49
250,257,375.96,175.46,2,28.69,9.72
250,257,375.96,175.46,3,39.46,17.77
250,257,375.96,175.46,4,3.34,30.83
250,258,374.25,36.83,0,7.97,11.33
250,258,374.25,36.83,1,39.40,4.49
250,258,374.25,36.83,2,28.69,9.72
250,258,374.25,36.83,3,39.46,17.77
250,258,374.25,36.83,4,3.34,30.83
250,259,72.37,108.63,0,7.97,11.33
250,259,72.37,108.63,1,39.40,4.49
250,259,72.37,108.63,2,28.69,9.72
250,259,72.37,108.63,3,39.46,17.77
250,259,72.37,108.63,4,3.34,30.83
250,260,310.89,376.29,0,7.97,11.33
250,260,310.89,376.29,1,39.40,4.49
250,260,310.89,376.29,2,28.69,9.72
250,260,310.89,376.29,3,39.46,17.77
250,260,310.89,376.29,4,3.34,30.83
250,261,57.95,356.31,0,7.97,11.33
250,261,57.95,356.31,1,39.40,4.49
250,261,57.95,356.31,2,28.69,9.72
250,261,57.95,356.31,3,39.46,17.77
250,261,57.95,356.31,4,3.34,30.83
250,262,175.85,94.95,0,7.97,11.33
250,262,175.85,94.95,1,39.40,4.49
250,262,175.85,94.95,2,28.69,9.72
250,262,175.85,94.95,3,39.46,17.77
250,262,175.85,94.95,4,3.34,30.83
250,263,181.01,79.61,0,7.97,11.33
250,263,181.01,79.61,1,39.40,4.49
250,263,181.01,79.61,2,28.69,9.72
250,263,181.01,79.61,3,39.46,17.77
250,263,181.01,79.61,4,3.34,30.83
250,264,42.66,140.68,0,7.97,11.33
250,264,42.66,140.68,1,39.40,4.49
250,264,42.66,140.68,2,28.69,9.72
250,264,42.66,140.68,3,39.46,17.77
250,264,42.66,140.68,4,3.34,30.83
250,265,223.29,319.65,0,7.97,11.33
250,265,223.29,319.65,1,39.40,4.49
250,265,223.29,319.65,2,28.69,9.72
250,265,223.29,319.65,3,39.46,17.77
250,265,223.29,319.65,4,3.34,30.83
250,266,102.82,302.57,0,7.97,11.33
250,266,102.82,302.57,1,39.40,4.49
250,266,102.82,302.57,2,28.69,9.72
250,266,102.82,302.57,3,39.46,17.77
250,266,102.82,302.57,4,3.34,30.83
250,267,190.38,64.58,0,7.97,11.33
250,267,190.38,64.58,1,39.40,4.49
250,267,190.38,64.58,2,28.69,9.72
250,267,190.38,64.58,3,39.46,17.77
250,267,190.38,64.58,4,3.34,30.83
250,268,216.29,103.37,0,7.97,11.33
250,268,216.29,103.37,1,39.40,4.49
250,268,216.29,103.37,2,28.69,9.72
250,268,216.29,103.37,3,39.46,17.77
250,268,216.29,103.37,4,3.34,30.83
250,269,21.71,136.26,0,7.97,11.33
250,269,21.71,136.26,1,39.40,4.49
250,269,21.71,136.26,2,28.69,9.72
250,269,21.71,136.26,3,39.46,17.77
250,269,21.71,136.26,4,3.34,30.83
250,270,44.79,303.21,0,7.97,11.33
250,270,44.79,303.21,1,39.40,4.49
250,270,44.79,303.21,2,28.69,9.72
250,270,44.79,303.21,3,39.46,17.77
250,270,44.79,303.21,4,3.34,30.83
250,271,45.72,123.49,0,7.97,11.33
250,271,45.72,123.49,1,39.40,4.49
250,271,45.72,123.49,2,28.69,9.72
250,271,45.72,123.49,3,39.46,17.77
250,271,45.72,123.49,4,3.34,30.83
250,272,40.59,313.44,0,7.97,11.33
250,272,40.59,313.44,1,39.40,4.49
250,272,40.59,313.44,2,28.69,9.72
250,272,40.59,313.44,3,39.46,17.77
250,272,40.59,313.44,4,3.34,30.83
250,273,22.05,279.26,0,7.97,11.33
250,273,22.05,279.26,1,39.40,4.49
250,273,22.05,279.26,2,28.69,9.72
250,273,22.05,279.26,3,39.46,17.77
250,273,22.05,279.26,4,3.34,30.83
250,274,98.16,11.43,0,7.97,11.33
250,274,98.16,11.43,1,39.40,4.49
250,274,98.16,11.43,2,28.69,9.72
250,274,98.16,11.43,3,39.46,17.77
250,274,98.16,11.43,4,3.34,30.83
250,275,323.85,216.42,0,7.97,11.33
250,275,323.85,216.42,1,39.40,4.49
250,275,323.85,216.42,2,28.69,9.72
250,275,323.85,216.42,3,39.46,17.77
250,275,323.85,216.42,4,3.34,30.83
250,276,323.16,224.32,0,7.97,11.33
250,276,323.16,224.32,1,39.40,4.49
250,276,323.16,224.32,2,28.69,9.72
250,276,323.16,224.32,3,39.46,17.77
250,276,323.16,224.32,4,3.34,30.83
250,277,294.82,181.99,0,7.97,11.33
250,277,294.82,181.99,1,39.40,4.49
250,277,294.82,181.99,2,28.69,9.72
250,277,294.82,181.99,3,39.46,17.77
250,277,294.82,181.99,4,3.34,30.83
250,278,71.40,375.41,0,7.97,11.33
250,278,71.40,375.41,1,39.40,4.49
250,278,71.40,375.41,2,28.69,9.72
250,278,71.40,375.41,3,39.46,17.77
250,278,71.40,375.41,4,3.34,30.83
250,279,234.13,392.91,0,7.97,11.33
250,279,234.13,392.91,1,39.40,4.49
250,279,234.13,392.91,2,28.69,9.72
250,279,234.13,392.91,3,39.46,17.77
250,279,234.13,392.91,4,3.34,30.83
250,281,228.96,64.48,0,7.97,11.33
250,281,228.96,64.48,1,39.40,4.49
250,281,228.96,64.48,2,28.69,9.72
250,281,228.96,64.48,3,39.46,17.77
250,281,228.96,64.48,4,3.34,30.83
250,282,360.92,179.00,0,7.97,11.33
250,282,360.92,179.00,1,39.40,4.49
250,282,360.92,179.00,2,28.69,9.72
250,282,360.92,179.00,3,39.46,17.77
250,282,360.92,179.00,4,3.34,30.83
250,283,339.39,170.48,0,7.97,11.33
250,283,339.39,170.48,1,39.40,4.49
250,283,339.39,170.48,2,28.69,9.72
250,283,339.39,170.48,3,39.46,17.77
250,283,339.39,170.48,4,3.34,30.83
250,284,231.67,96.12,0,7.97,11.33
250,284,231.67,96.12,1,39.40,4.49
250,284,231.67,96.12,2,28.69,9.72
250,284,231.67,96.12,3,39.46,17.77
250,284,231.67,96.12,4,3.34,30.83
250,285,218.92,351.00,0,7.97,11.33
250,285,218.92,351.00,1,39.40,4.49
250,285,218.92,351.00,2,28.69,9.72
250,285,218.92,351.00,3,39.46,17.77
250,285,218.92,351.00,4,3.34,30.83
250,286,246.19,334.42,0,7.97,11.33
250,286,246.19,334.42,1,39.40,4.49
250,286,246.19,334.42,2,28.69,9.72
250,286,246.19,334.42,3,39.46,17.77
250,286,246.19,334.42,4,3.34,30.83
250,288,105.02,6.18,0,7.97,11.33
250,288,105.02,6.18,1,39.40,4.49
250,288,105.02,6.18,2,28.69,9.72
250,288,105.02,6.18,3,39.46,17.77
250,288,105.02,6.18,4,3.34,30.83
250,289,50.38,318.44,0,7.97,11.33
250,289,50.38,318.44,1,39.40,4.49
250,289,50.38,318.44,2,28.69,9.72
250,289,50.38,318.44,3,39.46,17.77
250,289,50.38,318.44,4,3.34,30.83
250,290,317.33,250.35,0,7.97,11.33
250,290,317.33,250.35,1,39.40,4.49
250,290,317.33,250.35,2,28.69,9.72
250,290,317.33,250.35,3,39.46,17.77
250,290,317.33,250.35,4,3.34,30.83
250,291,60.71,57.46,0,7.97,11.33
250,291,60.71,57.46,1,39.40,4.49
250,291,60.71,57.46,2,28.69,9.72
250,291,60.71,57.46,3,39.46,17.77
250,291,60.71,57.46,4,3.34,30.83
250,292,266.03,304.36,0,7.97,11.33
250,292,266.03,304.36,1,39.40,4.49
250,292,266.03,304.36,2,28.69,9.72
250,292,266.03,304.36,3,39.46,17.77
250,292,266.03,304.36,4,3.34,30.83
250,293,238.93,110.64,0,7.97,11.33
250,293,238.93,110.64,1,39.40,4.49
250,293,238.93,110.64,2,28.69,9.72
250,293,238.93,110.64,3,39.46,17.77
250,293,238.93,110.64,4,3.34,30.83
250,294,76.47,345.53,0,7.97,11.33
250,294,76.47,345.53,1,39.40,4.49
250,294,76.47,345.53,2,28.69,9.72
250,294,76.47,345.53,3,39.46,17.77
250,294,76.47,345.53,4,3.34,30.83
250,296,370.38,26.25,0,7.97,11.33
250,296,370.38,26.25,1,39.40,4.49
250,296,370.38,26.25,2,28.69,9.72
250,296,370.38,26.25,3,39.46,17.77
250,296,370.38,26.25,4,3.34,30.83
250,297,381.12,154.55,0,7.97,11.33
250,297,381.12,154.55,1,39.40,4.49
250,297,381.12,154.55,2,28.69,9.72
250,297,381.12,154.55,3,39.46,17.77
250,297,381.12,154.55,4,3.34,30.83
250,298,369.20,31.12,0,7.97,11.33
250,298,369.20,31.12,1,39.40,4.49
250,298,369.20,31.12,2,28.69,9.72
250,298,369.20,31.12,3,39.46,17.77
250,298,369.20,31.12,4,3.34,30.83
250,299,66.60,127.40,0,7.97,11.33
250,299,66.60,127.40,1,39.40,4.49
250,299,66.60,127.40,2,28.69,9.72
250,299,66.60,127.40,3,39.46,17.77
250,299,66.60,127.40,4,3.34,30.83
250,300,213.77,342.59,0,7.97,11.33
250,300,213.77,342.59,1,39.40,4.49
250,300,213.77,342.59,2,28.69,9.72
250,300,213.77,342.59,3,39.46,17.77
250,300,213.77,342.59,4,3.34,30.83
260,2,60.85,103.20,0,8.47,11.23
260,2,60.85,103.20,1,39.58,4.53
260,2,60.85,103.20,2,28.76,9.69
260,2,60.85,103.20,3,39.29,17.98
260,2,60.85,103.20,4,3.34,30.83
260,3,192.30,277.69,0,8.47,11.23
260,3,192.30,277.69,1,39.58,4.53
260,3,192.30,277.69,2,28.76,9.69
260,3,192.30,277.69,3,39.29,17.98
260,3,192.30,277.69,4,3.34,30.83
260,5,25.13,318.13,0,8.47,11.23
260,5,25.13,318.13,1,39.58,4.53
260,5,25.13,318.13,2,28.76,9.69
260,5,25.13,318.13,3,39.29,17.98
260,5,25.13,318.13,4,3.34,30.83
260,6,59.16,297.78,0,8.47,11.23
260,6,59.16,297.78,1,39.58,4.53
260,6,59.16,297.78,2,28.76,9.69
260,6,59.16,297.78,3,39.29,17.98
260,6,59.16,297.78,4,3.34,30.83
260,7,76.00,115.70,0,8.47,11.23
260,7,76.00,115.70,1,39.58,4.53
260,7,76.00,115.70,2,28.76,9.69
260,7,76.00,115.70,3,39.29,17.98
260,7,76.00,115.70,4,3.34,30.83
260,8,114.39,373.51,0,8.47,11.23
260,8,114.39,373.51,1,39.58,4.53
260,8,114.39,373.51,2,28.76,9.69
260,8,114.39,373.51,3,39.29,17.98
260,8,114.39,373.51,4,3.34,30.83
260,9,295.83,196.82,0,8.47,11.23
260,9,295.83,196.82,1,39.58,4.53
260,9,295.83,196.82,2,28.76,9.69
260,9,295.83,196.82,3,39.29,17.98
260,9,295.83,196.82,4,3.34,30.83
260,11,187.79,110.88,0,8.47,11.23
260,11,187.79,110.88,1,39.58,4.53
260,11,187.79,110.88,2,28.76,9.69
260,11,187.79,110.88,3,39.29,17.98
260,11,187.79,110.88,4,3.34,30.83
260,12,251.33,98.11,0,8.47,11.23
260,12,251.33,98.11,1,39.58,4.53
260,12,251.33,98.11,2,28.76,9.69
260,12,251.33,98.11,3,39.29,17.98
260,12,251.33,98.11,4,3.34,30.83
260,13,158.59,90.21,0,8.47,11.23
260,13,158.59,90.21,1,39.58,4.53
260,13,158.59,90.21,2,28.76,9.69
260,13,158.59,90.21,3,39.29,17.98
260,13,158.59,90.21,4,3.34,30.83
260,14,17.32,343.75,0,8.47,11.23
260,14,17.32,343.75,1,39.58,4.53
260,14,17.32,343.75,2,28.76,9.69
260,14,17.32,343.75,3,39.29,17.98
260,14,17.32,343.75,4,3.34,30.83
260,15,14.32,325.91,0,8.47,11.23
260,15,14.32,325.91,1,39.58,4.53
260,15,14.32,325.91,2,28.76,9.69
260,15,14.32,325.91,3,39.29,17.98
260,15,14.32,325.91,4,3.34,30.83
260,16,342.90,258.35,0,8.47,11.23
260,16,342.90,258.35,1,39.58,4.53
260,16,342.90,258.35,2,28.76,9.69
260,16,342.90,258.35,3,39.29,17.98
260,16,342.90,258.35,4,3.34,30.83
260,17,390.00,182.50,0,8.47,11.23
260,17,390.00,182.50,1,39.58,4.53
260,17,390.00,182.50,2,28.76,9.69
260,17,390.00,182.50,3,39.29,17.98
260,17,390.00,182.50,4,3.34,30.83
260,18,173.46,341.43,0,8.47,11.23
260,18,173.46,341.43,1,39.58,4.53
260,18,173.46,341.43,2,28.76,9.69
260,18,173.46,341.43,3,39.29,17.98
260,18,173.46,341.43,4,3.34,30.83
260,19,52.26,323.43,0,8.47,11.23
260,19,52.26,323.43,1,39.58,4.53
260,19,52.26,323.43,2,28.76,9.69
260,19,52.26,323.43,3,39.29,17.98
260,19,52.26,323.43,4,3.34,30.83
260,20,225.07,390.06,0,8.47,11.23
260,20,225.07,390.06,1,39.58,4.53
260,20,225.07,390.06,2,28.76,9.69
260,20,225.07,390.06,3,39.29,17.98
260,20,225.07,390.06,4,3.34,30.83
260,21,388.24,154.65,0,8.47,11.23
260,21,388.24,154.65,1,39.58,4.53
260,21,388.24,154.65,2,28.76,9.69
260,21,388.24,154.65,3,39.29,17.98
260,21,388.24,154.65,4,3.34,30.83
260,22,292.65,369.29,0,8.47,11.23
260,22,292.65,369.29,1,39.58,4.53
260,22,292.65,369.29,2,28.76,9.69
260,22,292.65,369.29,3,39.29,17.98
260,22,292.65,369.29,4,3.34,30.83
260,23,360.54,225.69,0,8.47,11.23
260,23,360.54,225.69,1,39.58,4.53
260,23,360.54,225.69,2,28.76,9.69
260,23,360.54,225.69,3,39.29,17.98
260,23,360.54,225.69,4,3.34,30.83
260,24,149.87,87.87,0,8.47,11.23
260,24,149.87,87.87,1,39.58,4.53
260,24,149.87,87.87,2,28.76,9.69
260,24,149.87,87.87,3,39.29,17.98
260,24,149.87,87.87,4,3.34,30.83
260,25,52.12,330.74,0,8.47,11.23
260,25,52.12,330.74,1,39.58,4.53
260,25,52.12,330.74,2,28.76,9.69
260,25,52.12,330.74,3,39.29,17.98
260,25,52.12,330.74,4,3.34,30.83
260,26,293.50,42.50,0,8.47,11.23
260,26,293.50,42.50,1,39.58,4.53
260,26,293.50,42.50,2,28.76,9.69
260,26,293.50,42.50,3,39.29,17.98
260,26,293.50,42.50,4,3.34,30.83
260,27,253.00,103.29,0,8.47,11.23
260,27,253.00,103.29,1,39.58,4.53
260,27,253.00,103.29,2,28.76,9.69
260,27,253.00,103.29,3,39.29,17.98
260,27,253.00,103.29,4,3.34,30.83
260,28,386.89,346.14,0,8.47,11.23
260,28,386.89,346.14,1,39.58,4.53
260,28,386.89,346.14,2,28.76,9.69
260,28,386.89,346.14,3,39.29,17.98
260,28,386.89,346.14,4,3.34,30.83
260,29,127.22,275.98,0,8.47,11.23
260,29,127.22,275.98,1,39.58,4.53
260,29,127.22,275.98,2,28.76,9.69
260,29,127.22,275.98,3,39.29,17.98
260,29,127.22,275.98,4,3.34,30.83
260,31,224.13,66.54,0,8.47,11.23
260,31,224.13,66.54,1,39.58,4.53
260,31,224.13,66.54,2,28.76,9.69
260,31,224.13,66.54,3,39.29,17.98
260,31,224.13,66.54,4,3.34,30.83
260,32,254.46,99.31,0,8.47,11.23
260,32,254.46,99.31,1,39.58,4.53
260,32,254.46,99.31,2,28.76,9.69
260,32,254.46,99.31,3,39.29,17.98
260,32,254.46,99.31,4,3.34,30.83
260,33,36.10,304.77,0,8.47,11.23
260,33,36.10,304.77,1,39.58,4.53
260,33,36.10,304.77,2,28.76,9.69
260,33,36.10,304.77,3,39.29,17.98
260,33,36.10,304.77,4,3.34,30.83
260,34,225.19,110.32,0,8.47,11.23
260,34,225.19,110.32,1,39.58,4.53
260,34,225.19,110.32,2,28.76,9.69
260,34,225.19,110.32,3,39.29,17.98
260,34,225.19,110.32,4,3.34,30.83
260,35,353.16,196.47,0,8.47,11.23
260,35,353.16,196.47,1,39.58,4.53
260,35,353.16,196.47,2,28.76,9.69
260,35,353.16,196.47,3,39.29,17.98
260,35,353.16,196.47,4,3.34,30.83
260,36,67.80,325.10,0,8.47,11.23
260,36,67.80,325.10,1,39.58,4.53
260,36,67.80,325.10,2,28.76,9.69
260,36,67.80,325.10,3,39.29,17.98
260,36,67.80,325.10,4,3.34,30.83
260,37,329.14,252.68,0,8.47,11.23
260,37,329.14,252.68,1,39.58,4.53
260,37,329.14,252.68,2,28.76,9.69
260,37,329.14,252.68,3,39.29,17.98
260,37,329.14,252.68,4,3.34,30.83
260,38,110.60,233.43,0,8.47,11.23
260,38,110.60,233.43,1,39.58,4.53
260,38,110.60,233.43,2,28.76,9.69
260,38,110.60,233.43,3,39.29,17.98
260,38,110.60,233.43,4,3.34,30.83
260,39,95.57,177.68,0,8.47,11.23
260,39,95.57,177.68,1,39.58,4.53
260,39,95.57,177.68,2,28.76,9.69
260,39,95.57,177.68,3,39.29,17.98
260,39,95.57,177.68,4,3.34,30.83
260,40,272.85,106.44,0,8.47,11.23
260,40,272.85,106.44,1,39.58,4.53
260,40,272.85,106.44,2,28.76,9.69
260,40,272.85,106.44,3,39.29,17.98
260,40,272.85,106.44,4,3.34,30.83
260,41,264.55,289.08,0,8.47,11.23
260,41,264.55,289.08,1,39.58,4.53
260,41,264.55,289.08,2,28.76,9.69
260,41,264.55,289.08,3,39.29,17.98
260,41,264.55,289.08,4,3.34,30.83
260,42,369.27,206.98,0,8.47,11.23
260,42,369.27,206.98,1,39.58,4.53
260,42,369.27,206.98,2,28.76,9.69
260,42,369.27,206.98,3,39.29,17.98
260,42,369.27,206.98,4,3.34,30.83
260,43,243.64,90.96,0,8.47,11.23
260,43,243.64,90.96,1,39.58,4.53
260,43,243.64,90.96,2,28.76,9.69
260,43,243.64,90.96,3,39.29,17.98
260,43,243.64,90.96,4,3.34,30.83
260,46,52.56,338.88,0,8.47,11.23
260,46,52.56,338.88,1,39.58,4.53
260,46,52.56,338.88,2,28.76,9.69
260,46,52.56,338.88,3,39.29,17.98
260,46,52.56,338.88,4,3.34,30.83
260,48,377.56,184.73,0,8.47,11.23
260,48,377.56,184.73,1,39.58,4.53
260,48,377.56,184.73,2,28.76,9.69
260,48,377.56,184.73,3,39.29,17.98
260,48,377.56,184.73,4,3.34,30.83
260,49,229.84,115.62,0,8.47,11.23
260,49,229.84,115.62,1,39.58,4.53
260,49,229.84,115.62,2,28.76,9.69
260,49,229.84,115.62,3,39.29,17.98
260,49,229.84,115.62,4,3.34,30.83
260,50,323.68,303.08,0,8.47,11.23
260,50,323.68,303.08,1,39.58,4.53
260,50,323.68,303.08,2,28.76,9.69
260,50,323.68,303.08,3,39.29,17.98
260,50,323.68,303.08,4,3.34,30.83
260,51,25.64,327.58,0,8.47,11.23
260,51,25.64,327.58,1,39.58,4.53
260,51,25.64,327.58,2,28.76,9.69
260,51,25.64,327.58,3,39.29,17.98
260,51,25.64,327.58,4,3.34,30.83
260,52,251.00,98.00,0,8.47,11.23
260,52,251.00,98.00,1,39.58,4.53
260,52,251.00,98.00,2,28.76,9.69
260,52,251.00,98.00,3,39.29,17.98
260,52,251.00,98.00,4,3.34,30.83
260,53,304.22,221.85,0,8.47,11.23
260,53,304.22,221.85,1,39.58,4.53
260,53,304.22,221.85,2,28.76,9.69
260,53,304.22,221.85,3,39.29,17.98
260,53,304.22,221.85,4,3.34,30.83
260,54,359.10,24.16,0,8.47,11.23
260,54,359.10,24.16,1,39.58,4.53
260,54,359.10,24.16,2,28.76,9.69
260,54,359.10,24.16,3,39.29,17.98
260,54,359.10,24.16,4,3.34,30.83
260,55,305.80,231.97,0,8.47,11.23
260,55,305.80,231.97,1,39.58,4.53
260,55,305.80,231.97,2,28.76,9.69
260,55,305.80,231.97,3,39.29,17.98
260,55,305.80,231.97,4,3.34,30.83
260,56,351.50,179.35,0,8.47,11.23
260,56,351.50,179.35,1,39.58,4.53
260,56,351.50,179.35,2,28.76,9.69
260,56,351.50,179.35,3,39.29,17.98
260,56,351.50,179.35,4,3.34,30.83
260,57,80.76,163.68,0,8.47,11.23
260,57,80.76,163.68,1,39.58,4.53
260,57,80.76,163.68,2,28.76,9.69
260,57,80.76,163.68,3,39.29,17.98
260,57,80.76,163.68,4,3.34,30.83
260,58,387.18,182.64,0,8.47,11.23
260,58,387.18,182.64,1,39.58,4.53
260,58,387.18,182.64,2,28.76,9.69
260,58,387.18,182.64,3,39.29,17.98
260,58,387.18,182.64,4,3.34,30.83
260,60,179.55,286.70,0,8.47,11.23
260,60,179.55,286.70,1,39.58,4.53
260,60,179.55,286.70,2,28.76,9.69
260,60,179.55,286.70,3,39.29,17.98
260,60,179.55,286.70,4,3.34,30.83
260,61,61.08,135.67,0,8.47,11.23
260,61,61.08,135.67,1,39.58,4.53
260,61,61.08,135.67,2,28.76,9.69
260,61,61.08,135.67,3,39.29,17.98
260,61,61.08,135.67,4,3.34,30.83
260,62,33.39,352.49,0,8.47,11.23
260,62,33.39,352.49,1,39.58,4.53
260,62,33.39,352.49,2,28.76,9.69
260,62,33.39,352.49,3,39.29,17.98
260,62,33.39,352.49,4,3.34,30.83
260,63,86.09,156.66,0,8.47,11.23
260,63,86.09,156.66,1,39.58,4.53
260,63,86.09,156.66,2,28.76,9.69
260,63,86.09,156.66,3,39.29,17.98
260,63,86.09,156.66,4,3.34,30.83
260,64,382.47,29.05,0,8.47,11.23
260,64,382.47,29.05,1,39.58,4.53
260,64,382.47,29.05,2,28.76,9.69
260,64,382.47,29.05,3,39.29,17.98
260,64,382.47,29.05,4,3.34,30.83
260,65,351.95,237.83,0,8.47,11.23
260,65,351.95,237.83,1,39.58,4.53
260,65,351.95,237.83,2,28.76,9.69
260,65,351.95,237.83,3,39.29,17.98
260,65,351.95,237.83,4,3.34,30.83
260,66,76.82,363.50,0,8.47,11.23
260,66,76.82,363.50,1,39.58,4.53
260,66,76.82,363.50,2,28.76,9.69
260,66,76.82,363.50,3,39.29,17.98
260,66,76.82,363.50,4,3.34,30.83
260,67,47.96,190.69,0,8.47,11.23
260,67,47.96,190.69,1,39.58,4.53
260,67,47.96,190.69,2,28.76,9.69
260,67,47.96,190.69,3,39.29,17.98
260,67,47.96,190.69,4,3.34,30.83
260,68,216.93,327.50,0,8.47,11.23
260,68,216.93,327.50,1,39.58,4.53
260,68,216.93,327.50,2,28.76,9.69
260,68,216.93,327.50,3,39.29,17.98
260,68,216.93,327.50,4,3.34,30.83
260,69,386.17,340.40,0,8.47,11.23
260,69,386.17,340.40,1,39.58,4.53
260,69,386.17,340.40,2,28.76,9.69
260,69,386.17,340.40,3,39.29,17.98
260,69,386.17,340.40,4,3.34,30.83
260,70,250.25,103.16,0,8.47,11.23
260,70,250.25,103.16,1,39.58,4.53
260,70,250.25,103.16,2,28.76,9.69
260,70,250.25,103.16,3,39.29,17.98
260,70,250.25,103.16,4,3.34,30.83
260,71,32.97,339.78,0,8.47,11.23
260,71,32.97,339.78,1,39.58,4.53
260,71,32.97,339.78,2,28.76,9.69
260,71,32.97,339.78,3,39.29,17.98
260,71,32.97,339.78,4,3.34,30.83
260,72,21.57,347.95,0,8.47,11.23
260,72,21.57,347.95,1,39.58,4.53
260,72,21.57,347.95,2,28.76,9.69
260,72,21.57,347.95,3,39.29,17.98
260,72,21.57,347.95,4,3.34,30.83
260,73,382.69,176.10,0,8.47,11.23
260,73,382.69,176.10,1,39.58,4.53
260,73,382.69,176.10,2,28.76,9.69
260,73,382.69,176.10,3,39.29,17.98
260,73,382.69,176.10,4,3.34,30.83
260,74,241.72,87.35,0,8.47,11.23
260,74,241.72,87.35,1,39.58,4.53
260,74,241.72,87.35,2,28.76,9.69
260,74,241.72,87.35,3,39.29,17.98
260,74,241.72,87.35,4,3.34,30.83
260,75,224.90,99.55,0,8.47,11.23
260,75,224.90,99.55,1,39.58,4.53
260,75,224.90,99.55,2,28.76,9.69
260,75,224.90,99.55,3,39.29,17.98
260,75,224.90,99.55,4,3.34,30.83
260,76,376.66,154.10,0,8.47,11.23
260,76,376.66,154.10,1,39.58,4.53
260,76,376.66,154.10,2,28.76,9.69
260,76,376.66,154.10,3,39.29,17.98
260,76,376.66,154.10,4,3.34,30.83
260,77,69.41,137.02,0,8.47,11.23
260,77,69.41,137.02,1,39.58,4.53
260,77,69.41,137.02,2,28.76,9.69
260,77,69.41,137.02,3,39.29,17.98
260,77,69.41,137.02,4,3.34,30.83
260,78,203.18,379.13,0,8.47,11.23
260,78,203.18,379.13,1,39.58,4.53
260,78,203.18,379.13,2,28.76,9.69
260,78,203.18,379.13,3,39.29,17.98
260,78,203.18,379.13,4,3.34,30.83
260,79,374.20,193.22,0,8.47,11.23
260,79,374.20,193.22,1,39.58,4.53
260,79,374.20,193.22,2,28.76,9.69
260,79,374.20,193.22,3,39.29,17.98
260,79,374.20,193.22,4,3.34,30.83
260,81,249.21,362.06,0,8.47,11.23
260,81,249.21,362.06,1,39.58,4.53
260,81,249.21,362.06,2,28.76,9.69
260,81,249.21,362.06,3,39.29,17.98
260,81,249.21,362.06,4,3.34,30.83
260,82,338.32,137.64,0,8.47,11.23
260,82,338.32,137.64,1,39.58,4.53
260,82,338.32,137.64,2,28.76,9.69
260,82,338.32,137.64,3,39.29,17.98
260,82,338.32,137.64,4,3.34,30.83
260,83,194.09,51.61,0,8.47,11.23
260,83,194.09,51.61,1,39.58,4.53
260,83,194.09,51.61,2,28.76,9.69
260,83,194.09,51.61,3,39.29,17.98
260,83,194.09,51.61,4,3.34,30.83
260,84,207.47,295.89,0,8.47,11.23
260,84,207.47,295.89,1,39.58,4.53
260,84,207.47,295.89,2,28.76,9.69
260,84,207.47,295.89,3,39.29,17.98
260,84,207.47,295.89,4,3.34,30.83
260,85,369.23,153.51,0,8.47,11.23
260,85,369.23,153.51,1,39.58,4.53
260,85,369.23,153.51,2,28.76,9.69
260,85,369.23,153.51,3,39.29,17.98
260,85,369.23,153.51,4,3.34,30.83
260,86,59.72,125.44,0,8.47,11.23
260,86,59.72,125.44,1,39.58,4.53
260,86,59.72,125.44,2,28.76,9.69
260,86,59.72,125.44,3,39.29,17.98
260,86,59.72,125.44,4,3.34,30.83
260,87,387.79,22.23,0,8.47,11.23
260,87,387.79,22.23,1,39.58,4.53
260,87,387.79,22.23,2,28.76,9.69
260,87,387.79,22.23,3,39.29,17.98
260,87,387.79,22.23,4,3.34,30.83
260,88,171.75,299.04,0,8.47,11.23
260,88,171.75,299.04,1,39.58,4.53
260,88,171.75,299.04,2,28.76,9.69
260,88,171.75,299.04,3,39.29,17.98
260,88,171.75,299.04,4,3.34,30.83
260,89,303.22,71.85,0,8.47,11.23
260,89,303.22,71.85,1,39.58,4.53
260,89,303.22,71.85,2,28.76,9.69
260,89,303.22,71.85,3,39.29,17.98
260,89,303.22,71.85,4,3.34,30.83
260,90,214.31,67.90,0,8.47,11.23
260,90,214.31,67.90,1,39.58,4.53
260,90,214.31,67.90,2,28.76,9.69
260,90,214.31,67.90,3,39.29,17.98
260,90,214.31,67.90,4,3.34,30.83
260,92,276.37,102.36,0,8.47,11.23
260,92,276.37,102.36,1,39.58,4.53
260,92,276.37,102.36,2,28.76,9.69
260,92,276.37,102.36,3,39.29,17.98
260,92,276.37,102.36,4,3.34,30.83
260,93,260.28,89.95,0,8.47,11.23
260,93,260.28,89.95,1,39.58,4.53
260,93,260.28,89.95,2,28.76,9.69
260,93,260.28,89.95,3,39.29,17.98
260,93,260.28,89.95,4,3.34,30.83
260,94,17.59,331.02,0,8.47,11.23
260,94,17.59,331.02,1,39.58,4.53
260,94,17.59,331.02,2,28.76,9.69
260,94,17.59,331.02,3,39.29,17.98
260,94,17.59,331.02,4,3.34,30.83
260,95,358.22,172.97,0,8.47,11.23
260,95,358.22,172.97,1,39.58,4.53
260,95,358.22,172.97,2,28.76,9.69
260,95,358.22,172.97,3,39.29,17.98
260,95,358.22,172.97,4,3.34,30.83
260,96,76.10,156.24,0,8.47,11.23
260,96,76.10,156.24,1,39.58,4.53
260,96,76.10,156.24,2,28.76,9.69
260,96,76.10,156.24,3,39.29,17.98
260,96,76.10,156.24,4,3.34,30.83
260,97,259.77,143.08,0,8.47,11.23
260,97,259.77,143.08,1,39.58,4.53
260,97,259.77,143.08,2,28.76,9.69
260,97,259.77,143.08,3,39.29,17.98
260,97,259.77,143.08,4,3.34,30.83
260,98,360.38,17.93,0,8.47,11.23
260,98,360.38,17.93,1,39.58,4.53
260,98,360.38,17.93,2,28.76,9.69
260,98,360.38,17.93,3,39.29,17.98
260,98,360.38,17.93,4,3.34,30.83
260,102,58.16,152.10,0,8.47,11.23
260,102,58.16,152.10,1,39.58,4.53
260,102,58.16,152.10,2,28.76,9.69
260,102,58.16,152.10,3,39.29,17.98
260,102,58.16,152.10,4,3.34,30.83
260,103,89.58,368.12,0,8.47,11.23
260,103,89.58,368.12,1,39.58,4.53
260,103,89.58,368.12,2,28.76,9.69
260,103,89.58,368.12,3,39.29,17.98
260,103,89.58,368.12,4,3.34,30.83
260,104,368.81,19.18,0,8.47,11.23
260,104,368.81,19.18,1,39.58,4.53
260,104,368.81,19.18,2,28.76,9.69
260,104,368.81,19.18,3,39.29,17.98
260,104,368.81,19.18,4,3.34,30.83
260,105,34.01,332.46,0,8.47,11.23
260,105,34.01,332.46,1,39.58,4.53
260,105,34.01,332.46,2,28.76,9.69
260,105,34.01,332.46,3,39.29,17.98
260,105,34.01,332.46,4,3.34,30.83
260,106,47.09,281.69,0,8.47,11.23
260,106,47.09,281.69,1,39.58,4.53
260,106,47.09,281.69,2,28.76,9.69
260,106,47.09,281.69,3,39.29,17.98
260,106,47.09,281.69,4,3.34,30.83
260,107,267.05,113.51,0,8.47,11.23
260,107,267.05,113.51,1,39.58,4.53
260,107,267.05,113.51,2,28.76,9.69
260,107,267.05,113.51,3,39.29,17.98
260,107,267.05,113.51,4,3.34,30.83
260,108,20.17,78.22,0,8.47,11.23
260,108,20.17,78.22,1,39.58,4.53
260,108,20.17,78.22,2,28.76,9.69
260,108,20.17,78.22,3,39.29,17.98
260,108,20.17,78.22,4,3.34,30.83
260,109,47.65,311.35,0,8.47,11.23
260,109,47.65,311.35,1,39.58,4.53
260,109,47.65,311.35,2,28.76,9.69
260,109,47.65,311.35,3,39.29,17.98
260,109,47.65,311.35,4,3.34,30.83
260,110,99.10,330.06,0,8.47,11.23
260,110,99.10,330.06,1,39.58,4.53
260,110,99.10,330.06,2,28.76,9.69
260,110,99.10,330.06,3,39.29,17.98
260,110,99.10,330.06,4,3.34,30.83
260,111,385.41,32.39,0,8.47,11.23
260,111,385.41,32.39,1,39.58,4.53
260,111,385.41,32.39,2,28.76,9.69
260,111,385.41,32.39,3,39.29,17.98
260,111,385.41,32.39,4,3.34,30.83
260,112,208.91,106.59,0,8.47,11.23
260,112,208.91,106.59,1,39.58,4.53
260,112,208.91,106.59,2,28.76,9.69
260,112,208.91,106.59,3,39.29,17.98
260,112,208.91,106.59,4,3.34,30.83
260,113,89.08,127.36,0,8.47,11.23
260,113,89.08,127.36,1,39.58,4.53
260,113,89.08,127.36,2,28.76,9.69
260,113,89.08,127.36,3,39.29,17.98
260,113,89.08,127.36,4,3.34,30.83
260,114,174.80,35.36,0,8.47,11.23
260,114,174.80,35.36,1,39.58,4.53
260,114,174.80,35.36,2,28.76,9.69
260,114,174.80,35.36,3,39.29,17.98
260,114,174.80,35.36,4,3.34,30.83
260,115,378.99,201.90,0,8.47,11.23
260,115,378.99,201.90,1,39.58,4.53
260,115,378.99,201.90,2,28.76,9.69
260,115,378.99,201.90,3,39.29,17.98
260,115,378.99,201.90,4,3.34,30.83
260,116,232.66,124.42,0,8.47,11.23
260,116,232.66,124.42,1,39.58,4.53
260,116,232.66,124.42,2,28.76,9.69
260,116,232.66,124.42,3,39.29,17.98
260,116,232.66,124.42,4,3.34,30.83
260,117,359.43,133.13,0,8.47,11.23
260,117,359.43,133.13,1,39.58,4.53
260,117,359.43,133.13,2,28.76,9.69
260,117,359.43,133.13,3,39.29,17.98
260,117,359.43,133.13,4,3.34,30.83
260,118,85.61,186.47,0,8.47,11.23
260,118,85.61,186.47,1,39.58,4.53
260,118,85.61,186.47,2,28.76,9.69
260,118,85.61,186.47,3,39.29,17.98
260,118,85.61,186.47,4,3.34,30.83
260,119,322.29,127.55,0,8.47,11.23
260,119,322.29,127.55,1,39.58,4.53
260,119,322.29,127.55,2,28.76,9.69
260,119,322.29,127.55,3,39.29,17.98
260,119,322.29,127.55,4,3.34,30.83
260,120,177.49,229.83,0,8.47,11.23
260,120,177.49,229.83,1,39.58,4.53
260,120,177.49,229.83,2,28.76,9.69
260,120,177.49,229.83,3,39.29,17.98
260,120,177.49,229.83,4,3.34,30.83
260,121,77.68,120.73,0,8.47,11.23
260,121,77.68,120.73,1,39.58,4.53
260,121,77.68,120.73,2,28.76,9.69
260,121,77.68,120.73,3,39.29,17.98
260,121,77.68,120.73,4,3.34,30.83
260,122,127.23,243.25,0,8.47,11.23
260,122,127.23,243.25,1,39.58,4.53
260,122,127.23,243.25,2,28.76,9.69
260,122,127.23,243.25,3,39.29,17.98
260,122,127.23,243.25,4,3.34,30.83
260,123,147.51,321.47,0,8.47,11.23
260,123,147.51,321.47,1,39.58,4.53
260,123,147.51,321.47,2,28.76,9.69
260,123,147.51,321.47,3,39.29,17.98
260,123,147.51,321.47,4,3.34,30.83
260,124,110.47,51.82,0,8.47,11.23
260,124,110.47,51.82,1,39.58,4.53
260,124,110.47,51.82,2,28.76,9.69
260,124,110.47,51.82,3,39.29,17.98
260,124,110.47,51.82,4,3.34,30.83
260,125,368.63,123.05,0,8.47,11.23
260,125,368.63,123.05,1,39.58,4.53
260,125,368.63,123.05,2,28.76,9.69
260,125,368.63,123.05,3,39.29,17.98
260,125,368.63,123.05,4,3.34,30.83
260,126,49.11,104.52,0,8.47,11.23
260,126,49.11,104.52,1,39.58,4.53
260,126,49.11,104.52,2,28.76,9.69
260,126,49.11,104.52,3,39.29,17.98
260,126,49.11,104.52,4,3.34,30.83
260,127,26.57,352.60,0,8.47,11.23
260,127,26.57,352.60,1,39.58,4.53
260,127,26.57,352.60,2,28.76,9.69
260,127,26.57,352.60,3,39.29,17.98
260,127,26.57,352.60,4,3.34,30.83
260,128,235.43,355.08,0,8.47,11.23
260,128,235.43,355.08,1,39.58,4.53
260,128,235.43,355.08,2,28.76,9.69
260,128,235.43,355.08,3,39.29,17.98
260,128,235.43,355.08,4,3.34,30.83
260,129,310.58,165.32,0,8.47,11.23
260,129,310.58,165.32,1,39.58,4.53
260,129,310.58,165.32,2,28.76,9.69
260,129,310.58,165.32,3,39.29,17.98
260,129,310.58,165.32,4,3.34,30.83
260,131,269.04,92.07,0,8.47,11.23
260,131,269.04,92.07,1,39.58,4.53
260,131,269.04,92.07,2,28.76,9.69
260,131,269.04,92.07,3,39.29,17.98
260,131,269.04,92.07,4,3.34,30.83
260,132,376.58,266.23,0,8.47,11.23
260,132,376.58,266.23,1,39.58,4.53
260,132,376.58,266.23,2,28.76,9.69
260,132,376.58,266.23,3,39.29,17.98
260,132,376.58,266.23,4,3.34,30.83
260,133,41.07,114.40,0,8.47,11.23
260,133,41.07,114.40,1,39.58,4.53
260,133,41.07,114.40,2,28.76,9.69
260,133,41.07,114.40,3,39.29,17.98
260,133,41.07,114.40,4,3.34,30.83
260,134,388.08,35.96,0,8.47,11.23
260,134,388.08,35.96,1,39.58,4.53
260,134,388.08,35.96,2,28.76,9.69
260,134,388.08,35.96,3,39.29,17.98
260,134,388.08,35.96,4,3.34,30.83
260,135,69.26,276.99,0,8.47,11.23
260,135,69.26,276.99,1,39.58,4.53
260,135,69.26,276.99,2,28.76,9.69
260,135,69.26,276.99,3,39.29,17.98
260,135,69.26,276.99,4,3.34,30.83
260,136,383.00,35.69,0,8.47,11.23
260,136,383.00,35.69,1,39.58,4.53
260,136,383.00,35.69,2,28.76,9.69
260,136,383.00,35.69,3,39.29,17.98
260,136,383.00,35.69,4,3.34,30.83
260,137,262.70,84.15,0,8.47,11.23
260,137,262.70,84.15,1,39.58,4.53
260,137,262.70,84.15,2,28.76,9.69
260,137,262.70,84.15,3,39.29,17.98
260,137,262.70,84.15,4,3.34,30.83
260,138,261.15,102.22,0,8.47,11.23
260,138,261.15,102.22,1,39.58,4.53
260,138,261.15,102.22,2,28.76,9.69
260,138,261.15,102.22,3,39.29,17.98
260,138,261.15,102.22,4,3.34,30.83
260,139,369.72,140.17,0,8.47,11.23
260,139,369.72,140.17,1,39.58,4.53
260,139,369.72,140.17,2,28.76,9.69
260,139,369.72,140.17,3,39.29,17.98
260,139,369.72,140.17,4,3.34,30.83
260,140,379.42,18.50,0,8.47,11.23
260,140,379.42,18.50,1,39.58,4.53
260,140,379.42,18.50,2,28.76,9.69
260,140,379.42,18.50,3,39.29,17.98
260,140,379.42,18.50,4,3.34,30.83
260,141,342.08,367.90,0,8.47,11.23
260,141,342.08,367.90,1,39.58,4.53
260,141,342.08,367.90,2,28.76,9.69
260,141,342.08,367.90,3,39.29,17.98
260,141,342.08,367.90,4,3.34,30.83
260,142,254.73,117.23,0,8.47,11.23
260,142,254.73,117.23,1,39.58,4.53
260,142,254.73,117.23,2,28.76,9.69
260,142,254.73,117.23,3,39.29,17.98
260,142,254.73,117.23,4,3.34,30.83
260,143,339.45,338.62,0,8.47,11.23
260,143,339.45,338.62,1,39.58,4.53
260,143,339.45,338.62,2,28.76,9.69
260,143,339.45,338.62,3,39.29,17.98
260,143,339.45,338.62,4,3.34,30.83
260,145,241.93,339.10,0,8.47,11.23
260,145,241.93,339.10,1,39.58,4.53
260,145,241.93,339.10,2,28.76,9.69
260,145,241.93,339.10,3,39.29,17.98
260,145,241.93,339.10,4,3.34,30.83
260,146,102.11,174.24,0,8.47,11.23
260,146,102.11,174.24,1,39.58,4.53
260,146,102.11,174.24,2,28.76,9.69
260,146,102.11,174.24,3,39.29,17.98
260,146,102.11,174.24,4,3.34,30.83
260,147,24.60,294.82,0,8.47,11.23
260,147,24.60,294.82,1,39.58,4.53
260,147,24.60,294.82,2,28.76,9.69
260,147,24.60,294.82,3,39.29,17.98
260,147,24.60,294.82,4,3.34,30.83
260,148,318.23,205.50,0,8.47,11.23
260,148,318.23,205.50,1,39.58,4.53
260,148,318.23,205.50,2,28.76,9.69
260,148,318.23,205.50,3,39.29,17.98
260,148,318.23,205.50,4,3.34,30.83
260,149,360.88,237.31,0,8.47,11.23
260,149,360.88,237.31,1,39.58,4.53
260,149,360.88,237.31,2,28.76,9.69
260,149,360.88,237.31,3,39.29,17.98
260,149,360.88,237.31,4,3.34,30.83
260,150,290.99,137.41,0,8.47,11.23
260,150,290.99,137.41,1,39.58,4.53
260,150,290.99,137.41,2,28.76,9.69
260,150,290.99,137.41,3,39.29,17.98
260,150,290.99,137.41,4,3.34,30.83
260,151,225.82,88.60,0,8.47,11.23
260,151,225.82,88.60,1,39.58,4.53
260,151,225.82,88.60,2,28.76,9.69
260,151,225.82,88.60,3,39.29,17.98
260,151,225.82,88.60,4,3.34,30.83
260,152,50.08,98.36,0,8.47,11.23
260,152,50.08,98.36,1,39.58,4.53
260,152,50.08,98.36,2,28.76,9.69
260,152,50.08,98.36,3,39.29,17.98
260,152,50.08,98.36,4,3.34,30.83
260,153,60.00,132.00,0,8.47,11.23
260,153,60.00,132.00,1,39.58,4.53
260,153,60.00,132.00,2,28.76,9.69
260,153,60.00,132.00,3,39.29,17.98
260,153,60.00,132.00,4,3.34,30.83
260,155,225.18,130.68,0,8.47,11.23
260,155,225.18,130.68,1,39.58,4.53
260,155,225.18,130.68,2,28.76,9.69
260,155,225.18,130.68,3,39.29,17.98
260,155,225.18,130.68,4,3.34,30.83
260,156,362.73,306.34,0,8.47,11.23
260,156,362.73,306.34,1,39.58,4.53
260,156,362.73,306.34,2,28.76,9.69
260,156,362.73,306.34,3,39.29,17.98
260,156,362.73,306.34,4,3.34,30.83
260,157,228.89,95.59,0,8.47,11.23
260,157,228.89,95.59,1,39.58,4.53
260,157,228.89,95.59,2,28.76,9.69
260,157,228.89,95.59,3,39.29,17.98
260,157,228.89,95.59,4,3.34,30.83
260,158,250.20,103.80,0,8.47,11.23
260,158,250.20,103.80,1,39.58,4.53
260,158,250.20,103.80,2,28.76,9.69
260,158,250.20,103.80,3,39.29,17.98
260,158,250.20,103.80,4,3.34,30.83
260,159,368.55,282.96,0,8.47,11.23
260,159,368.55,282.96,1,39.58,4.53
260,159,368.55,282.96,2,28.76,9.69
260,159,368.55,282.96,3,39.29,17.98
260,159,368.55,282.96,4,3.34,30.83
260,160,306.25,389.05,0,8.47,11.23
260,160,306.25,389.05,1,39.58,4.53
260,160,306.25,389.05,2,28.76,9.69
260,160,306.25,389.05,3,39.29,17.98
260,160,306.25,389.05,4,3.34,30.83
260,161,191.72,144.93,0,8.47,11.23
260,161,191.72,144.93,1,39.58,4.53
260,161,191.72,144.93,2,28.76,9.69
260,161,191.72,144.93,3,39.29,17.98
260,161,191.72,144.93,4,3.34,30.83
260,162,283.43,348.70,0,8.47,11.23
260,162,283.43,348.70,1,39.58,4.53
260,162,283.43,348.70,2,28.76,9.69
260,162,283.43,348.70,3,39.29,17.98
260,162,283.43,348.70,4,3.34,30.83
260,163,195.35,137.13,0,8.47,11.23
260,163,195.35,137.13,1,39.58,4.53
260,163,195.35,137.13,2,28.76,9.69
260,163,195.35,137.13,3,39.29,17.98
260,163,195.35,137.13,4,3.34,30.83
260,164,46.48,44.19,0,8.47,11.23
260,164,46.48,44.19,1,39.58,4.53
260,164,46.48,44.19,2,28.76,9.69
260,164,46.48,44.19,3,39.29,17.98
260,164,46.48,44.19,4,3.34,30.83
260,165,89.31,84.25,0,8.47,11.23
260,165,89.31,84.25,1,39.58,4.53
260,165,89.31,84.25,2,28.76,9.69
260,165,89.31,84.25,3,39.29,17.98
260,165,89.31,84.25,4,3.34,30.83
260,166,275.42,376.29,0,8.47,11.23
260,166,275.42,376.29,1,39.58,4.53
260,166,275.42,376.29,2,28.76,9.69
260,166,275.42,376.29,3,39.29,17.98
260,166,275.42,376.29,4,3.34,30.83
260,167,391.64,307.66,0,8.47,11.23
260,167,391.64,307.66,1,39.58,4.53
260,167,391.64,307.66,2,28.76,9.69
260,167,391.64,307.66,3,39.29,17.98
260,167,391.64,307.66,4,3.34,30.83
260,168,201.56,283.52,0,8.47,11.23
260,168,201.56,283.52,1,39.58,4.53
260,168,201.56,283.52,2,28.76,9.69
260,168,201.56,283.52,3,39.29,17.98
260,168,201.56,283.52,4,3.34,30.83
260,169,223.68,78.21,0,8.47,11.23
260,169,223.68,78.21,1,39.58,4.53
260,169,223.68,78.21,2,28.76,9.69
260,169,223.68,78.21,3,39.29,17.98
260,169,223.68,78.21,4,3.34,30.83
260,170,310.92,246.46,0,8.47,11.23
260,170,310.92,246.46,1,39.58,4.53
260,170,310.92,246.46,2,28.76,9.69
260,170,310.92,246.46,3,39.29,17.98
260,170,310.92,246.46,4,3.34,30.83
260,171,68.72,114.68,0,8.47,11.23
260,171,68.72,114.68,1,39.58,4.53
260,171,68.72,114.68,2,28.76,9.69
260,171,68.72,114.68,3,39.29,17.98
260,171,68.72,114.68,4,3.34,30.83
260,172,377.23,184.91,0,8.47,11.23
260,172,377.23,184.91,1,39.58,4.53
260,172,377.23,184.91,2,28.76,9.69
260,172,377.23,184.91,3,39.29,17.98
260,172,377.23,184.91,4,3.34,30.83
260,173,386.76,169.65,0,8.47,11.23
260,173,386.76,169.65,1,39.58,4.53
260,173,386.76,169.65,2,28.76,9.69
260,173,386.76,169.65,3,39.29,17.98
260,173,386.76,169.65,4,3.34,30.83
260,174,171.89,218.46,0,8.47,11.23
260,174,171.89,218.46,1,39.58,4.53
260,174,171.89,218.46,2,28.76,9.69
260,174,171.89,218.46,3,39.29,17.98
260,174,171.89,218.46,4,3.34,30.83
260,176,56.95,187.77,0,8.47,11.23
260,176,56.95,187.77,1,39.58,4.53
260,176,56.95,187.77,2,28.76,9.69
260,176,56.95,187.77,3,39.29,17.98
260,176,56.95,187.77,4,3.34,30.83
260,177,217.27,283.03,0,8.47,11.23
260,177,217.27,283.03,1,39.58,4.53
260,177,217.27,283.03,2,28.76,9.69
260,177,217.27,283.03,3,39.29,17.98
260,177,217.27,283.03,4,3.34,30.83
260,178,237.62,103.15,0,8.47,11.23
260,178,237.62,103.15,1,39.58,4.53
260,178,237.62,103.15,2,28.76,9.69
260,178,237.62,103.15,3,39.29,17.98
260,178,237.62,103.15,4,3.34,30.83
260,179,37.17,318.83,0,8.47,11.23
260,179,37.17,318.83,1,39.58,4.53
260,179,37.17,318.83,2,28.76,9.69
260,179,37.17,318.83,3,39.29,17.98
260,179,37.17,318.83,4,3.34,30.83
260,180,208.47,149.62,0,8.47,11.23
260,180,208.47,149.62,1,39.58,4.53
260,180,208.47,149.62,2,28.76,9.69
260,180,208.47,149.62,3,39.29,17.98
260,180,208.47,149.62,4,3.34,30.83
260,181,28.84,131.08,0,8.47,11.23
260,181,28.84,131.08,1,39.58,4.53
260,181,28.84,131.08,2,28.76,9.69
260,181,28.84,131.08,3,39.29,17.98
260,181,28.84,131.08,4,3.34,30.83
260,183,74.69,127.31,0,8.47,11.23
260,183,74.69,127.31,1,39.58,4.53
260,183,74.69,127.31,2,28.76,9.69
260,183,74.69,127.31,3,39.29,17.98
260,183,74.69,127.31,4,3.34,30.83
260,184,55.35,114.96,0,8.47,11.23
260,184,55.35,114.96,1,39.58,4.53
260,184,55.35,114.96,2,28.76,9.69
260,184,55.35,114.96,3,39.29,17.98
260,184,55.35,114.96,4,3.34,30.83
260,185,62.85,299.39,0,8.47,11.23
260,185,62.85,299.39,1,39.58,4.53
260,185,62.85,299.39,2,28.76,9.69
260,185,62.85,299.39,3,39.29,17.98
260,185,62.85,299.39,4,3.34,30.83
260,186,241.47,104.86,0,8.47,11.23
260,186,241.47,104.86,1,39.58,4.53
260,186,241.47,104.86,2,28.76,9.69
260,186,241.47,104.86,3,39.29,17.98
260,186,241.47,104.86,4,3.34,30.83
260,187,122.26,315.40,0,8.47,11.23
260,187,122.26,315.40,1,39.58,4.53
260,187,122.26,315.40,2,28.76,9.69
260,187,122.26,315.40,3,39.29,17.98
260,187,122.26,315.40,4,3.34,30.83
260,188,258.53,122.81,0,8.47,11.23
260,188,258.53,122.81,1,39.58,4.53
260,188,258.53,122.81,2,28.76,9.69
260,188,258.53,122.81,3,39.29,17.98
260,188,258.53,122.81,4,3.34,30.83
260,189,35.29,299.09,0,8.47,11.23
260,189,35.29,299.09,1,39.58,4.53
260,189,35.29,299.09,2,28.76,9.69
260,189,35.29,299.09,3,39.29,17.98
260,189,35.29,299.09,4,3.34,30.83
260,190,51.26,68.51,0,8.47,11.23
260,190,51.26,68.51,1,39.58,4.53
260,190,51.26,68.51,2,28.76,9.69
260,190,51.26,68.51,3,39.29,17.98
260,190,51.26,68.51,4,3.34,30.83
260,191,47.05,328.62,0,8.47,11.23
260,191,47.05,328.62,1,39.58,4.53
260,191,47.05,328.62,2,28.76,9.69
260,191,47.05,328.62,3,39.29,17.98
260,191,47.05,328.62,4,3.34,30.83
260,192,253.64,90.26,0,8.47,11.23
260,192,253.64,90.26,1,39.58,4.53
260,192,253.64,90.26,2,28.76,9.69
260,192,253.64,90.26,3,39.29,17.98
260,192,253.64,90.26,4,3.34,30.83
260,193,333.14,113.28,0,8.47,11.23
260,193,333.14,113.28,1,39.58,4.53
260,193,333.14,113.28,2,28.76,9.69
260,193,333.14,113.28,3,39.29,17.98
260,193,333.14,113.28,4,3.34,30.83
260,194,50.70,132.61,0,8.47,11.23
260,194,50.70,132.61,1,39.58,4.53
260,194,50.70,132.61,2,28.76,9.69
260,194,50.70,132.61,3,39.29,17.98
260,194,50.70,132.61,4,3.34,30.83
260,195,81.25,346.83,0,8.47,11.23
260,195,81.25,346.83,1,39.58,4.53
260,195,81.25,346.83,2,28.76,9.69
260,195,81.25,346.83,3,39.29,17.98
260,195,81.25,346.83,4,3.34,30.83
260,196,63.36,116.78,0,8.47,11.23
260,196,63.36,116.78,1,39.58,4.53
260,196,63.36,116.78,2,28.76,9.69
260,196,63.36,116.78,3,39.29,17.98
260,196,63.36,116.78,4,3.34,30.83
260,198,368.32,172.14,0,8.47,11.23
260,198,368.32,172.14,1,39.58,4.53
260,198,368.32,172.14,2,28.76,9.69
260,198,368.32,172.14,3,39.29,17.98
260,198,368.32,172.14,4,3.34,30.83
260,199,40.83,154.14,0,8.47,11.23
260,199,40.83,154.14,1,39.58,4.53
260,199,40.83,154.14,2,28.76,9.69
260,199,40.83,154.14,3,39.29,17.98
260,199,40.83,154.14,4,3.34,30.83
260,200,27.45,85.41,0,8.47,11.23
260,200,27.45,85.41,1,39.58,4.53
260,200,27.45,85.41,2,28.76,9.69
260,200,27.45,85.41,3,39.29,17.98
260,200,27.45,85.41,4,3.34,30.83
260,201,381.50,168.08,0,8.47,11.23
260,201,381.50,168.08,1,39.58,4.53
260,201,381.50,168.08,2,28.76,9.69
260,201,381.50,168.08,3,39.29,17.98
260,201,381.50,168.08,4,3.34,30.83
260,203,366.11,202.17,0,8.47,11.23
260,203,366.11,202.17,1,39.58,4.53
260,203,366.11,202.17,2,28.76,9.69
260,203,366.11,202.17,3,39.29,17.98
260,203,366.11,202.17,4,3.34,30.83
260,204,35.48,318.77,0,8.47,11.23
260,204,35.48,318.77,1,39.58,4.53
260,204,35.48,318.77,2,28.76,9.69
260,204,35.48,318.77,3,39.29,17.98
260,204,35.48,318.77,4,3.34,30.83
260,206,251.99,109.10,0,8.47,11.23
260,206,251.99,109.10,1,39.58,4.53
260,206,251.99,109.10,2,28.76,9.69
260,206,251.99,109.10,3,39.29,17.98
260,206,251.99,109.10,4,3.34,30.83
260,207,18.43,295.49,0,8.47,11.23
260,207,18.43,295.49,1,39.58,4.53
260,207,18.43,295.49,2,28.76,9.69
260,207,18.43,295.49,3,39.29,17.98
260,207,18.43,295.49,4,3.34,30.83
260,208,46.02,347.07,0,8.47,11.23
260,208,46.02,347.07,1,39.58,4.53
260,208,46.02,347.07,2,28.76,9.69
260,208,46.02,347.07,3,39.29,17.98
260,208,46.02,347.07,4,3.34,30.83
260,210,264.45,106.08,0,8.47,11.23
260,210,264.45,106.08,1,39.58,4.53
260,210,264.45,106.08,2,28.76,9.69
260,210,264.45,106.08,3,39.29,17.98
260,210,264.45,106.08,4,3.34,30.83
260,211,120.63,368.80,0,8.47,11.23
260,211,120.63,368.80,1,39.58,4.53
260,211,120.63,368.80,2,28.76,9.69
260,211,120.63,368.80,3,39.29,17.98
260,211,120.63,368.80,4,3.34,30.83
260,212,386.83,258.62,0,8.47,11.23
260,212,386.83,258.62,1,39.58,4.53
260,212,386.83,258.62,2,28.76,9.69
260,212,386.83,258.62,3,39.29,17.98
260,212,386.83,258.62,4,3.34,30.83
260,213,378.46,255.73,0,8.47,11.23
260,213,378.46,255.73,1,39.58,4.53
260,213,378.46,255.73,2,28.76,9.69
260,213,378.46,255.73,3,39.29,17.98
260,213,378.46,255.73,4,3.34,30.83
260,214,247.84,86.69,0,8.47,11.23
260,214,247.84,86.69,1,39.58,4.53
260,214,247.84,86.69,2,28.76,9.69
260,214,247.84,86.69,3,39.29,17.98
260,214,247.84,86.69,4,3.34,30.83
260,215,252.02,382.58,0,8.47,11.23
260,215,252.02,382.58,1,39.58,4.53
260,215,252.02,382.58,2,28.76,9.69
260,215,252.02,382.58,3,39.29,17.98
260,215,252.02,382.58,4,3.34,30.83
260,216,246.00,389.94,0,8.47,11.23
260,216,246.00,389.94,1,39.58,4.53
260,216,246.00,389.94,2,28.76,9.69
260,216,246.00,389.94,3,39.29,17.98
260,216,246.00,389.94,4,3.34,30.83
260,217,372.46,12.32,0,8.47,11.23
260,217,372.46,12.32,1,39.58,4.53
260,217,372.46,12.32,2,28.76,9.69
260,217,372.46,12.32,3,39.29,17.98
260,217,372.46,12.32,4,3.34,30.83
260,218,279.97,389.09,0,8.47,11.23
260,218,279.97,389.09,1,39.58,4.53
260,218,279.97,389.09,2,28.76,9.69
260,218,279.97,389.09,3,39.29,17.98
260,218,279.97,389.09,4,3.34,30.83
260,219,39.75,109.53,0,8.47,11.23
260,219,39.75,109.53,1,39.58,4.53
260,219,39.75,109.53,2,28.76,9.69
260,219,39.75,109.53,3,39.29,17.98
260,219,39.75,109.53,4,3.34,30.83
260,221,336.88,226.50,0,8.47,11.23
260,221,336.88,226.50,1,39.58,4.53
260,221,336.88,226.50,2,28.76,9.69
260,221,336.88,226.50,3,39.29,17.98
260,221,336.88,226.50,4,3.34,30.83
260,222,23.44,319.00,0,8.47,11.23
260,222,23.44,319.00,1,39.58,4.53
260,222,23.44,319.00,2,28.76,9.69
260,222,23.44,319.00,3,39.29,17.98
260,222,23.44,319.00,4,3.34,30.83
260,223,364.12,185.46,0,8.47,11.23
260,223,364.12,185.46,1,39.58,4.53
260,223,364.12,185.46,2,28.76,9.69
260,223,364.12,185.46,3,39.29,17.98
260,223,364.12,185.46,4,3.34,30.83
260,225,382.06,192.15,0,8.47,11.23
260,225,382.06,192.15,1,39.58,4.53
260,225,382.06,192.15,2,28.76,9.69
260,225,382.06,192.15,3,39.29,17.98
260,225,382.06,192.15,4,3.34,30.83
260,226,296.09,161.38,0,8.47,11.23
260,226,296.09,161.38,1,39.58,4.53
260,226,296.09,161.38,2,28.76,9.69
260,226,296.09,161.38,3,39.29,17.98
260,226,296.09,161.38,4,3.34,30.83
260,227,86.39,328.59,0,8.47,11.23
260,227,86.39,328.59,1,39.58,4.53
260,227,86.39,328.59,2,28.76,9.69
260,227,86.39,328.59,3,39.29,17.98
260,227,86.39,328.59,4,3.34,30.83
260,228,252.38,74.45,0,8.47,11.23
260,228,252.38,74.45,1,39.58,4.53
260,228,252.38,74.45,2,28.76,9.69
260,228,252.38,74.45,3,39.29,17.98
260,228,252.38,74.45,4,3.34,30.83
260,229,175.29,116.48,0,8.47,11.23
260,229,175.29,116.48,1,39.58,4.53
260,229,175.29,116.48,2,28.76,9.69
260,229,175.29,116.48,3,39.29,17.98
260,229,175.29,116.48,4,3.34,30.83
260,230,167.95,49.59,0,8.47,11.23
260,230,167.95,49.59,1,39.58,4.53
260,230,167.95,49.59,2,28.76,9.69
260,230,167.95,49.59,3,39.29,17.98
260,230,167.95,49.59,4,3.34,30.83
260,231,289.61,332.89,0,8.47,11.23
260,231,289.61,332.89,1,39.58,4.53
260,231,289.61,332.89,2,28.76,9.69
260,231,289.61,332.89,3,39.29,17.98
260,231,289.61,332.89,4,3.34,30.83
260,232,361.48,30.42,0,8.47,11.23
260,232,361.48,30.42,1,39.58,4.53
260,232,361.48,30.42,2,28.76,9.69
260,232,361.48,30.42,3,39.29,17.98
260,232,361.48,30.42,4,3.34,30.83
260,233,369.99,238.52,0,8.47,11.23
260,233,369.99,238.52,1,39.58,4.53
260,233,369.99,238.52,2,28.76,9.69
260,233,369.99,238.52,3,39.29,17.98
260,233,369.99,238.52,4,3.34,30.83
260,236,268.93,102.93,0,8.47,11.23
260,236,268.93,102.93,1,39.58,4.53
260,236,268.93,102.93,2,28.76,9.69
260,236,268.93,102.93,3,39.29,17.98
260,236,268.93,102.93,4,3.34,30.83
260,237,192.55,150.70,0,8.47,11.23
260,237,192.55,150.70,1,39.58,4.53
260,237,192.55,150.70,2,28.76,9.69
260,237,192.55,150.70,3,39.29,17.98
260,237,192.55,150.70,4,3.34,30.83
260,238,23.73,304.85,0,8.47,11.23
260,238,23.73,304.85,1,39.58,4.53
260,238,23.73,304.85,2,28.76,9.69
260,238,23.73,304.85,3,39.29,17.98
260,238,23.73,304.85,4,3.34,30.83
260,239,211.96,124.47,0,8.47,11.23
260,239,211.96,124.47,1,39.58,4.53
260,239,211.96,124.47,2,28.76,9.69
260,239,211.96,124.47,3,39.29,17.98
260,239,211.96,124.47,4,3.34,30.83
260,240,137.17,236.10,0,8.47,11.23
260,240,137.17,236.10,1,39.58,4.53
260,240,137.17,236.10,2,28.76,9.69
260,240,137.17,236.10,3,39.29,17.98
260,240,137.17,236.10,4,3.34,30.83
260,241,386.62,192.84,0,8.47,11.23
260,241,386.62,192.84,1,39.58,4.53
260,241,386.62,192.84,2,28.76,9.69
260,241,386.62,192.84,3,39.29,17.98
260,241,386.62,192.84,4,3.34,30.83
260,242,212.49,223.65,0,8.47,11.23
260,242,212.49,223.65,1,39.58,4.53
260,242,212.49,223.65,2,28.76,9.69
260,242,212.49,223.65,3,39.29,17.98
260,242,212.49,223.65,4,3.34,30.83
260,243,31.24,293.07,0,8.47,11.23
260,243,31.24,293.07,1,39.58,4.53
260,243,31.24,293.07,2,28.76,9.69
260,243,31.24,293.07,3,39.29,17.98
260,243,31.24,293.07,4,3.34,30.83
260,244,182.80,328.74,0,8.47,11.23
260,244,182.80,328.74,1,39.58,4.53
260,244,182.80,328.74,2,28.76,9.69
260,244,182.80,328.74,3,39.29,17.98
260,244,182.80,328.74,4,3.34,30.83
260,245,220.14,147.72,0,8.47,11.23
260,245,220.14,147.72,1,39.58,4.53
260,245,220.14,147.72,2,28.76,9.69
260,245,220.14,147.72,3,39.29,17.98
260,245,220.14,147.72,4,3.34,30.83
260,246,345.04,228.86,0,8.47,11.23
260,246,345.04,228.86,1,39.58,4.53
260,246,345.04,228.86,2,28.76,9.69
260,246,345.04,228.86,3,39.29,17.98
260,246,345.04,228.86,4,3.34,30.83
260,247,79.83,111.33,0,8.47,11.23
260,247,79.83,111.33,1,39.58,4.53
260,247,79.83,111.33,2,28.76,9.69
260,247,79.83,111.33,3,39.29,17.98
260,247,79.83,111.33,4,3.34,30.83
260,248,390.04,295.50,0,8.47,11.23
260,248,390.04,295.50,1,39.58,4.53
260,248,390.04,295.50,2,28.76,9.69
260,248,390.04,295.50,3,39.29,17.98
260,248,390.04,295.50,4,3.34,30.83
260,249,362.89,392.21,0,8.47,11.23
260,249,362.89,392.21,1,39.58,4.53
260,249,362.89,392.21,2,28.76,9.69
260,249,362.89,392.21,3,39.29,17.98
260,249,362.89,392.21,4,3.34,30.83
260,250,235.30,299.51,0,8.47,11.23
260,250,235.30,299.51,1,39.58,4.53
260,250,235.30,299.51,2,28.76,9.69
260,250,235.30,299.51,3,39.29,17.98
260,250,235.30,299.51,4,3.34,30.83
260,251,70.20,305.44,0,8.47,11.23
260,251,70.20,305.44,1,39.58,4.53
260,251,70.20,305.44,2,28.76,9.69
260,251,70.20,305.44,3,39.29,17.98
260,251,70.20,305.44,4,3.34,30.83
260,252,19.80,89.12,0,8.47,11.23
260,252,19.80,89.12,1,39.58,4.53
260,252,19.80,89.12,2,28.76,9.69
260,252,19.80,89.12,3,39.29,17.98
260,252,19.80,89.12,4,3.34,30.83
260,253,342.69,183.71,0,8.47,11.23
260,253,342.69,183.71,1,39.58,4.53
260,253,342.69,183.71,2,28.76,9.69
260,253,342.69,183.71,3,39.29,17.98
260,253,342.69,183.71,4,3.34,30.83
260,254,365.64,153.06,0,8.47,11.23
260,254,365.64,153.06,1,39.58,4.53
260,254,365.64,153.06,2,28.76,9.69
260,254,365.64,153.06,3,39.29,17.98
260,254,365.64,153.06,4,3.34,30.83
260,255,24.58,312.93,0,8.47,11.23
260,255,24.58,312.93,1,39.58,4.53
260,255,24.58,312.93,2,28.76,9.69
260,255,24.58,312.93,3,39.29,17.98
260,255,24.58,312.93,4,3.34,30.83
260,256,68.22,106.84,0,8.47,11.23
260,256,68.22,106.84,1,39.58,4.53
260,256,68.22,106.84,2,28.76,9.69
260,256,68.22,106.84,3,39.29,17.98
260,256,68.22,106.84,4,3.34,30.83
260,257,380.73,174.73,0,8.47,11.23
260,257,380.73,174.73,1,39.58,4.53
260,257,380.73,174.73,2,28.76,9.69
260,257,380.73,174.73,3,39.29,17.98
260,257,380.73,174.73,4,3.34,30.83
260,258,376.43,38.82,0,8.47,11.23
260,258,376.43,38.82,1,39.58,4.53
260,258,376.43,38.82,2,28.76,9.69
260,258,376.43,38.82,3,39.29,17.98
260,258,376.43,38.82,4,3.34,30.83
260,259,76.09,107.46,0,8.47,11.23
260,259,76.09,107.46,1,39.58,4.53
260,259,76.09,107.46,2,28.76,9.69
260,259,76.09,107.46,3,39.29,17.98
260,259,76.09,107.46,4,3.34,30.83
260,260,312.11,374.31,0,8.47,11.23
260,260,312.11,374.31,1,39.58,4.53
260,260,312.11,374.31,2,28.76,9.69
260,260,312.11,374.31,3,39.29,17.98
260,260,312.11,374.31,4,3.34,30.83
260,261,57.25,353.64,0,8.47,11.23
260,261,57.25,353.64,1,39.58,4.53
260,261,57.25,353.64,2,28.76,9.69
260,261,57.25,353.64,3,39.29,17.98
260,261,57.25,353.64,4,3.34,30.83
260,262,172.23,97.28,0,8.47,11.23
260,262,172.23,97.28,1,39.58,4.53
260,262,172.23,97.28,2,28.76,9.69
260,262,172.23,97.28,3,39.29,17.98
260,262,172.23,97.28,4,3.34,30.83
260,263,179.89,80.71,0,8.47,11.23
260,263,179.89,80.71,1,39.58,4.53
260,263,179.89,80.71,2,28.76,9.69
260,263,179.89,80.71,3,39.29,17.98
260,263,179.89,80.71,4,3.34,30.83
260,264,44.46,139.42,0,8.47,11.23
260,264,44.46,139.42,1,39.58,4.53
260,264,44.46,139.42,2,28.76,9.69
260,264,44.46,139.42,3,39.29,17.98
260,264,44.46,139.42,4,3.34,30.83
260,265,223.42,320.74,0,8.47,11.23
260,265,223.42,320.74,1,39.58,4.53
260,265,223.42,320.74,2,28.76,9.69
260,265,223.42,320.74,3,39.29,17.98
260,265,223.42,320.74,4,3.34,30.83
260,266,99.53,303.54,0,8.47,11.23
260,266,99.53,303.54,1,39.58,4.53
260,266,99.53,303.54,2,28.76,9.69
260,266,99.53,303.54,3,39.29,17.98
260,266,99.53,303.54,4,3.34,30.83
260,267,193.02,65.52,0,8.47,11.23
260,267,193.02,65.52,1,39.58,4.53
260,267,193.02,65.52,2,28.76,9.69
260,267,193.02,65.52,3,39.29,17.98
260,267,193.02,65.52,4,3.34,30.83
260,268,219.13,103.77,0,8.47,11.23
260,268,219.13,103.77,1,39.58,4.53
260,268,219.13,103.77,2,28.76,9.69
260,268,219.13,103.77,3,39.29,17.98
260,268,219.13,103.77,4,3.34,30.83
260,269,25.75,135.90,0,8.47,11.23
260,269,25.75,135.90,1,39.58,4.53
260,269,25.75,135.90,2,28.76,9.69
260,269,25.75,135.90,3,39.29,17.98
260,269,25.75,135.90,4,3.34,30.83
260,270,43.52,304.03,0,8.47,11.23
260,270,43.52,304.03,1,39.58,4.53
260,270,43.52,304.03,2,28.76,9.69
260,270,43.52,304.03,3,39.29,17.98
260,270,43.52,304.03,4,3.34,30.83
260,271,48.49,122.43,0,8.47,11.23
260,271,48.49,122.43,1,39.58,4.53
260,271,48.49,122.43,2,28.76,9.69
260,271,48.49,122.43,3,39.29,17.98
260,271,48.49,122.43,4,3.34,30.83
260,272,39.13,313.80,0,8.47,11.23
260,272,39.13,313.80,1,39.58,4.53
260,272,39.13,313.80,2,28.76,9.69
260,272,39.13,313.80,3,39.29,17.98
260,272,39.13,313.80,4,3.34,30.83
260,273,22.77,282.21,0,8.47,11.23
260,273,22.77,282.21,1,39.58,4.53
260,273,22.77,282.21,2,28.76,9.69
260,273,22.77,282.21,3,39.29,17.98
260,273,22.77,282.21,4,3.34,30.83
260,274,98.13,15.46,0,8.47,11.23
260,274,98.13,15.46,1,39.58,4.53
260,274,98.13,15.46,2,28.76,9.69
260,274,98.13,15.46,3,39.29,17.98
260,274,98.13,15.46,4,3.34,30.83
260,275,323.37,214.22,0,8.47,11.23
260,275,323.37,214.22,1,39.58,4.53
260,275,323.37,214.22,2,28.76,9.69
260,275,323.37,214.22,3,39.29,17.98
260,275,323.37,214.22,4,3.34,30.83
260,276,326.29,221.83,0,8.47,11.23
260,276,326.29,221.83,1,39.58,4.53
260,276,326.29,221.83,2,28.76,9.69
260,276,326.29,221.83,3,39.29,17.98
260,276,326.29,221.83,4,3.34,30.83
260,277,296.56,181.41,0,8.47,11.23
260,277,296.56,181.41,1,39.58,4.53
260,277,296.56,181.41,2,28.76,9.69
260,277,296.56,181.41,3,39.29,17.98
260,277,296.56,181.41,4,3.34,30.83
260,278,70.18,373.67,0,8.47,11.23
260,278,70.18,373.67,1,39.58,4.53
260,278,70.18,373.67,2,28.76,9.69
260,278,70.18,373.67,3,39.29,17.98
260,278,70.18,373.67,4,3.34,30.83
260,279,234.44,392.89,0,8.47,11.23
260,279,234.44,392.89,1,39.58,4.53
260,279,234.44,392.89,2,28.76,9.69
260,279,234.44,392.89,3,39.29,17.98
260,279,234.44,392.89,4,3.34,30.83
260,281,231.90,65.75,0,8.47,11.23
260,281,231.90,65.75,1,39.58,4.53
260,281,231.90,65.75,2,28.76,9.69
260,281,231.90,65.75,3,39.29,17.98
260,281,231.90,65.75,4,3.34,30.83
260,282,367.02,179.21,0,8.47,11.23
260,282,367.02,179.21,1,39.58,4.53
260,282,367.02,179.21,2,28.76,9.69
260,282,367.02,179.21,3,39.29,17.98
260,282,367.02,179.21,4,3.34,30.83
260,283,342.09,172.23,0,8.47,11.23
260,283,342.09,172.23,1,39.58,4.53
260,283,342.09,172.23,2,28.76,9.69
260,283,342.09,172.23,3,39.29,17.98
260,283,342.09,172.23,4,3.34,30.83
260,284,236.21,95.97,0,8.47,11.23
260,284,236.21,95.97,1,39.58,4.53
260,284,236.21,95.97,2,28.76,9.69
260,284,236.21,95.97,3,39.29,17.98
260,284,236.21,95.97,4,3.34,30.83
260,285,218.98,351.21,0,8.47,11.23
260,285,218.98,351.21,1,39.58,4.53
260,285,218.98,351.21,2,28.76,9.69
260,285,218.98,351.21,3,39.29,17.98
260,285,218.98,351.21,4,3.34,30.83
260,286,245.96,335.17,0,8.47,11.23
260,286,245.96,335.17,1,39.58,4.53
260,286,245.96,335.17,2,28.76,9.69
260,286,245.96,335.17,3,39.29,17.98
260,286,245.96,335.17,4,3.34,30.83
260,288,103.72,8.50,0,8.47,11.23
260,288,103.72,8.50,1,39.58,4.53
260,288,103.72,8.50,2,28.76,9.69
260,288,103.72,8.50,3,39.29,17.98
260,288,103.72,8.50,4,3.34,30.83
260,289,47.72,317.06,0,8.47,11.23
260,289,47.72,317.06,1,39.58,4.53
260,289,47.72,317.06,2,28.76,9.69
260,289,47.72,317.06,3,39.29,17.98
260,289,47.72,317.06,4,3.34,30.83
260,290,319.67,249.34,0,8.47,11.23
260,290,319.67,249.34,1,39.58,4.53
260,290,319.67,249.34,2,28.76,9.69
260,290,319.67,249.34,3,39.29,17.98
260,290,319.67,249.34,4,3.34,30.83
260,291,60.85,59.76,0,8.47,11.23
260,291,60.85,59.76,1,39.58,4.53
260,291,60.85,59.76,2,28.76,9.69
260,291,60.85,59.76,3,39.29,17.98
260,291,60.85,59.76,4,3.34,30.83
260,292,266.62,304.44,0,8.47,11.23
260,292,266.62,304.44,1,39.58,4.53
260,292,266.62,304.44,2,28.76,9.69
260,292,266.62,304.44,3,39.29,17.98
260,292,266.62,304.44,4,3.34,30.83
260,293,241.42,109.83,0,8.47,11.23
260,293,241.42,109.83,1,39.58,4.53
260,293,241.42,109.83,2,28.76,9.69
260,293,241.42,109.83,3,39.29,17.98
260,293,241.42,109.83,4,3.34,30.83
260,294,75.55,343.85,0,8.47,11.23
260,294,75.55,343.85,1,39.58,4.53
260,294,75.55,343.85,2,28.76,9.69
260,294,75.55,343.85,3,39.29,17.98
260,294,75.55,343.85,4,3.34,30.83
260,296,372.22,29.16,0,8.47,11.23
260,296,372.22,29.16,1,39.58,4.53
260,296,372.22,29.16,2,28.76,9.69
260,296,372.22,29.16,3,39.29,17.98
260,296,372.22,29.16,4,3.34,30.83
260,297,382.52,153.57,0,8.47,11.23
260,297,382.52,153.57,1,39.58,4.53
260,297,382.52,153.57,2,28.76,9.69
260,297,382.52,153.57,3,39.29,17.98
260,297,382.52,153.57,4,3.34,30.83
260,298,373.50,34.30,0,8.47,11.23
260,298,373.50,34.30,1,39.58,4.53
260,298,373.50,34.30,2,28.76,9.69
260,298,373.50,34.30,3,39.29,17.98
260,298,373.50,34.30,4,3.34,30.83
260,299,72.60,125.10,0,8.47,11.23
260,299,72.60,125.10,1,39.58,4.53
260,299,72.60,125.10,2,28.76,9.69
260,299,72.60,125.10,3,39.29,17.98
260,299,72.60,125.10,4,3.34,30.83
260,300,213.08,343.76,0,8.47,11.23
260,300,213.08,343.76,1,39.58,4.53
260,300,213.08,343.76,2,28.76,9.69
260,300,213.08,343.76,3,39.29,17.98
260,300,213.08,343.76,4,3.34,30.83
270,2,65.07,103.22,0,8.71,10.84
270,2,65.07,103.22,1,39.58,4.53
270,2,65.07,103.22,2,28.76,9.69
270,2,65.07,103.22,3,38.45,18.99
270,2,65.07,103.22,4,3.34,30.83
270,3,193.40,279.09,0,8.71,10.84
270,3,193.40,279.09,1,39.58,4.53
270,3,193.40,279.09,2,28.76,9.69
270,3,193.40,279.09,3,38.45,18.99
270,3,193.40,279.09,4,3.34,30.83
270,5,28.50,317.50,0,8.71,10.84
270,5,28.50,317.50,1,39.58,4.53
270,5,28.50,317.50,2,28.76,9.69
270,5,28.50,317.50,3,38.45,18.99
270,5,28.50,317.50,4,3.34,30.83
270,6,58.53,296.41,0,8.71,10.84
270,6,58.53,296.41,1,39.58,4.53
270,6,58.53,296.41,2,28.76,9.69
270,6,58.53,296.41,3,38.45,18.99
270,6,58.53,296.41,4,3.34,30.83
270,7,80.13,113.69,0,8.71,10.84
270,7,80.13,113.69,1,39.58,4.53
270,7,80.13,113.69,2,28.76,9.69
270,7,80.13,113.69,3,38.45,18.99
270,7,80.13,113.69,4,3.34,30.83
270,8,111.52,370.88,0,8.71,10.84
270,8,111.52,370.88,1,39.58,4.53
270,8,111.52,370.88,2,28.76,9.69
270,8,111.52,370.88,3,38.45,18.99
270,8,111.52,370.88,4,3.34,30.83
270,9,297.60,197.30,0,8.71,10.84
270,9,297.60,197.30,1,39.58,4.53
270,9,297.60,197.30,2,28.76,9.69
270,9,297.60,197.30,3,38.45,18.99
270,9,297.60,197.30,4,3.34,30.83
270,11,190.92,110.25,0,8.71,10.84
270,11,190.92,110.25,1,39.58,4.53
270,11,190.92,110.25,2,28.76,9.69
270,11,190.92,110.25,3,38.45,18.99
270,11,190.92,110.25,4,3.34,30.83
270,12,251.50,99.00,0,8.71,10.84
270,12,251.50,99.00,1,39.58,4.53
270,12,251.50,99.00,2,28.76,9.69
270,12,251.50,99.00,3,38.45,18.99
270,12,251.50,99.00,4,3.34,30.83
270,13,155.68,90.28,0,8.71,10.84
270,13,155.68,90.28,1,39.58,4.53
270,13,155.68,90.28,2,28.76,9.69
270,13,155.68,90.28,3,38.45,18.99
270,13,155.68,90.28,4,3.34,30.83
270,14,18.85,340.39,0,8.71,10.84
270,14,18.85,340.39,1,39.58,4.53
270,14,18.85,340.39,2,28.76,9.69
270,14,18.85,340.39,3,38.45,18.99
270,14,18.85,340.39,4,3.34,30.83
270,15,15.28,323.92,0,8.71,10.84
270,15,15.28,323.92,1,39.58,4.53
270,15,15.28,323.92,2,28.76,9.69
270,15,15.28,323.92,3,38.45,18.99
270,15,15.28,323.92,4,3.34,30.83
270,16,343.69,256.08,0,8.71,10.84
270,16,343.69,256.08,1,39.58,4.53
270,16,343.69,256.08,2,28.76,9.69
270,16,343.69,256.08,3,38.45,18.99
270,16,343.69,256.08,4,3.34,30.83
270,18,169.49,339.97,0,8.71,10.84
270,18,169.49,339.97,1,39.58,4.53
270,18,169.49,339.97,2,28.76,9.69
270,18,169.49,339.97,3,38.45,18.99
270,18,169.49,339.97,4,3.34,30.83
270,19,53.24,322.77,0,8.71,10.84
270,19,53.24,322.77,1,39.58,4.53
270,19,53.24,322.77,2,28.76,9.69
270,19,53.24,322.77,3,38.45,18.99
270,19,53.24,322.77,4,3.34,30.83
270,20,224.73,389.42,0,8.71,10.84
270,20,224.73,389.42,1,39.58,4.53
270,20,224.73,389.42,2,28.76,9.69
270,20,224.73,389.42,3,38.45,18.99
270,20,224.73,389.42,4,3.34,30.83
270,21,387.96,155.44,0,8.71,10.84
270,21,387.96,155.44,1,39.58,4.53
270,21,387.96,155.44,2,28.76,9.69
270,21,387.96,155.44,3,38.45,18.99
270,21,387.96,155.44,4,3.34,30.83
270,22,293.99,370.09,0,8.71,10.84
270,22,293.99,370.09,1,39.58,4.53
270,22,293.99,370.09,2,28.76,9.69
270,22,293.99,370.09,3,38.45,18.99
270,22,293.99,370.09,4,3.34,30.83
270,23,360.28,223.76,0,8.71,10.84
270,23,360.28,223.76,1,39.58,4.53
270,23,360.28,223.76,2,28.76,9.69
270,23,360.28,223.76,3,38.45,18.99
270,23,360.28,223.76,4,3.34,30.83
270,24,146.15,89.04,0,8.71,10.84
270,24,146.15,89.04,1,39.58,4.53
270,24,146.15,89.04,2,28.76,9.69
270,24,146.15,89.04,3,38.45,18.99
270,24,146.15,89.04,4,3.34,30.83
270,25,49.07,327.24,0,8.71,10.84
270,25,49.07,327.24,1,39.58,4.53
270,25,49.07,327.24,2,28.76,9.69
270,25,49.07,327.24,3,38.45,18.99
270,25,49.07,327.24,4,3.34,30.83
270,26,292.75,45.07,0,8.71,10.84
270,26,292.75,45.07,1,39.58,4.53
270,26,292.75,45.07,2,28.76,9.69
270,26,292.75,45.07,3,38.45,18.99
270,26,292.75,45.07,4,3.34,30.83
270,27,259.26,101.86,0,8.71,10.84
270,27,259.26,101.86,1,39.58,4.53
270,27,259.26,101.86,2,28.76,9.69
270,27,259.26,101.86,3,38.45,18.99
270,27,259.26,101.86,4,3.34,30.83
270,28,387.12,344.91,0,8.71,10.84
270,28,387.12,344.91,1,39.58,4.53
270,28,387.12,344.91,2,28.76,9.69
270,28,387.12,344.91,3,38.45,18.99
270,28,387.12,344.91,4,3.34,30.83
270,29,124.57,277.35,0,8.71,10.84
270,29,124.57,277.35,1,39.58,4.53
270,29,124.57,277.35,2,28.76,9.69
270,29,124.57,277.35,3,38.45,18.99
270,29,124.57,277.35,4,3.34,30.83
270,31,226.38,66.94,0,8.71,10.84
270,31,226.38,66.94,1,39.58,4.53
270,31,226.38,66.94,2,28.76,9.69
270,31,226.38,66.94,3,38.45,18.99
270,31,226.38,66.94,4,3.34,30.83
270,32,256.60,97.90,0,8.71,10.84
270,32,256.60,97.90,1,39.58,4.53
270,32,256.60,97.90,2,28.76,9.69
270,32,256.60,97.90,3,38.45,18.99
270,32,256.60,97.90,4,3.34,30.83
270,33,35.69,307.54,0,8.71,10.84
270,33,35.69,307.54,1,39.58,4.53
270,33,35.69,307.54,2,28.76,9.69
270,33,35.69,307.54,3,38.45,18.99
270,33,35.69,307.54,4,3.34,30.83
270,34,228.61,107.97,0,8.71,10.84
270,34,228.61,107.97,1,39.58,4.53
270,34,228.61,107.97,2,28.76,9.69
270,34,228.61,107.97,3,38.45,18.99
270,34,228.61,107.97,4,3.34,30.83
270,35,360.15,194.48,0,8.71,10.84
270,35,360.15,194.48,1,39.58,4.53
270,35,360.15,194.48,2,28.76,9.69
270,35,360.15,194.48,3,38.45,18.99
270,35,360.15,194.48,4,3.34,30.83
270,36,65.51,324.79,0,8.71,10.84
270,36,65.51,324.79,1,39.58,4.53
270,36,65.51,324.79,2,28.76,9.69
270,36,65.51,324.79,3,38.45,18.99
270,36,65.51,324.79,4,3.34,30.83
270,37,331.25,250.00,0,8.71,10.84
270,37,331.25,250.00,1,39.58,4.53
270,37,331.25,250.00,2,28.76,9.69
270,37,331.25,250.00,3,38.45,18.99
270,37,331.25,250.00,4,3.34,30.83
270,38,109.84,236.19,0,8.71,10.84
270,38,109.84,236.19,1,39.58,4.53
270,38,109.84,236.19,2,28.76,9.69
270,38,109.84,236.19,3,38.45,18.99
270,38,109.84,236.19,4,3.34,30.83
270,39,95.30,175.73,0,8.71,10.84
270,39,95.30,175.73,1,39.58,4.53
270,39,95.30,175.73,2,28.76,9.69
270,39,95.30,175.73,3,38.45,18.99
270,39,95.30,175.73,4,3.34,30.83
270,40,277.48,105.62,0,8.71,10.84
270,40,277.48,105.62,1,39.58,4.53
270,40,277.48,105.62,2,28.76,9.69
270,40,277.48,105.62,3,38.45,18.99
270,40,277.48,105.62,4,3.34,30.83
270,41,264.27,288.98,0,8.71,10.84
270,41,264.27,288.98,1,39.58,4.53
270,41,264.27,288.98,2,28.76,9.69
270,41,264.27,288.98,3,38.45,18.99
270,41,264.27,288.98,4,3.34,30.83
270,42,370.22,207.00,0,8.71,10.84
270,42,370.22,207.00,1,39.58,4.53
270,42,370.22,207.00,2,28.76,9.69
270,42,370.22,207.00,3,38.45,18.99
270,42,370.22,207.00,4,3.34,30.83
270,43,247.60,90.90,0,8.71,10.84
270,43,247.60,90.90,1,39.58,4.53
270,43,247.60,90.90,2,28.76,9.69
270,43,247.60,90.90,3,38.45,18.99
270,43,247.60,90.90,4,3.34,30.83
270,46,51.04,336.59,0,8.71,10.84
270,46,51.04,336.59,1,39.58,4.53
270,46,51.04,336.59,2,28.76,9.69
270,46,51.04,336.59,3,38.45,18.99
270,46,51.04,336.59,4,3.34,30.83
270,48,379.60,185.54,0,8.71,10.84
270,48,379.60,185.54,1,39.58,4.53
270,48,379.60,185.54,2,28.76,9.69
270,48,379.60,185.54,3,38.45,18.99
270,48,379.60,185.54,4,3.34,30.83
270,49,232.15,112.81,0,8.71,10.84
270,49,232.15,112.81,1,39.58,4.53
270,49,232.15,112.81,2,28.76,9.69
270,49,232.15,112.81,3,38.45,18.99
270,49,232.15,112.81,4,3.34,30.83
270,50,323.25,302.43,0,8.71,10.84
270,50,323.25,302.43,1,39.58,4.53
270,50,323.25,302.43,2,28.76,9.69
270,50,323.25,302.43,3,38.45,18.99
270,50,323.25,302.43,4,3.34,30.83
270,51,24.85,324.22,0,8.71,10.84
270,51,24.85,324.22,1,39.58,4.53
270,51,24.85,324.22,2,28.76,9.69
270,51,24.85,324.22,3,38.45,18.99
270,51,24.85,324.22,4,3.34,30.83
270,53,306.17,221.17,0,8.71,10.84
270,53,306.17,221.17,1,39.58,4.53
270,53,306.17,221.17,2,28.76,9.69
270,53,306.17,221.17,3,38.45,18.99
270,53,306.17,221.17,4,3.34,30.83
270,54,359.28,25.09,0,8.71,10.84
270,54,359.28,25.09,1,39.58,4.53
270,54,359.28,25.09,2,28.76,9.69
270,54,359.28,25.09,3,38.45,18.99
270,54,359.28,25.09,4,3.34,30.83
270,55,307.98,231.15,0,8.71,10.84
270,55,307.98,231.15,1,39.58,4.53
270,55,307.98,231.15,2,28.76,9.69
270,55,307.98,231.15,3,38.45,18.99
270,55,307.98,231.15,4,3.34,30.83
270,56,354.84,179.95,0,8.71,10.84
270,56,354.84,179.95,1,39.58,4.53
270,56,354.84,179.95,2,28.76,9.69
270,56,354.84,179.95,3,38.45,18.99
270,56,354.84,179.95,4,3.34,30.83
270,57,81.04,163.27,0,8.71,10.84
270,57,81.04,163.27,1,39.58,4.53
270,57,81.04,163.27,2,28.76,9.69
270,57,81.04,163.27,3,38.45,18.99
270,57,81.04,163.27,4,3.34,30.83
270,58,389.00,180.00,0,8.71,10.84
270,58,389.00,180.00,1,39.58,4.53
270,58,389.00,180.00,2,28.76,9.69
270,58,389.00,180.00,3,38.45,18.99
270,58,389.00,180.00,4,3.34,30.83
270,60,175.57,287.53,0,8.71,10.84
270,60,175.57,287.53,1,39.58,4.53
270,60,175.57,287.53,2,28.76,9.69
270,60,175.57,287.53,3,38.45,18.99
270,60,175.57,287.53,4,3.34,30.83
270,61,63.64,133.78,0,8.71,10.84
270,61,63.64,133.78,1,39.58,4.53
270,61,63.64,133.78,2,28.76,9.69
270,61,63.64,133.78,3,38.45,18.99
270,61,63.64,133.78,4,3.34,30.83
270,62,33.33,351.75,0,8.71,10.84
270,62,33.33,351.75,1,39.58,4.53
270,62,33.33,351.75,2,28.76,9.69
270,62,33.33,351.75,3,38.45,18.99
270,62,33.33,351.75,4,3.34,30.83
270,63,86.33,153.90,0,8.71,10.84
270,63,86.33,153.90,1,39.58,4.53
270,63,86.33,153.90,2,28.76,9.69
270,63,86.33,153.90,3,38.45,18.99
270,63,86.33,153.90,4,3.34,30.83
270,64,385.00,32.48,0,8.71,10.84
270,64,385.00,32.48,1,39.58,4.53
270,64,385.00,32.48,2,28.76,9.69
270,64,385.00,32.48,3,38.45,18.99
270,64,385.00,32.48,4,3.34,30.83
270,65,352.45,236.20,0,8.71,10.84
270,65,352.45,236.20,1,39.58,4.53
270,65,352.45,236.20,2,28.76,9.69
270,65,352.45,236.20,3,38.45,18.99
270,65,352.45,236.20,4,3.34,30.83
270,66,76.12,360.16,0,8.71,10.84
270,66,76.12,360.16,1,39.58,4.53
270,66,76.12,360.16,2,28.76,9.69
270,66,76.12,360.16,3,38.45,18.99
270,66,76.12,360.16,4,3.34,30.83
270,67,50.39,188.30,0,8.71,10.84
270,67,50.39,188.30,1,39.58,4.53
270,67,50.39,188.30,2,28.76,9.69
270,67,50.39,188.30,3,38.45,18.99
270,67,50.39,188.30,4,3.34,30.83
270,68,216.13,326.66,0,8.71,10.84
270,68,216.13,326.66,1,39.58,4.53
270,68,216.13,326.66,2,28.76,9.69
270,68,216.13,326.66,3,38.45,18.99
270,68,216.13,326.66,4,3.34,30.83
270,69,388.24,334.35,0,8.71,10.84
270,69,388.24,334.35,1,39.58,4.53
270,69,388.24,334.35,2,28.76,9.69
270,69,388.24,334.35,3,38.45,18.99
270,69,388.24,334.35,4,3.34,30.83
270,70,254.57,103.30,0,8.71,10.84
270,70,254.57,103.30,1,39.58,4.53
270,70,254.57,103.30,2,28.76,9.69
270,70,254.57,103.30,3,38.45,18.99
270,70,254.57,103.30,4,3.34,30.83
270,71,32.26,338.08,0,8.71,10.84
270,71,32.26,338.08,1,39.58,4.53
270,71,32.26,338.08,2,28.76,9.69
270,71,32.26,338.08,3,38.45,18.99
270,71,32.26,338.08,4,3.34,30.83
270,72,21.31,346.27,0,8.71,10.84
270,72,21.31,346.27,1,39.58,4.53
270,72,21.31,346.27,2,28.76,9.69
270,72,21.31,346.27,3,38.45,18.99
270,72,21.31,346.27,4,3.34,30.83
270,73,384.80,178.59,0,8.71,10.84
270,73,384.80,178.59,1,39.58,4.53
270,73,384.80,178.59,2,28.76,9.69
270,73,384.80,178.59,3,38.45,18.99
270,73,384.80,178.59,4,3.34,30.83
270,74,242.88,86.14,0,8.71,10.84
270,74,242.88,86.14,1,39.58,4.53
270,74,242.88,86.14,2,28.76,9.69
270,74,242.88,86.14,3,38.45,18.99
270,74,242.88,86.14,4,3.34,30.83
270,75,225.16,97.97,0,8.71,10.84
270,75,225.16,97.97,1,39.58,4.53
270,75,225.16,97.97,2,28.76,9.69
270,75,225.16,97.97,3,38.45,18.99
270,75,225.16,97.97,4,3.34,30.83
270,76,378.61,156.45,0,8.71,10.84
270,76,378.61,156.45,1,39.58,4.53
270,76,378.61,156.45,2,28.76,9.69
270,76,378.61,156.45,3,38.45,18.99
270,76,378.61,156.45,4,3.34,30.83
270,77,70.57,134.20,0,8.71,10.84
270,77,70.57,134.20,1,39.58,4.53
270,77,70.57,134.20,2,28.76,9.69
270,77,70.57,134.20,3,38.45,18.99
270,77,70.57,134.20,4,3.34,30.83
270,78,204.50,377.37,0,8.71,10.84
270,78,204.50,377.37,1,39.58,4.53
270,78,204.50,377.37,2,28.76,9.69
270,78,204.50,377.37,3,38.45,18.99
270,78,204.50,377.37,4,3.34,30.83
270,79,377.22,194.00,0,8.71,10.84
270,79,377.22,194.00,1,39.58,4.53
270,79,377.22,194.00,2,28.76,9.69
270,79,377.22,194.00,3,38.45,18.99
270,79,377.22,194.00,4,3.34,30.83
270,81,250.95,361.99,0,8.71,10.84
270,81,250.95,361.99,1,39.58,4.53
270,81,250.95,361.99,2,28.76,9.69
270,81,250.95,361.99,3,38.45,18.99
270,81,250.95,361.99,4,3.34,30.83
270,82,338.06,137.67,0,8.71,10.84
270,82,338.06,137.67,1,39.58,4.53
270,82,338.06,137.67,2,28.76,9.69
270,82,338.06,137.67,3,38.45,18.99
270,82,338.06,137.67,4,3.34,30.83
270,83,195.10,51.86,0,8.71,10.84
270,83,195.10,51.86,1,39.58,4.53
270,83,195.10,51.86,2,28.76,9.69
270,83,195.10,51.86,3,38.45,18.99
270,83,195.10,51.86,4,3.34,30.83
270,84,209.72,295.93,0,8.71,10.84
270,84,209.72,295.93,1,39.58,4.53
270,84,209.72,295.93,2,28.76,9.69
270,84,209.72,295.93,3,38.45,18.99
270,84,209.72,295.93,4,3.34,30.83
270,85,370.44,155.91,0,8.71,10.84
270,85,370.44,155.91,1,39.58,4.53
270,85,370.44,155.91,2,28.76,9.69
270,85,370.44,155.91,3,38.45,18.99
270,85,370.44,155.91,4,3.34,30.83
270,86,61.04,125.83,0,8.71,10.84
270,86,61.04,125.83,1,39.58,4.53
270,86,61.04,125.83,2,28.76,9.69
270,86,61.04,125.83,3,38.45,18.99
270,86,61.04,125.83,4,3.34,30.83
270,87,387.94,22.88,0,8.71,10.84
270,87,387.94,22.88,1,39.58,4.53
270,87,387.94,22.88,2,28.76,9.69
270,87,387.94,22.88,3,38.45,18.99
270,87,387.94,22.88,4,3.34,30.83
270,88,168.27,300.92,0,8.71,10.84
270,88,168.27,300.92,1,39.58,4.53
270,88,168.27,300.92,2,28.76,9.69
270,88,168.27,300.92,3,38.45,18.99
270,88,168.27,300.92,4,3.34,30.83
270,89,302.18,73.62,0,8.71,10.84
270,89,302.18,73.62,1,39.58,4.53
270,89,302.18,73.62,2,28.76,9.69
270,89,302.18,73.62,3,38.45,18.99
270,89,302.18,73.62,4,3.34,30.83
270,90,217.07,68.71,0,8.71,10.84
270,90,217.07,68.71,1,39.58,4.53
270,90,217.07,68.71,2,28.76,9.69
270,90,217.07,68.71,3,38.45,18.99
270,90,217.07,68.71,4,3.34,30.83
270,92,279.61,99.98,0,8.71,10.84
270,92,279.61,99.98,1,39.58,4.53
270,92,279.61,99.98,2,28.76,9.69
270,92,279.61,99.98,3,38.45,18.99
270,92,279.61,99.98,4,3.34,30.83
270,93,261.65,88.77,0,8.71,10.84
270,93,261.65,88.77,1,39.58,4.53
270,93,261.65,88.77,2,28.76,9.69
270,93,261.65,88.77,3,38.45,18.99
270,93,261.65,88.77,4,3.34,30.83
270,94,18.22,330.58,0,8.71,10.84
270,94,18.22,330.58,1,39.58,4.53
270,94,18.22,330.58,2,28.76,9.69
270,94,18.22,330.58,3,38.45,18.99
270,94,18.22,330.58,4,3.34,30.83
270,95,360.91,173.22,0,8.71,10.84
270,95,360.91,173.22,1,39.58,4.53
270,95,360.91,173.22,2,28.76,9.69
270,95,360.91,173.22,3,38.45,18.99
270,95,360.91,173.22,4,3.34,30.83
270,96,75.85,153.94,0,8.71,10.84
270,96,75.85,153.94,1,39.58,4.53
270,96,75.85,153.94,2,28.76,9.69
270,96,75.85,153.94,3,38.45,18.99
270,96,75.85,153.94,4,3.34,30.83
270,97,261.38,141.15,0,8.71,10.84
270,97,261.38,141.15,1,39.58,4.53
270,97,261.38,141.15,2,28.76,9.69
270,97,261.38,141.15,3,38.45,18.99
270,97,261.38,141.15,4,3.34,30.83
270,98,363.24,19.57,0,8.71,10.84
270,98,363.24,19.57,1,39.58,4.53
270,98,363.24,19.57,2,28.76,9.69
270,98,363.24,19.57,3,38.45,18.99
270,98,363.24,19.57,4,3.34,30.83
270,102,58.69,149.85,0,8.71,10.84
270,102,58.69,149.85,1,39.58,4.53
270,102,58.69,149.85,2,28.76,9.69
270,102,58.69,149.85,3,38.45,18.99
270,102,58.69,149.85,4,3.34,30.83
270,103,87.94,367.29,0,8.71,10.84
270,103,87.94,367.29,1,39.58,4.53
270,103,87.94,367.29,2,28.76,9.69
270,103,87.94,367.29,3,38.45,18.99
270,103,87.94,367.29,4,3.34,30.83
270,104,369.82,20.32,0,8.71,10.84
270,104,369.82,20.32,1,39.58,4.53
270,104,369.82,20.32,2,28.76,9.69
270,104,369.82,20.32,3,38.45,18.99
270,104,369.82,20.32,4,3.34,30.83
270,105,33.11,328.31,0,8.71,10.84
270,105,33.11,328.31,1,39.58,4.53
270,105,33.11,328.31,2,28.76,9.69
270,105,33.11,328.31,3,38.45,18.99
270,105,33.11,328.31,4,3.34,30.83
270,106,45.74,284.61,0,8.71,10.84
270,106,45.74,284.61,1,39.58,4.53
270,106,45.74,284.61,2,28.76,9.69
270,106,45.74,284.61,3,38.45,18.99
270,106,45.74,284.61,4,3.34,30.83
270,107,269.66,113.89,0,8.71,10.84
270,107,269.66,113.89,1,39.58,4.53
270,107,269.66,113.89,2,28.76,9.69
270,107,269.66,113.89,3,38.45,18.99
270,107,269.66,113.89,4,3.34,30.83
270,108,21.58,78.32,0,8.71,10.84
270,108,21.58,78.32,1,39.58,4.53
270,108,21.58,78.32,2,28.76,9.69
270,108,21.58,78.32,3,38.45,18.99
270,108,21.58,78.32,4,3.34,30.83
270,109,47.06,311.45,0,8.71,10.84
270,109,47.06,311.45,1,39.58,4.53
270,109,47.06,311.45,2,28.76,9.69
270,109,47.06,311.45,3,38.45,18.99
270,109,47.06,311.45,4,3.34,30.83
270,110,97.28,328.06,0,8.71,10.84
270,110,97.28,328.06,1,39.58,4.53
270,110,97.28,328.06,2,28.76,9.69
270,110,97.28,328.06,3,38.45,18.99
270,110,97.28,328.06,4,3.34,30.83
270,111,387.37,36.50,0,8.71,10.84
270,111,387.37,36.50,1,39.58,4.53
270,111,387.37,36.50,2,28.76,9.69
270,111,387.37,36.50,3,38.45,18.99
270,111,387.37,36.50,4,3.34,30.83
270,112,210.58,106.32,0,8.71,10.84
270,112,210.58,106.32,1,39.58,4.53
270,112,210.58,106.32,2,28.76,9.69
270,112,210.58,106.32,3,38.45,18.99
270,112,210.58,106.32,4,3.34,30.83
270,113,88.88,123.80,0,8.71,10.84
270,113,88.88,123.80,1,39.58,4.53
270,113,88.88,123.80,2,28.76,9.69
270,113,88.88,123.80,3,38.45,18.99
270,113,88.88,123.80,4,3.34,30.83
270,114,175.79,36.51,0,8.71,10.84
270,114,175.79,36.51,1,39.58,4.53
270,114,175.79,36.51,2,28.76,9.69
270,114,175.79,36.51,3,38.45,18.99
270,114,175.79,36.51,4,3.34,30.83
270,115,379.30,200.52,0,8.71,10.84
270,115,379.30,200.52,1,39.58,4.53
270,115,379.30,200.52,2,28.76,9.69
270,115,379.30,200.52,3,38.45,18.99
270,115,379.30,200.52,4,3.34,30.83
270,116,234.64,122.86,0,8.71,10.84
270,116,234.64,122.86,1,39.58,4.53
270,116,234.64,122.86,2,28.76,9.69
270,116,234.64,122.86,3,38.45,18.99
270,116,234.64,122.86,4,3.34,30.83
270,117,361.68,136.37,0,8.71,10.84
270,117,361.68,136.37,1,39.58,4.53
270,117,361.68,136.37,2,28.76,9.69
270,117,361.68,136.37,3,38.45,18.99
270,117,361.68,136.37,4,3.34,30.83
270,118,85.29,184.12,0,8.71,10.84
270,118,85.29,184.12,1,39.58,4.53
270,118,85.29,184.12,2,28.76,9.69
270,118,85.29,184.12,3,38.45,18.99
270,118,85.29,184.12,4,3.34,30.83
270,119,320.19,125.58,0,8.71,10.84
270,119,320.19,125.58,1,39.58,4.53
270,119,320.19,125.58,2,28.76,9.69
270,119,320.19,125.58,3,38.45,18.99
270,119,320.19,125.58,4,3.34,30.83
270,120,177.13,228.73,0,8.71,10.84
270,120,177.13,228.73,1,39.58,4.53
270,120,177.13,228.73,2,28.76,9.69
270,120,177.13,228.73,3,38.45,18.99
270,120,177.13,228.73,4,3.34,30.83
270,121,81.10,119.49,0,8.71,10.84
270,121,81.10,119.49,1,39.58,4.53
270,121,81.10,119.49,2,28.76,9.69
270,121,81.10,119.49,3,38.45,18.99
270,121,81.10,119.49,4,3.34,30.83
270,122,125.80,243.05,0,8.71,10.84
270,122,125.80,243.05,1,39.58,4.53
270,122,125.80,243.05,2,28.76,9.69
270,122,125.80,243.05,3,38.45,18.99
270,122,125.80,243.05,4,3.34,30.83
270,123,144.91,321.70,0,8.71,10.84
270,123,144.91,321.70,1,39.58,4.53
270,123,144.91,321.70,2,28.76,9.69
270,123,144.91,321.70,3,38.45,18.99
270,123,144.91,321.70,4,3.34,30.83
270,124,110.17,53.84,0,8.71,10.84
270,124,110.17,53.84,1,39.58,4.53
270,124,110.17,53.84,2,28.76,9.69
270,124,110.17,53.84,3,38.45,18.99
270,124,110.17,53.84,4,3.34,30.83
270,125,369.81,125.36,0,8.71,10.84
270,125,369.81,125.36,1,39.58,4.53
270,125,369.81,125.36,2,28.76,9.69
270,125,369.81,125.36,3,38.45,18.99
270,125,369.81,125.36,4,3.34,30.83
270,126,51.11,104.33,0,8.71,10.84
270,126,51.11,104.33,1,39.58,4.53
270,126,51.11,104.33,2,28.76,9.69
270,126,51.11,104.33,3,38.45,18.99
270,126,51.11,104.33,4,3.34,30.83
270,127,26.37,348.71,0,8.71,10.84
270,127,26.37,348.71,1,39.58,4.53
270,127,26.37,348.71,2,28.76,9.69
270,127,26.37,348.71,3,38.45,18.99
270,127,26.37,348.71,4,3.34,30.83
270,128,235.22,354.05,0,8.71,10.84
270,128,235.22,354.05,1,39.58,4.53
270,128,235.22,354.05,2,28.76,9.69
270,128,235.22,354.05,3,38.45,18.99
270,128,235.22,354.05,4,3.34,30.83
270,129,313.06,165.41,0,8.71,10.84
270,129,313.06,165.41,1,39.58,4.53
270,129,313.06,165.41,2,28.76,9.69
270,129,313.06,165.41,3,38.45,18.99
270,129,313.06,165.41,4,3.34,30.83
270,131,271.67,92.27,0,8.71,10.84
270,131,271.67,92.27,1,39.58,4.53
270,131,271.67,92.27,2,28.76,9.69
270,131,271.67,92.27,3,38.45,18.99
270,131,271.67,92.27,4,3.34,30.83
270,132,377.66,264.33,0,8.71,10.84
270,132,377.66,264.33,1,39.58,4.53
270,132,377.66,264.33,2,28.76,9.69
270,132,377.66,264.33,3,38.45,18.99
270,132,377.66,264.33,4,3.34,30.83
270,133,43.56,113.60,0,8.71,10.84
270,133,43.56,113.60,1,39.58,4.53
270,133,43.56,113.60,2,28.76,9.69
270,133,43.56,113.60,3,38.45,18.99
270,133,43.56,113.60,4,3.34,30.83
270,134,388.27,35.55,0,8.71,10.84
270,134,388.27,35.55,1,39.58,4.53
270,134,388.27,35.55,2,28.76,9.69
270,134,388.27,35.55,3,38.45,18.99
270,134,388.27,35.55,4,3.34,30.83
270,135,67.06,279.07,0,8.71,10.84
270,135,67.06,279.07,1,39.58,4.53
270,135,67.06,279.07,2,28.76,9.69
270,135,67.06,279.07,3,38.45,18.99
270,135,67.06,279.07,4,3.34,30.83
270,136,384.79,38.18,0,8.71,10.84
270,136,384.79,38.18,1,39.58,4.53
270,136,384.79,38.18,2,28.76,9.69
270,136,384.79,38.18,3,38.45,18.99
270,136,384.79,38.18,4,3.34,30.83
270,137,266.36,85.23,0,8.71,10.84
270,137,266.36,85.23,1,39.58,4.53
270,137,266.36,85.23,2,28.76,9.69
270,137,266.36,85.23,3,38.45,18.99
270,137,266.36,85.23,4,3.34,30.83
270,138,266.30,101.20,0,8.71,10.84
270,138,266.30,101.20,1,39.58,4.53
270,138,266.30,101.20,2,28.76,9.69
270,138,266.30,101.20,3,38.45,18.99
270,138,266.30,101.20,4,3.34,30.83
270,139,369.59,142.06,0,8.71,10.84
270,139,369.59,142.06,1,39.58,4.53
270,139,369.59,142.06,2,28.76,9.69
270,139,369.59,142.06,3,38.45,18.99
270,139,369.59,142.06,4,3.34,30.83
270,140,380.41,21.46,0,8.71,10.84
270,140,380.41,21.46,1,39.58,4.53
270,140,380.41,21.46,2,28.76,9.69
270,140,380.41,21.46,3,38.45,18.99
270,140,380.41,21.46,4,3.34,30.83
270,141,340.51,369.34,0,8.71,10.84
270,141,340.51,369.34,1,39.58,4.53
270,141,340.51,369.34,2,28.76,9.69
270,141,340.51,369.34,3,38.45,18.99
270,141,340.51,369.34,4,3.34,30.83
270,142,259.61,116.18,0,8.71,10.84
270,142,259.61,116.18,1,39.58,4.53
270,142,259.61,116.18,2,28.76,9.69
270,142,259.61,116.18,3,38.45,18.99
270,142,259.61,116.18,4,3.34,30.83
270,143,337.86,338.38,0,8.71,10.84
270,143,337.86,338.38,1,39.58,4.53
270,143,337.86,338.38,2,28.76,9.69
270,143,337.86,338.38,3,38.45,18.99
270,143,337.86,338.38,4,3.34,30.83
270,145,240.48,337.95,0,8.71,10.84
270,145,240.48,337.95,1,39.58,4.53
270,145,240.48,337.95,2,28.76,9.69
270,145,240.48,337.95,3,38.45,18.99
270,145,240.48,337.95,4,3.34,30.83
270,146,101.34,173.02,0,8.71,10.84
270,146,101.34,173.02,1,39.58,4.53
270,146,101.34,173.02,2,28.76,9.69
270,146,101.34,173.02,3,38.45,18.99
270,146,101.34,173.02,4,3.34,30.83
270,147,25.96,297.11,0,8.71,10.84
270,147,25.96,297.11,1,39.58,4.53
270,147,25.96,297.11,2,28.76,9.69
270,147,25.96,297.11,3,38.45,18.99
270,147,25.96,297.11,4,3.34,30.83
270,148,320.66,204.29,0,8.71,10.84
270,148,320.66,204.29,1,39.58,4.53
270,148,320.66,204.29,2,28.76,9.69
270,148,320.66,204.29,3,38.45,18.99
270,148,320.66,204.29,4,3.34,30.83
270,149,362.02,237.62,0,8.71,10.84
270,149,362.02,237.62,1,39.58,4.53
270,149,362.02,237.62,2,28.76,9.69
270,149,362.02,237.62,3,38.45,18.99
270,149,362.02,237.62,4,3.34,30.83
270,150,290.72,135.66,0,8.71,10.84
270,150,290.72,135.66,1,39.58,4.53
270,150,290.72,135.66,2,28.76,9.69
270,150,290.72,135.66,3,38.45,18.99
270,150,290.72,135.66,4,3.34,30.83
270,151,227.61,88.02,0,8.71,10.84
270,151,227.61,88.02,1,39.58,4.53
270,151,227.61,88.02,2,28.76,9.69
270,151,227.61,88.02,3,38.45,18.99
270,151,227.61,88.02,4,3.34,30.83
270,152,52.30,99.62,0,8.71,10.84
270,152,52.30,99.62,1,39.58,4.53
270,152,52.30,99.62,2,28.76,9.69
270,152,52.30,99.62,3,38.45,18.99
270,152,52.30,99.62,4,3.34,30.83
270,155,225.85,128.79,0,8.71,10.84
270,155,225.85,128.79,1,39.58,4.53
270,155,225.85,128.79,2,28.76,9.69
270,155,225.85,128.79,3,38.45,18.99
270,155,225.85,128.79,4,3.34,30.83
270,156,362.42,304.11,0,8.71,10.84
270,156,362.42,304.11,1,39.58,4.53
270,156,362.42,304.11,2,28.76,9.69
270,156,362.42,304.11,3,38.45,18.99
270,156,362.42,304.11,4,3.34,30.83
270,157,231.15,96.65,0,8.71,10.84
270,157,231.15,96.65,1,39.58,4.53
270,157,231.15,96.65,2,28.76,9.69
270,157,231.15,96.65,3,38.45,18.99
270,157,231.15,96.65,4,3.34,30.83
270,158,247.50,102.00,0,8.71,10.84
270,158,247.50,102.00,1,39.58,4.53
270,158,247.50,102.00,2,28.76,9.69
270,158,247.50,102.00,3,38.45,18.99
270,158,247.50,102.00,4,3.34,30.83
270,159,369.35,280.39,0,8.71,10.84
270,159,369.35,280.39,1,39.58,4.53
270,159,369.35,280.39,2,28.76,9.69
270,159,369.35,280.39,3,38.45,18.99
270,159,369.35,280.39,4,3.34,30.83
270,160,308.85,386.49,0,8.71,10.84
270,160,308.85,386.49,1,39.58,4.53
270,160,308.85,386.49,2,28.76,9.69
270,160,308.85,386.49,3,38.45,18.99
270,160,308.85,386.49,4,3.34,30.83
270,161,191.87,144.16,0,8.71,10.84
270,161,191.87,144.16,1,39.58,4.53
270,161,191.87,144.16,2,28.76,9.69
270,161,191.87,144.16,3,38.45,18.99
270,161,191.87,144.16,4,3.34,30.83
270,162,282.96,349.24,0,8.71,10.84
270,162,282.96,349.24,1,39.58,4.53
270,162,282.96,349.24,2,28.76,9.69
270,162,282.96,349.24,3,38.45,18.99
270,162,282.96,349.24,4,3.34,30.83
270,163,197.69,135.85,0,8.71,10.84
270,163,197.69,135.85,1,39.58,4.53
270,163,197.69,135.85,2,28.76,9.69
270,163,197.69,135.85,3,38.45,18.99
270,163,197.69,135.85,4,3.34,30.83
270,164,46.09,47.20,0,8.71,10.84
270,164,46.09,47.20,1,39.58,4.53
270,164,46.09,47.20,2,28.76,9.69
270,164,46.09,47.20,3,38.45,18.99
270,164,46.09,47.20,4,3.34,30.83
270,165,88.64,89.07,0,8.71,10.84
270,165,88.64,89.07,1,39.58,4.53
270,165,88.64,89.07,2,28.76,9.69
270,165,88.64,89.07,3,38.45,18.99
270,165,88.64,89.07,4,3.34,30.83
270,166,278.41,374.21,0,8.71,10.84
270,166,278.41,374.21,1,39.58,4.53
270,166,278.41,374.21,2,28.76,9.69
270,166,278.41,374.21,3,38.45,18.99
270,166,278.41,374.21,4,3.34,30.83
270,167,390.61,306.22,0,8.71,10.84
270,167,390.61,306.22,1,39.58,4.53
270,167,390.61,306.22,2,28.76,9.69
270,167,390.61,306.22,3,38.45,18.99
270,167,390.61,306.22,4,3.34,30.83
270,168,201.00,282.32,0,8.71,10.84
270,168,201.00,282.32,1,39.58,4.53
270,168,201.00,282.32,2,28.76,9.69
270,168,201.00,282.32,3,38.45,18.99
270,168,201.00,282.32,4,3.34,30.83
270,169,224.36,78.58,0,8.71,10.84
270,169,224.36,78.58,1,39.58,4.53
270,169,224.36,78.58,2,28.76,9.69
270,169,224.36,78.58,3,38.45,18.99
270,169,224.36,78.58,4,3.34,30.83
270,170,312.94,244.91,0,8.71,10.84
270,170,312.94,244.91,1,39.58,4.53
270,170,312.94,244.91,2,28.76,9.69
270,170,312.94,244.91,3,38.45,18.99
270,170,312.94,244.91,4,3.34,30.83
270,171,73.47,113.90,0,8.71,10.84
270,171,73.47,113.90,1,39.58,4.53
270,171,73.47,113.90,2,28.76,9.69
270,171,73.47,113.90,3,38.45,18.99
270,171,73.47,113.90,4,3.34,30.83
270,172,381.12,185.26,0,8.71,10.84
270,172,381.12,185.26,1,39.58,4.53
270,172,381.12,185.26,2,28.76,9.69
270,172,381.12,185.26,3,38.45,18.99
270,172,381.12,185.26,4,3.34,30.83
270,173,389.25,173.00,0,8.71,10.84
270,173,389.25,173.00,1,39.58,4.53
270,173,389.25,173.00,2,28.76,9.69
270,173,389.25,173.00,3,38.45,18.99
270,173,389.25,173.00,4,3.34,30.83
270,174,172.22,217.09,0,8.71,10.84
270,174,172.22,217.09,1,39.58,4.53
270,174,172.22,217.09,2,28.76,9.69
270,174,172.22,217.09,3,38.45,18.99
270,174,172.22,217.09,4,3.34,30.83
270,176,57.65,185.88,0,8.71,10.84
270,176,57.65,185.88,1,39.58,4.53
270,176,57.65,185.88,2,28.76,9.69
270,176,57.65,185.88,3,38.45,18.99
270,176,57.65,185.88,4,3.34,30.83
270,177,215.86,282.52,0,8.71,10.84
270,177,215.86,282.52,1,39.58,4.53
270,177,215.86,282.52,2,28.76,9.69
270,177,215.86,282.52,3,38.45,18.99
270,177,215.86,282.52,4,3.34,30.83
270,178,238.78,102.11,0,8.71,10.84
270,178,238.78,102.11,1,39.58,4.53
270,178,238.78,102.11,2,28.76,9.69
270,178,238.78,102.11,3,38.45,18.99
270,178,238.78,102.11,4,3.34,30.83
270,179,38.48,320.48,0,8.71,10.84
270,179,38.48,320.48,1,39.58,4.53
270,179,38.48,320.48,2,28.76,9.69
270,179,38.48,320.48,3,38.45,18.99
270,179,38.48,320.48,4,3.34,30.83
270,180,211.26,149.33,0,8.71,10.84
270,180,211.26,149.33,1,39.58,4.53
270,180,211.26,149.33,2,28.76,9.69
270,180,211.26,149.33,3,38.45,18.99
270,180,211.26,149.33,4,3.34,30.83
270,181,30.84,129.78,0,8.71,10.84
270,181,30.84,129.78,1,39.58,4.53
270,181,30.84,129.78,2,28.76,9.69
270,181,30.84,129.78,3,38.45,18.99
270,181,30.84,129.78,4,3.34,30.83
270,183,77.31,125.56,0,8.71,10.84
270,183,77.31,125.56,1,39.58,4.53
270,183,77.31,125.56,2,28.76,9.69
270,183,77.31,125.56,3,38.45,18.99
270,183,77.31,125.56,4,3.34,30.83
270,184,60.88,113.86,0,8.71,10.84
270,184,60.88,113.86,1,39.58,4.53
270,184,60.88,113.86,2,28.76,9.69
270,184,60.88,113.86,3,38.45,18.99
270,184,60.88,113.86,4,3.34,30.83
270,185,60.55,300.07,0,8.71,10.84
270,185,60.55,300.07,1,39.58,4.53
270,185,60.55,300.07,2,28.76,9.69
270,185,60.55,300.07,3,38.45,18.99
270,185,60.55,300.07,4,3.34,30.83
270,186,242.56,105.78,0,8.71,10.84
270,186,242.56,105.78,1,39.58,4.53
270,186,242.56,105.78,2,28.76,9.69
270,186,242.56,105.78,3,38.45,18.99
270,186,242.56,105.78,4,3.34,30.83
270,187,119.06,314.78,0,8.71,10.84
270,187,119.06,314.78,1,39.58,4.53
270,187,119.06,314.78,2,28.76,9.69
270,187,119.06,314.78,3,38.45,18.99
270,187,119.06,314.78,4,3.34,30.83
270,188,259.44,123.75,0,8.71,10.84
270,188,259.44,123.75,1,39.58,4.53
270,188,259.44,123.75,2,28.76,9.69
270,188,259.44,123.75,3,38.45,18.99
270,188,259.44,123.75,4,3.34,30.83
270,189,35.21,301.81,0,8.71,10.84
270,189,35.21,301.81,1,39.58,4.53
270,189,35.21,301.81,2,28.76,9.69
270,189,35.21,301.81,3,38.45,18.99
270,189,35.21,301.81,4,3.34,30.83
270,190,52.70,71.10,0,8.71,10.84
270,190,52.70,71.10,1,39.58,4.53
270,190,52.70,71.10,2,28.76,9.69
270,190,52.70,71.10,3,38.45,18.99
270,190,52.70,71.10,4,3.34,30.83
270,191,44.35,328.07,0,8.71,10.84
270,191,44.35,328.07,1,39.58,4.53
270,191,44.35,328.07,2,28.76,9.69
270,191,44.35,328.07,3,38.45,18.99
270,191,44.35,328.07,4,3.34,30.83
270,192,257.42,89.91,0,8.71,10.84
270,192,257.42,89.91,1,39.58,4.53
270,192,257.42,89.91,2,28.76,9.69
270,192,257.42,89.91,3,38.45,18.99
270,192,257.42,89.91,4,3.34,30.83
270,193,329.89,112.18,0,8.71,10.84
270,193,329.89,112.18,1,39.58,4.53
270,193,329.89,112.18,2,28.76,9.69
270,193,329.89,112.18,3,38.45,18.99
270,193,329.89,112.18,4,3.34,30.83
270,194,55.18,130.42,0,8.71,10.84
270,194,55.18,130.42,1,39.58,4.53
270,194,55.18,130.42,2,28.76,9.69
270,194,55.18,130.42,3,38.45,18.99
270,194,55.18,130.42,4,3.34,30.83
270,195,77.24,344.57,0,8.71,10.84
270,195,77.24,344.57,1,39.58,4.53
270,195,77.24,344.57,2,28.76,9.69
270,195,77.24,344.57,3,38.45,18.99
270,195,77.24,344.57,4,3.34,30.83
270,196,65.13,115.21,0,8.71,10.84
270,196,65.13,115.21,1,39.58,4.53
270,196,65.13,115.21,2,28.76,9.69
270,196,65.13,115.21,3,38.45,18.99
270,196,65.13,115.21,4,3.34,30.83
270,198,372.62,174.85,0,8.71,10.84
270,198,372.62,174.85,1,39.58,4.53
270,198,372.62,174.85,2,28.76,9.69
270,198,372.62,174.85,3,38.45,18.99
270,198,372.62,174.85,4,3.34,30.83
270,199,41.54,151.37,0,8.71,10.84
270,199,41.54,151.37,1,39.58,4.53
270,199,41.54,151.37,2,28.76,9.69
270,199,41.54,151.37,3,38.45,18.99
270,199,41.54,151.37,4,3.34,30.83
270,200,30.29,87.38,0,8.71,10.84
270,200,30.29,87.38,1,39.58,4.53
270,200,30.29,87.38,2,28.76,9.69
270,200,30.29,87.38,3,38.45,18.99
270,200,30.29,87.38,4,3.34,30.83
270,201,382.92,171.25,0,8.71,10.84
270,201,382.92,171.25,1,39.58,4.53
270,201,382.92,171.25,2,28.76,9.69
270,201,382.92,171.25,3,38.45,18.99
270,201,382.92,171.25,4,3.34,30.83
270,203,368.18,200.80,0,8.71,10.84
270,203,368.18,200.80,1,39.58,4.53
270,203,368.18,200.80,2,28.76,9.69
270,203,368.18,200.80,3,38.45,18.99
270,203,368.18,200.80,4,3.34,30.83
270,204,35.20,317.74,0,8.71,10.84
270,204,35.20,317.74,1,39.58,4.53
270,204,35.20,317.74,2,28.76,9.69
270,204,35.20,317.74,3,38.45,18.99
270,204,35.20,317.74,4,3.34,30.83
270,206,254.38,108.76,0,8.71,10.84
270,206,254.38,108.76,1,39.58,4.53
270,206,254.38,108.76,2,28.76,9.69
270,206,254.38,108.76,3,38.45,18.99
270,206,254.38,108.76,4,3.34,30.83
270,207,18.10,295.51,0,8.71,10.84
270,207,18.10,295.51,1,39.58,4.53
270,207,18.10,295.51,2,28.76,9.69
270,207,18.10,295.51,3,38.45,18.99
270,207,18.10,295.51,4,3.34,30.83
270,208,46.61,343.93,0,8.71,10.84
270,208,46.61,343.93,1,39.58,4.53
270,208,46.61,343.93,2,28.76,9.69
270,208,46.61,343.93,3,38.45,18.99
270,208,46.61,343.93,4,3.34,30.83
270,210,268.89,105.80,0,8.71,10.84
270,210,268.89,105.80,1,39.58,4.53
270,210,268.89,105.80,2,28.76,9.69
270,210,268.89,105.80,3,38.45,18.99
270,210,268.89,105.80,4,3.34,30.83
270,211,119.09,367.81,0,8.71,10.84
270,211,119.09,367.81,1,39.58,4.53
270,211,119.09,367.81,2,28.76,9.69
270,211,119.09,367.81,3,38.45,18.99
270,211,119.09,367.81,4,3.34,30.83
270,212,386.61,255.96,0,8.71,10.84
270,212,386.61,255.96,1,39.58,4.53
270,212,386.61,255.96,2,28.76,9.69
270,212,386.61,255.96,3,38.45,18.99
270,212,386.61,255.96,4,3.34,30.83
270,213,378.81,253.57,0,8.71,10.84
270,213,378.81,253.57,1,39.58,4.53
270,213,378.81,253.57,2,28.76,9.69
270,213,378.81,253.57,3,38.45,18.99
270,213,378.81,253.57,4,3.34,30.83
270,214,249.20,85.03,0,8.71,10.84
270,214,249.20,85.03,1,39.58,4.53
270,214,249.20,85.03,2,28.76,9.69
270,214,249.20,85.03,3,38.45,18.99
270,214,249.20,85.03,4,3.34,30.83
270,215,254.34,384.20,0,8.71,10.84
270,215,254.34,384.20,1,39.58,4.53
270,215,254.34,384.20,2,28.76,9.69
270,215,254.34,384.20,3,38.45,18.99
270,215,254.34,384.20,4,3.34,30.83
270,216,246.84,390.17,0,8.71,10.84
270,216,246.84,390.17,1,39.58,4.53
270,216,246.84,390.17,2,28.76,9.69
270,216,246.84,390.17,3,38.45,18.99
270,216,246.84,390.17,4,3.34,30.83
270,217,373.81,14.63,0,8.71,10.84
270,217,373.81,14.63,1,39.58,4.53
270,217,373.81,14.63,2,28.76,9.69
270,217,373.81,14.63,3,38.45,18.99
270,217,373.81,14.63,4,3.34,30.83
270,218,280.69,388.50,0,8.71,10.84
270,218,280.69,388.50,1,39.58,4.53
270,218,280.69,388.50,2,28.76,9.69
270,218,280.69,388.50,3,38.45,18.99
270,218,280.69,388.50,4,3.34,30.83
270,219,43.86,109.30,0,8.71,10.84
270,219,43.86,109.30,1,39.58,4.53
270,219,43.86,109.30,2,28.76,9.69
270,219,43.86,109.30,3,38.45,18.99
270,219,43.86,109.30,4,3.34,30.83
270,221,340.58,226.41,0,8.71,10.84
270,221,340.58,226.41,1,39.58,4.53
270,221,340.58,226.41,2,28.76,9.69
270,221,340.58,226.41,3,38.45,18.99
270,221,340.58,226.41,4,3.34,30.83
270,222,22.40,316.52,0,8.71,10.84
270,222,22.40,316.52,1,39.58,4.53
270,222,22.40,316.52,2,28.76,9.69
270,222,22.40,316.52,3,38.45,18.99
270,222,22.40,316.52,4,3.34,30.83
270,223,366.67,185.14,0,8.71,10.84
270,223,366.67,185.14,1,39.58,4.53
270,223,366.67,185.14,2,28.76,9.69
270,223,366.67,185.14,3,38.45,18.99
270,223,366.67,185.14,4,3.34,30.83
270,225,382.69,192.46,0,8.71,10.84
270,225,382.69,192.46,1,39.58,4.53
270,225,382.69,192.46,2,28.76,9.69
270,225,382.69,192.46,3,38.45,18.99
270,225,382.69,192.46,4,3.34,30.83
270,226,297.75,159.89,0,8.71,10.84
270,226,297.75,159.89,1,39.58,4.53
270,226,297.75,159.89,2,28.76,9.69
270,226,297.75,159.89,3,38.45,18.99
270,226,297.75,159.89,4,3.34,30.83
270,227,83.63,326.94,0,8.71,10.84
270,227,83.63,326.94,1,39.58,4.53
270,227,83.63,326.94,2,28.76,9.69
270,227,83.63,326.94,3,38.45,18.99
270,227,83.63,326.94,4,3.34,30.83
270,228,256.11,75.93,0,8.71,10.84
270,228,256.11,75.93,1,39.58,4.53
270,228,256.11,75.93,2,28.76,9.69
270,228,256.11,75.93,3,38.45,18.99
270,228,256.11,75.93,4,3.34,30.83
270,229,173.20,115.71,0,8.71,10.84
270,229,173.20,115.71,1,39.58,4.53
270,229,173.20,115.71,2,28.76,9.69
270,229,173.20,115.71,3,38.45,18.99
270,229,173.20,115.71,4,3.34,30.83
270,230,163.66,50.96,0,8.71,10.84
270,230,163.66,50.96,1,39.58,4.53
270,230,163.66,50.96,2,28.76,9.69
270,230,163.66,50.96,3,38.45,18.99
270,230,163.66,50.96,4,3.34,30.83
270,231,289.69,331.73,0,8.71,10.84
270,231,289.69,331.73,1,39.58,4.53
270,231,289.69,331.73,2,28.76,9.69
270,231,289.69,331.73,3,38.45,18.99
270,231,289.69,331.73,4,3.34,30.83
270,232,364.31,31.63,0,8.71,10.84
270,232,364.31,31.63,1,39.58,4.53
270,232,364.31,31.63,2,28.76,9.69
270,232,364.31,31.63,3,38.45,18.99
270,232,364.31,31.63,4,3.34,30.83
270,233,372.08,235.93,0,8.71,10.84
270,233,372.08,235.93,1,39.58,4.53
270,233,372.08,235.93,2,28.76,9.69
270,233,372.08,235.93,3,38.45,18.99
270,233,372.08,235.93,4,3.34,30.83
270,236,272.46,103.05,0,8.71,10.84
270,236,272.46,103.05,1,39.58,4.53
270,236,272.46,103.05,2,28.76,9.69
270,236,272.46,103.05,3,38.45,18.99
270,236,272.46,103.05,4,3.34,30.83
270,237,191.23,149.53,0,8.71,10.84
270,237,191.23,149.53,1,39.58,4.53
270,237,191.23,149.53,2,28.76,9.69
270,237,191.23,149.53,3,38.45,18.99
270,237,191.23,149.53,4,3.34,30.83
270,238,24.52,304.94,0,8.71,10.84
270,238,24.52,304.94,1,39.58,4.53
270,238,24.52,304.94,2,28.76,9.69
270,238,24.52,304.94,3,38.45,18.99
270,238,24.52,304.94,4,3.34,30.83
270,239,213.96,124.24,0,8.71,10.84
270,239,213.96,124.24,1,39.58,4.53
270,239,213.96,124.24,2,28.76,9.69
270,239,213.96,124.24,3,38.45,18.99
270,239,213.96,124.24,4,3.34,30.83
270,240,134.34,236.30,0,8.71,10.84
270,240,134.34,236.30,1,39.58,4.53
270,240,134.34,236.30,2,28.76,9.69
270,240,134.34,236.30,3,38.45,18.99
270,240,134.34,236.30,4,3.34,30.83
270,241,387.70,193.65,0,8.71,10.84
270,241,387.70,193.65,1,39.58,4.53
270,241,387.70,193.65,2,28.76,9.69
270,241,387.70,193.65,3,38.45,18.99
270,241,387.70,193.65,4,3.34,30.83
270,242,207.58,226.36,0,8.71,10.84
270,242,207.58,226.36,1,39.58,4.53
270,242,207.58,226.36,2,28.76,9.69
270,242,207.58,226.36,3,38.45,18.99
270,242,207.58,226.36,4,3.34,30.83
270,243,32.55,292.81,0,8.71,10.84
270,243,32.55,292.81,1,39.58,4.53
270,243,32.55,292.81,2,28.76,9.69
270,243,32.55,292.81,3,38.45,18.99
270,243,32.55,292.81,4,3.34,30.83
270,244,179.67,330.50,0,8.71,10.84
270,244,179.67,330.50,1,39.58,4.53
270,244,179.67,330.50,2,28.76,9.69
270,244,179.67,330.50,3,38.45,18.99
270,244,179.67,330.50,4,3.34,30.83
270,245,223.52,145.48,0,8.71,10.84
270,245,223.52,145.48,1,39.58,4.53
270,245,223.52,145.48,2,28.76,9.69
270,245,223.52,145.48,3,38.45,18.99
270,245,223.52,145.48,4,3.34,30.83
270,246,346.91,227.46,0,8.71,10.84
270,246,346.91,227.46,1,39.58,4.53
270,246,346.91,227.46,2,28.76,9.69
270,246,346.91,227.46,3,38.45,18.99
270,246,346.91,227.46,4,3.34,30.83
270,248,389.28,292.52,0,8.71,10.84
270,248,389.28,292.52,1,39.58,4.53
270,248,389.28,292.52,2,28.76,9.69
270,248,389.28,292.52,3,38.45,18.99
270,248,389.28,292.52,4,3.34,30.83
270,249,365.00,392.69,0,8.71,10.84
270,249,365.00,392.69,1,39.58,4.53
270,249,365.00,392.69,2,28.76,9.69
270,249,365.00,392.69,3,38.45,18.99
270,249,365.00,392.69,4,3.34,30.83
270,250,237.64,299.34,0,8.71,10.84
270,250,237.64,299.34,1,39.58,4.53
270,250,237.64,299.34,2,28.76,9.69
270,250,237.64,299.34,3,38.45,18.99
270,250,237.64,299.34,4,3.34,30.83
270,251,65.52,305.89,0,8.71,10.84
270,251,65.52,305.89,1,39.58,4.53
270,251,65.52,305.89,2,28.76,9.69
270,251,65.52,305.89,3,38.45,18.99
270,251,65.52,305.89,4,3.34,30.83
270,252,22.15,88.95,0,8.71,10.84
270,252,22.15,88.95,1,39.58,4.53
270,252,22.15,88.95,2,28.76,9.69
270,252,22.15,88.95,3,38.45,18.99
270,252,22.15,88.95,4,3.34,30.83
270,253,343.48,184.51,0,8.71,10.84
270,253,343.48,184.51,1,39.58,4.53
270,253,343.48,184.51,2,28.76,9.69
270,253,343.48,184.51,3,38.45,18.99
270,253,343.48,184.51,4,3.34,30.83
270,254,367.72,155.76,0,8.71,10.84
270,254,367.72,155.76,1,39.58,4.53
270,254,367.72,155.76,2,28.76,9.69
270,254,367.72,155.76,3,38.45,18.99
270,254,367.72,155.76,4,3.34,30.83
270,255,25.61,312.02,0,8.71,10.84
270,255,25.61,312.02,1,39.58,4.53
270,255,25.61,312.02,2,28.76,9.69
270,255,25.61,312.02,3,38.45,18.99
270,255,25.61,312.02,4,3.34,30.83
270,256,71.64,106.39,0,8.71,10.84
270,256,71.64,106.39,1,39.58,4.53
270,256,71.64,106.39,2,28.76,9.69
270,256,71.64,106.39,3,38.45,18.99
270,256,71.64,106.39,4,3.34,30.83
270,257,378.88,174.44,0,8.71,10.84
270,257,378.88,174.44,1,39.58,4.53
270,257,378.88,174.44,2,28.76,9.69
270,257,378.88,174.44,3,38.45,18.99
270,257,378.88,174.44,4,3.34,30.83
270,258,376.95,41.04,0,8.71,10.84
270,258,376.95,41.04,1,39.58,4.53
270,258,376.95,41.04,2,28.76,9.69
270,258,376.95,41.04,3,38.45,18.99
270,258,376.95,41.04,4,3.34,30.83
270,259,80.10,106.08,0,8.71,10.84
270,259,80.10,106.08,1,39.58,4.53
270,259,80.10,106.08,2,28.76,9.69
270,259,80.10,106.08,3,38.45,18.99
270,259,80.10,106.08,4,3.34,30.83
270,260,312.52,373.84,0,8.71,10.84
270,260,312.52,373.84,1,39.58,4.53
270,260,312.52,373.84,2,28.76,9.69
270,260,312.52,373.84,3,38.45,18.99
270,260,312.52,373.84,4,3.34,30.83
270,261,57.33,350.07,0,8.71,10.84
270,261,57.33,350.07,1,39.58,4.53
270,261,57.33,350.07,2,28.76,9.69
270,261,57.33,350.07,3,38.45,18.99
270,261,57.33,350.07,4,3.34,30.83
270,262,170.33,98.68,0,8.71,10.84
270,262,170.33,98.68,1,39.58,4.53
270,262,170.33,98.68,2,28.76,9.69
270,262,170.33,98.68,3,38.45,18.99
270,262,170.33,98.68,4,3.34,30.83
270,263,175.91,82.85,0,8.71,10.84
270,263,175.91,82.85,1,39.58,4.53
270,263,175.91,82.85,2,28.76,9.69
270,263,175.91,82.85,3,38.45,18.99
270,263,175.91,82.85,4,3.34,30.83
270,264,45.31,138.83,0,8.71,10.84
270,264,45.31,138.83,1,39.58,4.53
270,264,45.31,138.83,2,28.76,9.69
270,264,45.31,138.83,3,38.45,18.99
270,264,45.31,138.83,4,3.34,30.83
270,265,223.94,322.63,0,8.71,10.84
270,265,223.94,322.63,1,39.58,4.53
270,265,223.94,322.63,2,28.76,9.69
270,265,223.94,322.63,3,38.45,18.99
270,265,223.94,322.63,4,3.34,30.83
270,266,95.83,304.53,0,8.71,10.84
270,266,95.83,304.53,1,39.58,4.53
270,266,95.83,304.53,2,28.76,9.69
270,266,95.83,304.53,3,38.45,18.99
270,266,95.83,304.53,4,3.34,30.83
270,267,194.96,66.98,0,8.71,10.84
270,267,194.96,66.98,1,39.58,4.53
270,267,194.96,66.98,2,28.76,9.69
270,267,194.96,66.98,3,38.45,18.99
270,267,194.96,66.98,4,3.34,30.83
270,268,220.85,103.99,0,8.71,10.84
270,268,220.85,103.99,1,39.58,4.53
270,268,220.85,103.99,2,28.76,9.69
270,268,220.85,103.99,3,38.45,18.99
270,268,220.85,103.99,4,3.34,30.83
270,269,28.79,135.79,0,8.71,10.84
270,269,28.79,135.79,1,39.58,4.53
270,269,28.79,135.79,2,28.76,9.69
270,269,28.79,135.79,3,38.45,18.99
270,269,28.79,135.79,4,3.34,30.83
270,270,42.99,303.86,0,8.71,10.84
270,270,42.99,303.86,1,39.58,4.53
270,270,42.99,303.86,2,28.76,9.69
270,270,42.99,303.86,3,38.45,18.99
270,270,42.99,303.86,4,3.34,30.83
270,271,51.60,121.01,0,8.71,10.84
270,271,51.60,121.01,1,39.58,4.53
270,271,51.60,121.01,2,28.76,9.69
270,271,51.60,121.01,3,38.45,18.99
270,271,51.60,121.01,4,3.34,30.83
270,272,39.94,312.65,0,8.71,10.84
270,272,39.94,312.65,1,39.58,4.53
270,272,39.94,312.65,2,28.76,9.69
270,272,39.94,312.65,3,38.45,18.99
270,272,39.94,312.65,4,3.34,30.83
270,273,22.45,286.43,0,8.71,10.84
270,273,22.45,286.43,1,39.58,4.53
270,273,22.45,286.43,2,28.76,9.69
270,273,22.45,286.43,3,38.45,18.99
270,273,22.45,286.43,4,3.34,30.83
270,274,98.76,20.90,0,8.71,10.84
270,274,98.76,20.90,1,39.58,4.53
270,274,98.76,20.90,2,28.76,9.69
270,274,98.76,20.90,3,38.45,18.99
270,274,98.76,20.90,4,3.34,30.83
270,275,323.69,215.06,0,8.71,10.84
270,275,323.69,215.06,1,39.58,4.53
270,275,323.69,215.06,2,28.76,9.69
270,275,323.69,215.06,3,38.45,18.99
270,275,323.69,215.06,4,3.34,30.83
270,276,328.36,221.26,0,8.71,10.84
270,276,328.36,221.26,1,39.58,4.53
270,276,328.36,221.26,2,28.76,9.69
270,276,328.36,221.26,3,38.45,18.99
270,276,328.36,221.26,4,3.34,30.83
270,277,299.14,181.42,0,8.71,10.84
270,277,299.14,181.42,1,39.58,4.53
270,277,299.14,181.42,2,28.76,9.69
270,277,299.14,181.42,3,38.45,18.99
270,277,299.14,181.42,4,3.34,30.83
270,278,69.85,370.81,0,8.71,10.84
270,278,69.85,370.81,1,39.58,4.53
270,278,69.85,370.81,2,28.76,9.69
270,278,69.85,370.81,3,38.45,18.99
270,278,69.85,370.81,4,3.34,30.83
270,279,235.36,392.77,0,8.71,10.84
270,279,235.36,392.77,1,39.58,4.53
270,279,235.36,392.77,2,28.76,9.69
270,279,235.36,392.77,3,38.45,18.99
270,279,235.36,392.77,4,3.34,30.83
270,281,232.52,64.49,0,8.71,10.84
270,281,232.52,64.49,1,39.58,4.53
270,281,232.52,64.49,2,28.76,9.69
270,281,232.52,64.49,3,38.45,18.99
270,281,232.52,64.49,4,3.34,30.83
270,282,368.50,182.06,0,8.71,10.84
270,282,368.50,182.06,1,39.58,4.53
270,282,368.50,182.06,2,28.76,9.69
270,282,368.50,182.06,3,38.45,18.99
270,282,368.50,182.06,4,3.34,30.83
270,283,344.29,174.50,0,8.71,10.84
270,283,344.29,174.50,1,39.58,4.53
270,283,344.29,174.50,2,28.76,9.69
270,283,344.29,174.50,3,38.45,18.99
270,283,344.29,174.50,4,3.34,30.83
270,284,239.29,94.63,0,8.71,10.84
270,284,239.29,94.63,1,39.58,4.53
270,284,239.29,94.63,2,28.76,9.69
270,284,239.29,94.63,3,38.45,18.99
270,284,239.29,94.63,4,3.34,30.83
270,285,219.54,352.26,0,8.71,10.84
270,285,219.54,352.26,1,39.58,4.53
270,285,219.54,352.26,2,28.76,9.69
270,285,219.54,352.26,3,38.45,18.99
270,285,219.54,352.26,4,3.34,30.83
270,286,246.38,336.03,0,8.71,10.84
270,286,246.38,336.03,1,39.58,4.53
270,286,246.38,336.03,2,28.76,9.69
270,286,246.38,336.03,3,38.45,18.99
270,286,246.38,336.03,4,3.34,30.83
270,288,103.24,10.25,0,8.71,10.84
270,288,103.24,10.25,1,39.58,4.53
270,288,103.24,10.25,2,28.76,9.69
270,288,103.24,10.25,3,38.45,18.99
270,288,103.24,10.25,4,3.34,30.83
270,289,46.32,315.26,0,8.71,10.84
270,289,46.32,315.26,1,39.58,4.53
270,289,46.32,315.26,2,28.76,9.69
270,289,46.32,315.26,3,38.45,18.99
270,289,46.32,315.26,4,3.34,30.83
270,290,321.64,248.75,0,8.71,10.84
270,290,321.64,248.75,1,39.58,4.53
270,290,321.64,248.75,2,28.76,9.69
270,290,321.64,248.75,3,38.45,18.99
270,290,321.64,248.75,4,3.34,30.83
270,291,60.57,62.89,0,8.71,10.84
270,291,60.57,62.89,1,39.58,4.53
270,291,60.57,62.89,2,28.76,9.69
270,291,60.57,62.89,3,38.45,18.99
270,291,60.57,62.89,4,3.34,30.83
270,292,266.60,303.37,0,8.71,10.84
270,292,266.60,303.37,1,39.58,4.53
270,292,266.60,303.37,2,28.76,9.69
270,292,266.60,303.37,3,38.45,18.99
270,292,266.60,303.37,4,3.34,30.83
270,293,244.51,107.49,0,8.71,10.84
270,293,244.51,107.49,1,39.58,4.53
270,293,244.51,107.49,2,28.76,9.69
270,293,244.51,107.49,3,38.45,18.99
270,293,244.51,107.49,4,3.34,30.83
270,294,73.71,343.25,0,8.71,10.84
270,294,73.71,343.25,1,39.58,4.53
270,294,73.71,343.25,2,28.76,9.69
270,294,73.71,343.25,3,38.45,18.99
270,294,73.71,343.25,4,3.34,30.83
270,296,377.63,31.32,0,8.71,10.84
270,296,377.63,31.32,1,39.58,4.53
270,296,377.63,31.32,2,28.76,9.69
270,296,377.63,31.32,3,38.45,18.99
270,296,377.63,31.32,4,3.34,30.83
270,297,382.75,156.20,0,8.71,10.84
270,297,382.75,156.20,1,39.58,4.53
270,297,382.75,156.20,2,28.76,9.69
270,297,382.75,156.20,3,38.45,18.99
270,297,382.75,156.20,4,3.34,30.83
270,298,374.81,36.12,0,8.71,10.84
270,298,374.81,36.12,1,39.58,4.53
270,298,374.81,36.12,2,28.76,9.69
270,298,374.81,36.12,3,38.45,18.99
270,298,374.81,36.12,4,3.34,30.83
270,299,73.25,122.75,0,8.71,10.84
270,299,73.25,122.75,1,39.58,4.53
270,299,73.25,122.75,2,28.76,9.69
270,299,73.25,122.75,3,38.45,18.99
270,299,73.25,122.75,4,3.34,30.83
270,300,211.96,344.73,0,8.71,10.84
270,300,211.96,344.73,1,39.58,4.53
270,300,211.96,344.73,2,28.76,9.69
270,300,211.96,344.73,3,38.45,18.99
270,300,211.96,344.73,4,3.34,30.83
280,2,70.30,104.12,0,9.06,10.78
280,2,70.30,104.12,1,39.58,4.53
280,2,70.30,104.12,2,28.76,9.69
280,2,70.30,104.12,3,37.61,20.01
280,2,70.30,104.12,4,3.34,30.83
280,3,193.52,280.67,0,9.06,10.78
280,3,193.52,280.67,1,39.58,4.53
280,3,193.52,280.67,2,28.76,9.69
280,3,193.52,280.67,3,37.61,20.01
280,3,193.52,280.67,4,3.34,30.83
280,6,56.45,295.90,0,9.06,10.78
280,6,56.45,295.90,1,39.58,4.53
280,6,56.45,295.90,2,28.76,9.69
280,6,56.45,295.90,3,37.61,20.01
280,6,56.45,295.90,4,3.34,30.83
280,7,84.00,111.41,0,9.06,10.78
280,7,84.00,111.41,1,39.58,4.53
280,7,84.00,111.41,2,28.76,9.69
280,7,84.00,111.41,3,37.61,20.01
280,7,84.00,111.41,4,3.34,30.83
280,8,107.67,368.41,0,9.06,10.78
280,8,107.67,368.41,1,39.58,4.53
280,8,107.67,368.41,2,28.76,9.69
280,8,107.67,368.41,3,37.61,20.01
280,8,107.67,368.41,4,3.34,30.83
280,9,299.30,195.39,0,9.06,10.78
280,9,299.30,195.39,1,39.58,4.53
280,9,299.30,195.39,2,28.76,9.69
280,9,299.30,195.39,3,37.61,20.01
280,9,299.30,195.39,4,3.34,30.83
280,11,191.84,109.83,0,9.06,10.78
280,11,191.84,109.83,1,39.58,4.53
280,11,191.84,109.83,2,28.76,9.69
280,11,191.84,109.83,3,37.61,20.01
280,11,191.84,109.83,4,3.34,30.83
280,13,152.11,90.44,0,9.06,10.78
280,13,152.11,90.44,1,39.58,4.53
280,13,152.11,90.44,2,28.76,9.69
280,13,152.11,90.44,3,37.61,20.01
280,13,152.11,90.44,4,3.34,30.83
280,14,18.99,338.66,0,9.06,10.78
280,14,18.99,338.66,1,39.58,4.53
280,14,18.99,338.66,2,28.76,9.69
280,14,18.99,338.66,3,37.61,20.01
280,14,18.99,338.66,4,3.34,30.83
280,15,17.10,321.61,0,9.06,10.78
280,15,17.10,321.61,1,39.58,4.53
280,15,17.10,321.61,2,28.76,9.69
280,15,17.10,321.61,3,37.61,20.01
280,15,17.10,321.61,4,3.34,30.83
280,16,345.74,253.81,0,9.06,10.78
280,16,345.74,253.81,1,39.58,4.53
280,16,345.74,253.81,2,28.76,9.69
280,16,345.74,253.81,3,37.61,20.01
280,16,345.74,253.81,4,3.34,30.83
280,18,166.24,339.15,0,9.06,10.78
280,18,166.24,339.15,1,39.58,4.53
280,18,166.24,339.15,2,28.76,9.69
280,18,166.24,339.15,3,37.61,20.01
280,18,166.24,339.15,4,3.34,30.83
280,19,53.31,321.01,0,9.06,10.78
280,19,53.31,321.01,1,39.58,4.53
280,19,53.31,321.01,2,28.76,9.69
280,19,53.31,321.01,3,37.61,20.01
280,19,53.31,321.01,4,3.34,30.83
280,20,223.68,388.14,0,9.06,10.78
280,20,223.68,388.14,1,39.58,4.53
280,20,223.68,388.14,2,28.76,9.69
280,20,223.68,388.14,3,37.61,20.01
280,20,223.68,388.14,4,3.34,30.83
280,21,387.04,156.01,0,9.06,10.78
280,21,387.04,156.01,1,39.58,4.53
280,21,387.04,156.01,2,28.76,9.69
280,21,387.04,156.01,3,37.61,20.01
280,21,387.04,156.01,4,3.34,30.83
280,22,295.53,370.50,0,9.06,10.78
280,22,295.53,370.50,1,39.58,4.53
280,22,295.53,370.50,2,28.76,9.69
280,22,295.53,370.50,3,37.61,20.01
280,22,295.53,370.50,4,3.34,30.83
280,23,361.39,221.20,0,9.06,10.78
280,23,361.39,221.20,1,39.58,4.53
280,23,361.39,221.20,2,28.76,9.69
280,23,361.39,221.20,3,37.61,20.01
280,23,361.39,221.20,4,3.34,30.83
280,24,143.35,90.47,0,9.06,10.78
280,24,143.35,90.47,1,39.58,4.53
280,24,143.35,90.47,2,28.76,9.69
280,24,143.35,90.47,3,37.61,20.01
280,24,143.35,90.47,4,3.34,30.83
280,25,45.69,323.61,0,9.06,10.78
280,25,45.69,323.61,1,39.58,4.53
280,25,45.69,323.61,2,28.76,9.69
280,25,45.69,323.61,3,37.61,20.01
280,25,45.69,323.61,4,3.34,30.83
280,26,292.04,49.18,0,9.06,10.78
280,26,292.04,49.18,1,39.58,4.53
280,26,292.04,49.18,2,28.76,9.69
280,26,292.04,49.18,3,37.61,20.01
280,26,292.04,49.18,4,3.34,30.83
280,27,263.58,101.85,0,9.06,10.78
280,27,263.58,101.85,1,39.58,4.53
280,27,263.58,101.85,2,28.76,9.69
280,27,263.58,101.85,3,37.61,20.01
280,27,263.58,101.85,4,3.34,30.83
280,28,387.53,344.91,0,9.06,10.78
280,28,387.53,344.91,1,39.58,4.53
280,28,387.53,344.91,2,28.76,9.69
280,28,387.53,344.91,3,37.61,20.01
280,28,387.53,344.91,4,3.34,30.83
280,29,122.08,279.17,0,9.06,10.78
280,29,122.08,279.17,1,39.58,4.53
280,29,122.08,279.17,2,28.76,9.69
280,29,122.08,279.17,3,37.61,20.01
280,29,122.08,279.17,4,3.34,30.83
280,31,229.06,67.31,0,9.06,10.78
280,31,229.06,67.31,1,39.58,4.53
280,31,229.06,67.31,2,28.76,9.69
280,31,229.06,67.31,3,37.61,20.01
280,31,229.06,67.31,4,3.34,30.83
280,32,260.25,97.88,0,9.06,10.78
280,32,260.25,97.88,1,39.58,4.53
280,32,260.25,97.88,2,28.76,9.69
280,32,260.25,97.88,3,37.61,20.01
280,32,260.25,97.88,4,3.34,30.83
280,34,233.35,106.54,0,9.06,10.78
280,34,233.35,106.54,1,39.58,4.53
280,34,233.35,106.54,2,28.76,9.69
280,34,233.35,106.54,3,37.61,20.01
280,34,233.35,106.54,4,3.34,30.83
280,35,360.87,195.70,0,9.06,10.78
280,35,360.87,195.70,1,39.58,4.53
280,35,360.87,195.70,2,28.76,9.69
280,35,360.87,195.70,3,37.61,20.01
280,35,360.87,195.70,4,3.34,30.83
280,36,63.61,324.13,0,9.06,10.78
280,36,63.61,324.13,1,39.58,4.53
280,36,63.61,324.13,2,28.76,9.69
280,36,63.61,324.13,3,37.61,20.01
280,36,63.61,324.13,4,3.34,30.83
280,37,333.08,248.21,0,9.06,10.78
280,37,333.08,248.21,1,39.58,4.53
280,37,333.08,248.21,2,28.76,9.69
280,37,333.08,248.21,3,37.61,20.01
280,37,333.08,248.21,4,3.34,30.83
280,38,108.04,237.93,0,9.06,10.78
280,38,108.04,237.93,1,39.58,4.53
280,38,108.04,237.93,2,28.76,9.69
280,38,108.04,237.93,3,37.61,20.01
280,38,108.04,237.93,4,3.34,30.83
280,39,95.63,174.93,0,9.06,10.78
280,39,95.63,174.93,1,39.58,4.53
280,39,95.63,174.93,2,28.76,9.69
280,39,95.63,174.93,3,37.61,20.01
280,39,95.63,174.93,4,3.34,30.83
280,40,282.67,104.94,0,9.06,10.78
280,40,282.67,104.94,1,39.58,4.53
280,40,282.67,104.94,2,28.76,9.69
280,40,282.67,104.94,3,37.61,20.01
280,40,282.67,104.94,4,3.34,30.83
280,41,264.97,289.48,0,9.06,10.78
280,41,264.97,289.48,1,39.58,4.53
280,41,264.97,289.48,2,28.76,9.69
280,41,264.97,289.48,3,37.61,20.01
280,41,264.97,289.48,4,3.34,30.83
280,42,371.35,206.92,0,9.06,10.78
280,42,371.35,206.92,1,39.58,4.53
280,42,371.35,206.92,2,28.76,9.69
280,42,371.35,206.92,3,37.61,20.01
280,42,371.35,206.92,4,3.34,30.83
280,43,251.69,92.54,0,9.06,10.78
280,43,251.69,92.54,1,39.58,4.53
280,43,251.69,92.54,2,28.76,9.69
280,43,251.69,92.54,3,37.61,20.01
280,43,251.69,92.54,4,3.34,30.83
280,46,49.80,332.65,0,9.06,10.78
280,46,49.80,332.65,1,39.58,4.53
280,46,49.80,332.65,2,28.76,9.69
280,46,49.80,332.65,3,37.61,20.01
280,46,49.80,332.65,4,3.34,30.83
280,48,381.71,186.71,0,9.06,10.78
280,48,381.71,186.71,1,39.58,4.53
280,48,381.71,186.71,2,28.76,9.69
280,48,381.71,186.71,3,37.61,20.01
280,48,381.71,186.71,4,3.34,30.83
280,49,232.76,113.50,0,9.06,10.78
280,49,232.76,113.50,1,39.58,4.53
280,49,232.76,113.50,2,28.76,9.69
280,49,232.76,113.50,3,37.61,20.01
280,49,232.76,113.50,4,3.34,30.83
280,50,323.85,299.95,0,9.06,10.78
280,50,323.85,299.95,1,39.58,4.53
280,50,323.85,299.95,2,28.76,9.69
280,50,323.85,299.95,3,37.61,20.01
280,50,323.85,299.95,4,3.34,30.83
280,51,26.02,322.36,0,9.06,10.78
280,51,26.02,322.36,1,39.58,4.53
280,51,26.02,322.36,2,28.76,9.69
280,51,26.02,322.36,3,37.61,20.01
280,51,26.02,322.36,4,3.34,30.83
280,53,308.45,220.57,0,9.06,10.78
280,53,308.45,220.57,1,39.58,4.53
280,53,308.45,220.57,2,28.76,9.69
280,53,308.45,220.57,3,37.61,20.01
280,53,308.45,220.57,4,3.34,30.83
280,54,360.31,26.43,0,9.06,10.78
280,54,360.31,26.43,1,39.58,4.53
280,54,360.31,26.43,2,28.76,9.69
280,54,360.31,26.43,3,37.61,20.01
280,54,360.31,26.43,4,3.34,30.83
280,55,309.26,231.29,0,9.06,10.78
280,55,309.26,231.29,1,39.58,4.53
280,55,309.26,231.29,2,28.76,9.69
280,55,309.26,231.29,3,37.61,20.01
280,55,309.26,231.29,4,3.34,30.83
280,56,355.92,181.23,0,9.06,10.78
280,56,355.92,181.23,1,39.58,4.53
280,56,355.92,181.23,2,28.76,9.69
280,56,355.92,181.23,3,37.61,20.01
280,56,355.92,181.23,4,3.34,30.83
280,57,80.89,159.85,0,9.06,10.78
280,57,80.89,159.85,1,39.58,4.53
280,57,80.89,159.85,2,28.76,9.69
280,57,80.89,159.85,3,37.61,20.01
280,57,80.89,159.85,4,3.34,30.83
280,60,171.55,287.81,0,9.06,10.78
280,60,171.55,287.81,1,39.58,4.53
280,60,171.55,287.81,2,28.76,9.69
280,60,171.55,287.81,3,37.61,20.01
280,60,171.55,287.81,4,3.34,30.83
280,61,63.08,134.68,0,9.06,10.78
280,61,63.08,134.68,1,39.58,4.53
280,61,63.08,134.68,2,28.76,9.69
280,61,63.08,134.68,3,37.61,20.01
280,61,63.08,134.68,4,3.34,30.83
280,62,33.39,350.87,0,9.06,10.78
280,62,33.39,350.87,1,39.58,4.53
280,62,33.39,350.87,2,28.76,9.69
280,62,33.39,350.87,3,37.61,20.01
280,62,33.39,350.87,4,3.34,30.83
280,63,87.31,150.38,0,9.06,10.78
280,63,87.31,150.38,1,39.58,4.53
280,63,87.31,150.38,2,28.76,9.69
280,63,87.31,150.38,3,37.61,20.01
280,63,87.31,150.38,4,3.34,30.83
280,64,387.29,35.00,0,9.06,10.78
280,64,387.29,35.00,1,39.58,4.53
280,64,387.29,35.00,2,28.76,9.69
280,64,387.29,35.00,3,37.61,20.01
280,64,387.29,35.00,4,3.34,30.83
280,65,352.90,234.50,0,9.06,10.78
280,65,352.90,234.50,1,39.58,4.53
280,65,352.90,234.50,2,28.76,9.69
280,65,352.90,234.50,3,37.61,20.01
280,65,352.90,234.50,4,3.34,30.83
280,66,74.37,356.62,0,9.06,10.78
280,66,74.37,356.62,1,39.58,4.53
280,66,74.37,356.62,2,28.76,9.69
280,66,74.37,356.62,3,37.61,20.01
280,66,74.37,356.62,4,3.34,30.83
280,67,51.13,189.16,0,9.06,10.78
280,67,51.13,189.16,1,39.58,4.53
280,67,51.13,189.16,2,28.76,9.69
280,67,51.13,189.16,3,37.61,20.01
280,67,51.13,189.16,4,3.34,30.83
280,68,214.97,327.10,0,9.06,10.78
280,68,214.97,327.10,1,39.58,4.53
280,68,214.97,327.10,2,28.76,9.69
280,68,214.97,327.10,3,37.61,20.01
280,68,214.97,327.10,4,3.34,30.83
280,69,388.42,333.43,0,9.06,10.78
280,69,388.42,333.43,1,39.58,4.53
280,69,388.42,333.43,2,28.76,9.69
280,69,388.42,333.43,3,37.61,20.01
280,69,388.42,333.43,4,3.34,30.83
280,70,257.78,104.08,0,9.06,10.78
280,70,257.78,104.08,1,39.58,4.53
280,70,257.78,104.08,2,28.76,9.69
280,70,257.78,104.08,3,37.61,20.01
280,70,257.78,104.08,4,3.34,30.83
280,71,31.85,334.19,0,9.06,10.78
280,71,31.85,334.19,1,39.58,4.53
280,71,31.85,334.19,2,28.76,9.69
280,71,31.85,334.19,3,37.61,20.01
280,71,31.85,334.19,4,3.34,30.83
280,72,22.22,345.82,0,9.06,10.78
280,72,22.22,345.82,1,39.58,4.53
280,72,22.22,345.82,2,28.76,9.69
280,72,22.22,345.82,3,37.61,20.01
280,72,22.22,345.82,4,3.34,30.83
280,73,384.09,182.74,0,9.06,10.78
280,73,384.09,182.74,1,39.58,4.53
280,73,384.09,182.74,2,28.76,9.69
280,73,384.09,182.74,3,37.61,20.01
280,73,384.09,182.74,4,3.34,30.83
280,74,245.09,86.26,0,9.06,10.78
280,74,245.09,86.26,1,39.58,4.53
280,74,245.09,86.26,2,28.76,9.69
280,74,245.09,86.26,3,37.61,20.01
280,74,245.09,86.26,4,3.34,30.83
280,75,225.90,96.75,0,9.06,10.78
280,75,225.90,96.75,1,39.58,4.53
280,75,225.90,96.75,2,28.76,9.69
280,75,225.90,96.75,3,37.61,20.01
280,75,225.90,96.75,4,3.34,30.83
280,76,378.15,158.75,0,9.06,10.78
280,76,378.15,158.75,1,39.58,4.53
280,76,378.15,158.75,2,28.76,9.69
280,76,378.15,158.75,3,37.61,20.01
280,76,378.15,158.75,4,3.34,30.83
280,77,72.29,130.52,0,9.06,10.78
280,77,72.29,130.52,1,39.58,4.53
280,77,72.29,130.52,2,28.76,9.69
280,77,72.29,130.52,3,37.61,20.01
280,77,72.29,130.52,4,3.34,30.83
280,78,204.72,377.05,0,9.06,10.78
280,78,204.72,377.05,1,39.58,4.53
280,78,204.72,377.05,2,28.76,9.69
280,78,204.72,377.05,3,37.61,20.01
280,78,204.72,377.05,4,3.34,30.83
280,79,377.00,196.40,0,9.06,10.78
280,79,377.00,196.40,1,39.58,4.53
280,79,377.00,196.40,2,28.76,9.69
280,79,377.00,196.40,3,37.61,20.01
280,79,377.00,196.40,4,3.34,30.83
280,81,253.53,362.10,0,9.06,10.78
280,81,253.53,362.10,1,39.58,4.53
280,81,253.53,362.10,2,28.76,9.69
280,81,253.53,362.10,3,37.61,20.01
280,81,253.53,362.10,4,3.34,30.83
280,82,335.49,137.48,0,9.06,10.78
280,82,335.49,137.48,1,39.58,4.53
280,82,335.49,137.48,2,28.76,9.69
280,82,335.49,137.48,3,37.61,20.01
280,82,335.49,137.48,4,3.34,30.83
280,83,197.52,51.43,0,9.06,10.78
280,83,197.52,51.43,1,39.58,4.53
280,83,197.52,51.43,2,28.76,9.69
280,83,197.52,51.43,3,37.61,20.01
280,83,197.52,51.43,4,3.34,30.83
280,84,214.57,294.75,0,9.06,10.78
280,84,214.57,294.75,1,39.58,4.53
280,84,214.57,294.75,2,28.76,9.69
280,84,214.57,294.75,3,37.61,20.01
280,84,214.57,294.75,4,3.34,30.83
280,85,372.21,160.36,0,9.06,10.78
280,85,372.21,160.36,1,39.58,4.53
280,85,372.21,160.36,2,28.76,9.69
280,85,372.21,160.36,3,37.61,20.01
280,85,372.21,160.36,4,3.34,30.83
280,86,62.73,123.06,0,9.06,10.78
280,86,62.73,123.06,1,39.58,4.53
280,86,62.73,123.06,2,28.76,9.69
280,86,62.73,123.06,3,37.61,20.01
280,86,62.73,123.06,4,3.34,30.83
280,87,388.73,23.24,0,9.06,10.78
280,87,388.73,23.24,1,39.58,4.53
280,87,388.73,23.24,2,28.76,9.69
280,87,388.73,23.24,3,37.61,20.01
280,87,388.73,23.24,4,3.34,30.83
280,88,165.59,302.75,0,9.06,10.78
280,88,165.59,302.75,1,39.58,4.53
280,88,165.59,302.75,2,28.76,9.69
280,88,165.59,302.75,3,37.61,20.01
280,88,165.59,302.75,4,3.34,30.83
280,89,299.89,76.41,0,9.06,10.78
280,89,299.89,76.41,1,39.58,4.53
280,89,299.89,76.41,2,28.76,9.69
280,89,299.89,76.41,3,37.61,20.01
280,89,299.89,76.41,4,3.34,30.83
280,90,220.50,70.32,0,9.06,10.78
280,90,220.50,70.32,1,39.58,4.53
280,90,220.50,70.32,2,28.76,9.69
280,90,220.50,70.32,3,37.61,20.01
280,90,220.50,70.32,4,3.34,30.83
280,92,283.32,97.61,0,9.06,10.78
280,92,283.32,97.61,1,39.58,4.53
280,92,283.32,97.61,2,28.76,9.69
280,92,283.32,97.61,3,37.61,20.01
280,92,283.32,97.61,4,3.34,30.83
280,93,262.49,87.28,0,9.06,10.78
280,93,262.49,87.28,1,39.58,4.53
280,93,262.49,87.28,2,28.76,9.69
280,93,262.49,87.28,3,37.61,20.01
280,93,262.49,87.28,4,3.34,30.83
280,94,19.86,327.69,0,9.06,10.78
280,94,19.86,327.69,1,39.58,4.53
280,94,19.86,327.69,2,28.76,9.69
280,94,19.86,327.69,3,37.61,20.01
280,94,19.86,327.69,4,3.34,30.83
280,95,361.24,173.90,0,9.06,10.78
280,95,361.24,173.90,1,39.58,4.53
280,95,361.24,173.90,2,28.76,9.69
280,95,361.24,173.90,3,37.61,20.01
280,95,361.24,173.90,4,3.34,30.83
280,96,76.86,150.31,0,9.06,10.78
280,96,76.86,150.31,1,39.58,4.53
280,96,76.86,150.31,2,28.76,9.69
280,96,76.86,150.31,3,37.61,20.01
280,96,76.86,150.31,4,3.34,30.83
280,97,262.88,138.23,0,9.06,10.78
280,97,262.88,138.23,1,39.58,4.53
280,97,262.88,138.23,2,28.76,9.69
280,97,262.88,138.23,3,37.61,20.01
280,97,262.88,138.23,4,3.34,30.83
280,98,363.84,20.75,0,9.06,10.78
280,98,363.84,20.75,1,39.58,4.53
280,98,363.84,20.75,2,28.76,9.69
280,98,363.84,20.75,3,37.61,20.01
280,98,363.84,20.75,4,3.34,30.83
280,102,59.97,146.91,0,9.06,10.78
280,102,59.97,146.91,1,39.58,4.53
280,102,59.97,146.91,2,28.76,9.69
280,102,59.97,146.91,3,37.61,20.01
280,102,59.97,146.91,4,3.34,30.83
280,103,86.38,365.13,0,9.06,10.78
280,103,86.38,365.13,1,39.58,4.53
280,103,86.38,365.13,2,28.76,9.69
280,103,86.38,365.13,3,37.61,20.01
280,103,86.38,365.13,4,3.34,30.83
280,104,370.64,20.26,0,9.06,10.78
280,104,370.64,20.26,1,39.58,4.53
280,104,370.64,20.26,2,28.76,9.69
280,104,370.64,20.26,3,37.61,20.01
280,104,370.64,20.26,4,3.34,30.83
280,105,33.92,329.27,0,9.06,10.78
280,105,33.92,329.27,1,39.58,4.53
280,105,33.92,329.27,2,28.76,9.69
280,105,33.92,329.27,3,37.61,20.01
280,105,33.92,329.27,4,3.34,30.83
280,106,45.87,286.58,0,9.06,10.78
280,106,45.87,286.58,1,39.58,4.53
280,106,45.87,286.58,2,28.76,9.69
280,106,45.87,286.58,3,37.61,20.01
280,106,45.87,286.58,4,3.34,30.83
280,107,273.94,112.35,0,9.06,10.78
280,107,273.94,112.35,1,39.58,4.53
280,107,273.94,112.35,2,28.76,9.69
280,107,273.94,112.35,3,37.61,20.01
280,107,273.94,112.35,4,3.34,30.83
280,108,21.08,76.34,0,9.06,10.78
280,108,21.08,76.34,1,39.58,4.53
280,108,21.08,76.34,2,28.76,9.69
280,108,21.08,76.34,3,37.61,20.01
280,108,21.08,76.34,4,3.34,30.83
280,109,47.29,312.14,0,9.06,10.78
280,109,47.29,312.14,1,39.58,4.53
280,109,47.29,312.14,2,28.76,9.69
280,109,47.29,312.14,3,37.61,20.01
280,109,47.29,312.14,4,3.34,30.83
280,110,95.22,326.49,0,9.06,10.78
280,110,95.22,326.49,1,39.58,4.53
280,110,95.22,326.49,2,28.76,9.69
280,110,95.22,326.49,3,37.61,20.01
280,110,95.22,326.49,4,3.34,30.83
280,111,388.18,39.52,0,9.06,10.78
280,111,388.18,39.52,1,39.58,4.53
280,111,388.18,39.52,2,28.76,9.69
280,111,388.18,39.52,3,37.61,20.01
280,111,388.18,39.52,4,3.34,30.83
280,112,213.84,105.90,0,9.06,10.78
280,112,213.84,105.90,1,39.58,4.53
280,112,213.84,105.90,2,28.76,9.69
280,112,213.84,105.90,3,37.61,20.01
280,112,213.84,105.90,4,3.34,30.83
280,113,88.93,122.67,0,9.06,10.78
280,113,88.93,122.67,1,39.58,4.53
280,113,88.93,122.67,2,28.76,9.69
280,113,88.93,122.67,3,37.61,20.01
280,113,88.93,122.67,4,3.34,30.83
280,114,176.57,37.86,0,9.06,10.78
280,114,176.57,37.86,1,39.58,4.53
280,114,176.57,37.86,2,28.76,9.69
280,114,176.57,37.86,3,37.61,20.01
280,114,176.57,37.86,4,3.34,30.83
280,115,379.97,201.18,0,9.06,10.78
280,115,379.97,201.18,1,39.58,4.53
280,115,379.97,201.18,2,28.76,9.69
280,115,379.97,201.18,3,37.61,20.01
280,115,379.97,201.18,4,3.34,30.83
280,116,236.55,121.82,0,9.06,10.78
280,116,236.55,121.82,1,39.58,4.53
280,116,236.55,121.82,2,28.76,9.69
280,116,236.55,121.82,3,37.61,20.01
280,116,236.55,121.82,4,3.34,30.83
280,117,363.60,138.07,0,9.06,10.78
280,117,363.60,138.07,1,39.58,4.53
280,117,363.60,138.07,2,28.76,9.69
280,117,363.60,138.07,3,37.61,20.01
280,117,363.60,138.07,4,3.34,30.83
280,118,84.26,181.10,0,9.06,10.78
280,118,84.26,181.10,1,39.58,4.53
280,118,84.26,181.10,2,28.76,9.69
280,118,84.26,181.10,3,37.61,20.01
280,118,84.26,181.10,4,3.34,30.83
280,119,318.02,124.33,0,9.06,10.78
280,119,318.02,124.33,1,39.58,4.53
280,119,318.02,124.33,2,28.76,9.69
280,119,318.02,124.33,3,37.61,20.01
280,119,318.02,124.33,4,3.34,30.83
280,120,177.85,226.45,0,9.06,10.78
280,120,177.85,226.45,1,39.58,4.53
280,120,177.85,226.45,2,28.76,9.69
280,120,177.85,226.45,3,37.61,20.01
280,120,177.85,226.45,4,3.34,30.83
280,121,83.11,115.32,0,9.06,10.78
280,121,83.11,115.32,1,39.58,4.53
280,121,83.11,115.32,2,28.76,9.69
280,121,83.11,115.32,3,37.61,20.01
280,121,83.11,115.32,4,3.34,30.83
280,122,122.61,243.73,0,9.06,10.78
280,122,122.61,243.73,1,39.58,4.53
280,122,122.61,243.73,2,28.76,9.69
280,122,122.61,243.73,3,37.61,20.01
280,122,122.61,243.73,4,3.34,30.83
280,123,142.48,320.63,0,9.06,10.78
280,123,142.48,320.63,1,39.58,4.53
280,123,142.48,320.63,2,28.76,9.69
280,123,142.48,320.63,3,37.61,20.01
280,123,142.48,320.63,4,3.34,30.83
280,124,109.85,56.43,0,9.06,10.78
280,124,109.85,56.43,1,39.58,4.53
280,124,109.85,56.43,2,28.76,9.69
280,124,109.85,56.43,3,37.61,20.01
280,124,109.85,56.43,4,3.34,30.83
280,125,369.44,128.16,0,9.06,10.78
280,125,369.44,128.16,1,39.58,4.53
280,125,369.44,128.16,2,28.76,9.69
280,125,369.44,128.16,3,37.61,20.01
280,125,369.44,128.16,4,3.34,30.83
280,126,51.15,104.14,0,9.06,10.78
280,126,51.15,104.14,1,39.58,4.53
280,126,51.15,104.14,2,28.76,9.69
280,126,51.15,104.14,3,37.61,20.01
280,126,51.15,104.14,4,3.34,30.83
280,127,26.68,345.74,0,9.06,10.78
280,127,26.68,345.74,1,39.58,4.53
280,127,26.68,345.74,2,28.76,9.69
280,127,26.68,345.74,3,37.61,20.01
280,127,26.68,345.74,4,3.34,30.83
280,128,235.62,352.68,0,9.06,10.78
280,128,235.62,352.68,1,39.58,4.53
280,128,235.62,352.68,2,28.76,9.69
280,128,235.62,352.68,3,37.61,20.01
280,128,235.62,352.68,4,3.34,30.83
280,129,313.77,165.30,0,9.06,10.78
280,129,313.77,165.30,1,39.58,4.53
280,129,313.77,165.30,2,28.76,9.69
280,129,313.77,165.30,3,37.61,20.01
280,129,313.77,165.30,4,3.34,30.83
280,131,274.78,93.29,0,9.06,10.78
280,131,274.78,93.29,1,39.58,4.53
280,131,274.78,93.29,2,28.76,9.69
280,131,274.78,93.29,3,37.61,20.01
280,131,274.78,93.29,4,3.34,30.83
280,132,379.36,262.71,0,9.06,10.78
280,132,379.36,262.71,1,39.58,4.53
280,132,379.36,262.71,2,28.76,9.69
280,132,379.36,262.71,3,37.61,20.01
280,132,379.36,262.71,4,3.34,30.83
280,133,45.23,114.28,0,9.06,10.78
280,133,45.23,114.28,1,39.58,4.53
280,133,45.23,114.28,2,28.76,9.69
280,133,45.23,114.28,3,37.61,20.01
280,133,45.23,114.28,4,3.34,30.83
280,135,65.31,280.19,0,9.06,10.78
280,135,65.31,280.19,1,39.58,4.53
280,135,65.31,280.19,2,28.76,9.69
280,135,65.31,280.19,3,37.61,20.01
280,135,65.31,280.19,4,3.34,30.83
280,136,386.14,40.03,0,9.06,10.78
280,136,386.14,40.03,1,39.58,4.53
280,136,386.14,40.03,2,28.76,9.69
280,136,386.14,40.03,3,37.61,20.01
280,136,386.14,40.03,4,3.34,30.83
280,137,269.28,86.31,0,9.06,10.78
280,137,269.28,86.31,1,39.58,4.53
280,137,269.28,86.31,2,28.76,9.69
280,137,269.28,86.31,3,37.61,20.01
280,137,269.28,86.31,4,3.34,30.83
280,139,368.70,145.24,0,9.06,10.78
280,139,368.70,145.24,1,39.58,4.53
280,139,368.70,145.24,2,28.76,9.69
280,139,368.70,145.24,3,37.61,20.01
280,139,368.70,145.24,4,3.34,30.83
280,140,382.18,24.41,0,9.06,10.78
280,140,382.18,24.41,1,39.58,4.53
280,140,382.18,24.41,2,28.76,9.69
280,140,382.18,24.41,3,37.61,20.01
280,140,382.18,24.41,4,3.34,30.83
280,141,338.31,374.83,0,9.06,10.78
280,141,338.31,374.83,1,39.58,4.53
280,141,338.31,374.83,2,28.76,9.69
280,141,338.31,374.83,3,37.61,20.01
280,141,338.31,374.83,4,3.34,30.83
280,142,261.55,115.69,0,9.06,10.78
280,142,261.55,115.69,1,39.58,4.53
280,142,261.55,115.69,2,28.76,9.69
280,142,261.55,115.69,3,37.61,20.01
280,142,261.55,115.69,4,3.34,30.83
280,143,336.46,335.09,0,9.06,10.78
280,143,336.46,335.09,1,39.58,4.53
280,143,336.46,335.09,2,28.76,9.69
280,143,336.46,335.09,3,37.61,20.01
280,143,336.46,335.09,4,3.34,30.83
280,145,237.83,336.25,0,9.06,10.78
280,145,237.83,336.25,1,39.58,4.53
280,145,237.83,336.25,2,28.76,9.69
280,145,237.83,336.25,3,37.61,20.01
280,145,237.83,336.25,4,3.34,30.83
280,146,102.13,172.15,0,9.06,10.78
280,146,102.13,172.15,1,39.58,4.53
280,146,102.13,172.15,2,28.76,9.69
280,146,102.13,172.15,3,37.61,20.01
280,146,102.13,172.15,4,3.34,30.83
280,147,27.20,299.00,0,9.06,10.78
280,147,27.20,299.00,1,39.58,4.53
280,147,27.20,299.00,2,28.76,9.69
280,147,27.20,299.00,3,37.61,20.01
280,147,27.20,299.00,4,3.34,30.83
280,148,322.43,203.45,0,9.06,10.78
280,148,322.43,203.45,1,39.58,4.53
280,148,322.43,203.45,2,28.76,9.69
280,148,322.43,203.45,3,37.61,20.01
280,148,322.43,203.45,4,3.34,30.83
280,149,363.10,235.80,0,9.06,10.78
280,149,363.10,235.80,1,39.58,4.53
280,149,363.10,235.80,2,28.76,9.69
280,149,363.10,235.80,3,37.61,20.01
280,149,363.10,235.80,4,3.34,30.83
280,150,290.31,131.66,0,9.06,10.78
280,150,290.31,131.66,1,39.58,4.53
280,150,290.31,131.66,2,28.76,9.69
280,150,290.31,131.66,3,37.61,20.01
280,150,290.31,131.66,4,3.34,30.83
280,151,230.33,88.63,0,9.06,10.78
280,151,230.33,88.63,1,39.58,4.53
280,151,230.33,88.63,2,28.76,9.69
280,151,230.33,88.63,3,37.61,20.01
280,151,230.33,88.63,4,3.34,30.83
280,152,55.02,101.68,0,9.06,10.78
280,152,55.02,101.68,1,39.58,4.53
280,152,55.02,101.68,2,28.76,9.69
280,152,55.02,101.68,3,37.61,20.01
280,152,55.02,101.68,4,3.34,30.83
280,155,228.58,127.69,0,9.06,10.78
280,155,228.58,127.69,1,39.58,4.53
280,155,228.58,127.69,2,28.76,9.69
280,155,228.58,127.69,3,37.61,20.01
280,155,228.58,127.69,4,3.34,30.83
280,156,362.69,299.46,0,9.06,10.78
280,156,362.69,299.46,1,39.58,4.53
280,156,362.69,299.46,2,28.76,9.69
280,156,362.69,299.46,3,37.61,20.01
280,156,362.69,299.46,4,3.34,30.83
280,157,234.49,96.07,0,9.06,10.78
280,157,234.49,96.07,1,39.58,4.53
280,157,234.49,96.07,2,28.76,9.69
280,157,234.49,96.07,3,37.61,20.01
280,157,234.49,96.07,4,3.34,30.83
280,159,369.84,278.51,0,9.06,10.78
280,159,369.84,278.51,1,39.58,4.53
280,159,369.84,278.51,2,28.76,9.69
280,159,369.84,278.51,3,37.61,20.01
280,159,369.84,278.51,4,3.34,30.83
280,160,312.60,384.49,0,9.06,10.78
280,160,312.60,384.49,1,39.58,4.53
280,160,312.60,384.49,2,28.76,9.69
280,160,312.60,384.49,3,37.61,20.01
280,160,312.60,384.49,4,3.34,30.83
280,161,189.95,142.80,0,9.06,10.78
280,161,189.95,142.80,1,39.58,4.53
280,161,189.95,142.80,2,28.76,9.69
280,161,189.95,142.80,3,37.61,20.01
280,161,189.95,142.80,4,3.34,30.83
280,162,282.38,350.53,0,9.06,10.78
280,162,282.38,350.53,1,39.58,4.53
280,162,282.38,350.53,2,28.76,9.69
280,162,282.38,350.53,3,37.61,20.01
280,162,282.38,350.53,4,3.34,30.83
280,163,199.65,135.50,0,9.06,10.78
280,163,199.65,135.50,1,39.58,4.53
280,163,199.65,135.50,2,28.76,9.69
280,163,199.65,135.50,3,37.61,20.01
280,163,199.65,135.50,4,3.34,30.83
280,164,46.48,48.24,0,9.06,10.78
280,164,46.48,48.24,1,39.58,4.53
280,164,46.48,48.24,2,28.76,9.69
280,164,46.48,48.24,3,37.61,20.01
280,164,46.48,48.24,4,3.34,30.83
280,165,88.67,90.24,0,9.06,10.78
280,165,88.67,90.24,1,39.58,4.53
280,165,88.67,90.24,2,28.76,9.69
280,165,88.67,90.24,3,37.61,20.01
280,165,88.67,90.24,4,3.34,30.83
280,166,281.55,373.16,0,9.06,10.78
280,166,281.55,373.16,1,39.58,4.53
280,166,281.55,373.16,2,28.76,9.69
280,166,281.55,373.16,3,37.61,20.01
280,166,281.55,373.16,4,3.34,30.83
280,167,389.53,305.29,0,9.06,10.78
280,167,389.53,305.29,1,39.58,4.53
280,167,389.53,305.29,2,28.76,9.69
280,167,389.53,305.29,3,37.61,20.01
280,167,389.53,305.29,4,3.34,30.83
280,168,199.85,280.31,0,9.06,10.78
280,168,199.85,280.31,1,39.58,4.53
280,168,199.85,280.31,2,28.76,9.69
280,168,199.85,280.31,3,37.61,20.01
280,168,199.85,280.31,4,3.34,30.83
280,169,226.00,80.57,0,9.06,10.78
280,169,226.00,80.57,1,39.58,4.53
280,169,226.00,80.57,2,28.76,9.69
280,169,226.00,80.57,3,37.61,20.01
280,169,226.00,80.57,4,3.34,30.83
280,170,315.48,243.09,0,9.06,10.78
280,170,315.48,243.09,1,39.58,4.53
280,170,315.48,243.09,2,28.76,9.69
280,170,315.48,243.09,3,37.61,20.01
280,170,315.48,243.09,4,3.34,30.83
280,171,75.54,113.61,0,9.06,10.78
280,171,75.54,113.61,1,39.58,4.53
280,171,75.54,113.61,2,28.76,9.69
280,171,75.54,113.61,3,37.61,20.01
280,171,75.54,113.61,4,3.34,30.83
280,172,381.71,187.51,0,9.06,10.78
280,172,381.71,187.51,1,39.58,4.53
280,172,381.71,187.51,2,28.76,9.69
280,172,381.71,187.51,3,37.61,20.01
280,172,381.71,187.51,4,3.34,30.83
280,173,389.00,174.36,0,9.06,10.78
280,173,389.00,174.36,1,39.58,4.53
280,173,389.00,174.36,2,28.76,9.69
280,173,389.00,174.36,3,37.61,20.01
280,173,389.00,174.36,4,3.34,30.83
280,174,171.46,215.44,0,9.06,10.78
280,174,171.46,215.44,1,39.58,4.53
280,174,171.46,215.44,2,28.76,9.69
280,174,171.46,215.44,3,37.61,20.01
280,174,171.46,215.44,4,3.34,30.83
280,176,58.24,184.41,0,9.06,10.78
280,176,58.24,184.41,1,39.58,4.53
280,176,58.24,184.41,2,28.76,9.69
280,176,58.24,184.41,3,37.61,20.01
280,176,58.24,184.41,4,3.34,30.83
280,177,214.61,280.48,0,9.06,10.78
280,177,214.61,280.48,1,39.58,4.53
280,177,214.61,280.48,2,28.76,9.69
280,177,214.61,280.48,3,37.61,20.01
280,177,214.61,280.48,4,3.34,30.83
280,178,241.31,100.14,0,9.06,10.78
280,178,241.31,100.14,1,39.58,4.53
280,178,241.31,100.14,2,28.76,9.69
280,178,241.31,100.14,3,37.61,20.01
280,178,241.31,100.14,4,3.34,30.83
280,179,36.25,315.58,0,9.06,10.78
280,179,36.25,315.58,1,39.58,4.53
280,179,36.25,315.58,2,28.76,9.69
280,179,36.25,315.58,3,37.61,20.01
280,179,36.25,315.58,4,3.34,30.83
280,180,214.76,147.24,0,9.06,10.78
280,180,214.76,147.24,1,39.58,4.53
280,180,214.76,147.24,2,28.76,9.69
280,180,214.76,147.24,3,37.61,20.01
280,180,214.76,147.24,4,3.34,30.83
280,181,32.08,128.29,0,9.06,10.78
280,181,32.08,128.29,1,39.58,4.53
280,181,32.08,128.29,2,28.76,9.69
280,181,32.08,128.29,3,37.61,20.01
280,181,32.08,128.29,4,3.34,30.83
280,183,79.70,122.09,0,9.06,10.78
280,183,79.70,122.09,1,39.58,4.53
280,183,79.70,122.09,2,28.76,9.69
280,183,79.70,122.09,3,37.61,20.01
280,183,79.70,122.09,4,3.34,30.83
280,184,62.91,111.63,0,9.06,10.78
280,184,62.91,111.63,1,39.58,4.53
280,184,62.91,111.63,2,28.76,9.69
280,184,62.91,111.63,3,37.61,20.01
280,184,62.91,111.63,4,3.34,30.83
280,185,59.19,300.80,0,9.06,10.78
280,185,59.19,300.80,1,39.58,4.53
280,185,59.19,300.80,2,28.76,9.69
280,185,59.19,300.80,3,37.61,20.01
280,185,59.19,300.80,4,3.34,30.83
280,186,249.60,105.92,0,9.06,10.78
280,186,249.60,105.92,1,39.58,4.53
280,186,249.60,105.92,2,28.76,9.69
280,186,249.60,105.92,3,37.61,20.01
280,186,249.60,105.92,4,3.34,30.83
280,187,117.08,313.93,0,9.06,10.78
280,187,117.08,313.93,1,39.58,4.53
280,187,117.08,313.93,2,28.76,9.69
280,187,117.08,313.93,3,37.61,20.01
280,187,117.08,313.93,4,3.34,30.83
280,188,261.17,122.62,0,9.06,10.78
280,188,261.17,122.62,1,39.58,4.53
280,188,261.17,122.62,2,28.76,9.69
280,188,261.17,122.62,3,37.61,20.01
280,188,261.17,122.62,4,3.34,30.83
280,189,35.20,304.50,0,9.06,10.78
280,189,35.20,304.50,1,39.58,4.53
280,189,35.20,304.50,2,28.76,9.69
280,189,35.20,304.50,3,37.61,20.01
280,189,35.20,304.50,4,3.34,30.83
280,190,54.29,73.22,0,9.06,10.78
280,190,54.29,73.22,1,39.58,4.53
280,190,54.29,73.22,2,28.76,9.69
280,190,54.29,73.22,3,37.61,20.01
280,190,54.29,73.22,4,3.34,30.83
280,191,41.72,328.25,0,9.06,10.78
280,191,41.72,328.25,1,39.58,4.53
280,191,41.72,328.25,2,28.76,9.69
280,191,41.72,328.25,3,37.61,20.01
280,191,41.72,328.25,4,3.34,30.83
280,192,262.16,90.93,0,9.06,10.78
280,192,262.16,90.93,1,39.58,4.53
280,192,262.16,90.93,2,28.76,9.69
280,192,262.16,90.93,3,37.61,20.01
280,192,262.16,90.93,4,3.34,30.83
280,193,328.25,111.37,0,9.06,10.78
280,193,328.25,111.37,1,39.58,4.53
280,193,328.25,111.37,2,28.76,9.69
280,193,328.25,111.37,3,37.61,20.01
280,193,328.25,111.37,4,3.34,30.83
280,194,56.48,129.06,0,9.06,10.78
280,194,56.48,129.06,1,39.58,4.53
280,194,56.48,129.06,2,28.76,9.69
280,194,56.48,129.06,3,37.61,20.01
280,194,56.48,129.06,4,3.34,30.83
280,195,76.55,344.24,0,9.06,10.78
280,195,76.55,344.24,1,39.58,4.53
280,195,76.55,344.24,2,28.76,9.69
280,195,76.55,344.24,3,37.61,20.01
280,195,76.55,344.24,4,3.34,30.83
280,196,67.40,113.82,0,9.06,10.78
280,196,67.40,113.82,1,39.58,4.53
280,196,67.40,113.82,2,28.76,9.69
280,196,67.40,113.82,3,37.61,20.01
280,196,67.40,113.82,4,3.34,30.83
280,198,373.45,178.07,0,9.06,10.78
280,198,373.45,178.07,1,39.58,4.53
280,198,373.45,178.07,2,28.76,9.69
280,198,373.45,178.07,3,37.61,20.01
280,198,373.45,178.07,4,3.34,30.83
280,199,42.31,149.73,0,9.06,10.78
280,199,42.31,149.73,1,39.58,4.53
280,199,42.31,149.73,2,28.76,9.69
280,199,42.31,149.73,3,37.61,20.01
280,199,42.31,149.73,4,3.34,30.83
280,200,32.95,89.30,0,9.06,10.78
280,200,32.95,89.30,1,39.58,4.53
280,200,32.95,89.30,2,28.76,9.69
280,200,32.95,89.30,3,37.61,20.01
280,200,32.95,89.30,4,3.34,30.83
280,201,383.83,176.21,0,9.06,10.78
280,201,383.83,176.21,1,39.58,4.53
280,201,383.83,176.21,2,28.76,9.69
280,201,383.83,176.21,3,37.61,20.01
280,201,383.83,176.21,4,3.34,30.83
280,203,368.26,200.61,0,9.06,10.78
280,203,368.26,200.61,1,39.58,4.53
280,203,368.26,200.61,2,28.76,9.69
280,203,368.26,200.61,3,37.61,20.01
280,203,368.26,200.61,4,3.34,30.83
280,204,34.57,318.50,0,9.06,10.78
280,204,34.57,318.50,1,39.58,4.53
280,204,34.57,318.50,2,28.76,9.69
280,204,34.57,318.50,3,37.61,20.01
280,204,34.57,318.50,4,3.34,30.83
280,206,258.15,108.00,0,9.06,10.78
280,206,258.15,108.00,1,39.58,4.53
280,206,258.15,108.00,2,28.76,9.69
280,206,258.15,108.00,3,37.61,20.01
280,206,258.15,108.00,4,3.34,30.83
280,207,19.49,297.20,0,9.06,10.78
280,207,19.49,297.20,1,39.58,4.53
280,207,19.49,297.20,2,28.76,9.69
280,207,19.49,297.20,3,37.61,20.01
280,207,19.49,297.20,4,3.34,30.83
280,208,46.47,341.41,0,9.06,10.78
280,208,46.47,341.41,1,39.58,4.53
280,208,46.47,341.41,2,28.76,9.69
280,208,46.47,341.41,3,37.61,20.01
280,208,46.47,341.41,4,3.34,30.83
280,210,271.88,104.76,0,9.06,10.78
280,210,271.88,104.76,1,39.58,4.53
280,210,271.88,104.76,2,28.76,9.69
280,210,271.88,104.76,3,37.61,20.01
280,210,271.88,104.76,4,3.34,30.83
280,211,116.08,367.54,0,9.06,10.78
280,211,116.08,367.54,1,39.58,4.53
280,211,116.08,367.54,2,28.76,9.69
280,211,116.08,367.54,3,37.61,20.01
280,211,116.08,367.54,4,3.34,30.83
280,212,386.16,253.82,0,9.06,10.78
280,212,386.16,253.82,1,39.58,4.53
280,212,386.16,253.82,2,28.76,9.69
280,212,386.16,253.82,3,37.61,20.01
280,212,386.16,253.82,4,3.34,30.83
280,213,378.88,252.45,0,9.06,10.78
280,213,378.88,252.45,1,39.58,4.53
280,213,378.88,252.45,2,28.76,9.69
280,213,378.88,252.45,3,37.61,20.01
280,213,378.88,252.45,4,3.34,30.83
280,214,251.81,84.00,0,9.06,10.78
280,214,251.81,84.00,1,39.58,4.53
280,214,251.81,84.00,2,28.76,9.69
280,214,251.81,84.00,3,37.61,20.01
280,214,251.81,84.00,4,3.34,30.83
280,215,254.64,384.58,0,9.06,10.78
280,215,254.64,384.58,1,39.58,4.53
280,215,254.64,384.58,2,28.76,9.69
280,215,254.64,384.58,3,37.61,20.01
280,215,254.64,384.58,4,3.34,30.83
280,216,247.91,391.28,0,9.06,10.78
280,216,247.91,391.28,1,39.58,4.53
280,216,247.91,391.28,2,28.76,9.69
280,216,247.91,391.28,3,37.61,20.01
280,216,247.91,391.28,4,3.34,30.83
280,217,375.28,16.82,0,9.06,10.78
280,217,375.28,16.82,1,39.58,4.53
280,217,375.28,16.82,2,28.76,9.69
280,217,375.28,16.82,3,37.61,20.01
280,217,375.28,16.82,4,3.34,30.83
280,218,282.28,389.00,0,9.06,10.78
280,218,282.28,389.00,1,39.58,4.53
280,218,282.28,389.00,2,28.76,9.69
280,218,282.28,389.00,3,37.61,20.01
280,218,282.28,389.00,4,3.34,30.83
280,219,44.20,108.75,0,9.06,10.78
280,219,44.20,108.75,1,39.58,4.53
280,219,44.20,108.75,2,28.76,9.69
280,219,44.20,108.75,3,37.61,20.01
280,219,44.20,108.75,4,3.34,30.83
280,221,343.33,225.16,0,9.06,10.78
280,221,343.33,225.16,1,39.58,4.53
280,221,343.33,225.16,2,28.76,9.69
280,221,343.33,225.16,3,37.61,20.01
280,221,343.33,225.16,4,3.34,30.83
280,222,25.68,315.36,0,9.06,10.78
280,222,25.68,315.36,1,39.58,4.53
280,222,25.68,315.36,2,28.76,9.69
280,222,25.68,315.36,3,37.61,20.01
280,222,25.68,315.36,4,3.34,30.83
280,223,367.88,186.97,0,9.06,10.78
280,223,367.88,186.97,1,39.58,4.53
280,223,367.88,186.97,2,28.76,9.69
280,223,367.88,186.97,3,37.61,20.01
280,223,367.88,186.97,4,3.34,30.83
280,225,380.88,192.00,0,9.06,10.78
280,225,380.88,192.00,1,39.58,4.53
280,225,380.88,192.00,2,28.76,9.69
280,225,380.88,192.00,3,37.61,20.01
280,225,380.88,192.00,4,3.34,30.83
280,226,298.45,158.29,0,9.06,10.78
280,226,298.45,158.29,1,39.58,4.53
280,226,298.45,158.29,2,28.76,9.69
280,226,298.45,158.29,3,37.61,20.01
280,226,298.45,158.29,4,3.34,30.83
280,227,80.91,325.78,0,9.06,10.78
280,227,80.91,325.78,1,39.58,4.53
280,227,80.91,325.78,2,28.76,9.69
280,227,80.91,325.78,3,37.61,20.01
280,227,80.91,325.78,4,3.34,30.83
280,228,258.74,75.56,0,9.06,10.78
280,228,258.74,75.56,1,39.58,4.53
280,228,258.74,75.56,2,28.76,9.69
280,228,258.74,75.56,3,37.61,20.01
280,228,258.74,75.56,4,3.34,30.83
280,229,170.29,115.38,0,9.06,10.78
280,229,170.29,115.38,1,39.58,4.53
280,229,170.29,115.38,2,28.76,9.69
280,229,170.29,115.38,3,37.61,20.01
280,229,170.29,115.38,4,3.34,30.83
280,230,160.24,52.95,0,9.06,10.78
280,230,160.24,52.95,1,39.58,4.53
280,230,160.24,52.95,2,28.76,9.69
280,230,160.24,52.95,3,37.61,20.01
280,230,160.24,52.95,4,3.34,30.83
280,231,290.05,332.11,0,9.06,10.78
280,231,290.05,332.11,1,39.58,4.53
280,231,290.05,332.11,2,28.76,9.69
280,231,290.05,332.11,3,37.61,20.01
280,231,290.05,332.11,4,3.34,30.83
280,232,366.13,33.86,0,9.06,10.78
280,232,366.13,33.86,1,39.58,4.53
280,232,366.13,33.86,2,28.76,9.69
280,232,366.13,33.86,3,37.61,20.01
280,232,366.13,33.86,4,3.34,30.83
280,233,373.35,233.76,0,9.06,10.78
280,233,373.35,233.76,1,39.58,4.53
280,233,373.35,233.76,2,28.76,9.69
280,233,373.35,233.76,3,37.61,20.01
280,233,373.35,233.76,4,3.34,30.83
280,236,276.33,103.53,0,9.06,10.78
280,236,276.33,103.53,1,39.58,4.53
280,236,276.33,103.53,2,28.76,9.69
280,236,276.33,103.53,3,37.61,20.01
280,236,276.33,103.53,4,3.34,30.83
280,237,188.66,148.64,0,9.06,10.78
280,237,188.66,148.64,1,39.58,4.53
280,237,188.66,148.64,2,28.76,9.69
280,237,188.66,148.64,3,37.61,20.01
280,237,188.66,148.64,4,3.34,30.83
280,238,24.20,305.92,0,9.06,10.78
280,238,24.20,305.92,1,39.58,4.53
280,238,24.20,305.92,2,28.76,9.69
280,238,24.20,305.92,3,37.61,20.01
280,238,24.20,305.92,4,3.34,30.83
280,239,215.50,123.17,0,9.06,10.78
280,239,215.50,123.17,1,39.58,4.53
280,239,215.50,123.17,2,28.76,9.69
280,239,215.50,123.17,3,37.61,20.01
280,239,215.50,123.17,4,3.34,30.83
280,240,130.54,238.32,0,9.06,10.78
280,240,130.54,238.32,1,39.58,4.53
280,240,130.54,238.32,2,28.76,9.69
280,240,130.54,238.32,3,37.61,20.01
280,240,130.54,238.32,4,3.34,30.83
280,241,386.06,195.76,0,9.06,10.78
280,241,386.06,195.76,1,39.58,4.53
280,241,386.06,195.76,2,28.76,9.69
280,241,386.06,195.76,3,37.61,20.01
280,241,386.06,195.76,4,3.34,30.83
280,242,204.00,229.05,0,9.06,10.78
280,242,204.00,229.05,1,39.58,4.53
280,242,204.00,229.05,2,28.76,9.69
280,242,204.00,229.05,3,37.61,20.01
280,242,204.00,229.05,4,3.34,30.83
280,243,33.36,297.27,0,9.06,10.78
280,243,33.36,297.27,1,39.58,4.53
280,243,33.36,297.27,2,28.76,9.69
280,243,33.36,297.27,3,37.61,20.01
280,243,33.36,297.27,4,3.34,30.83
280,244,178.97,330.97,0,9.06,10.78
280,244,178.97,330.97,1,39.58,4.53
280,244,178.97,330.97,2,28.76,9.69
280,244,178.97,330.97,3,37.61,20.01
280,244,178.97,330.97,4,3.34,30.83
280,245,227.11,142.01,0,9.06,10.78
280,245,227.11,142.01,1,39.58,4.53
280,245,227.11,142.01,2,28.76,9.69
280,245,227.11,142.01,3,37.61,20.01
280,245,227.11,142.01,4,3.34,30.83
280,246,348.18,226.43,0,9.06,10.78
280,246,348.18,226.43,1,39.58,4.53
280,246,348.18,226.43,2,28.76,9.69
280,246,348.18,226.43,3,37.61,20.01
280,246,348.18,226.43,4,3.34,30.83
280,248,387.50,289.26,0,9.06,10.78
280,248,387.50,289.26,1,39.58,4.53
280,248,387.50,289.26,2,28.76,9.69
280,248,387.50,289.26,3,37.61,20.01
280,248,387.50,289.26,4,3.34,30.83
280,249,366.07,392.66,0,9.06,10.78
280,249,366.07,392.66,1,39.58,4.53
280,249,366.07,392.66,2,28.76,9.69
280,249,366.07,392.66,3,37.61,20.01
280,249,366.07,392.66,4,3.34,30.83
280,250,238.77,298.83,0,9.06,10.78
280,250,238.77,298.83,1,39.58,4.53
280,250,238.77,298.83,2,28.76,9.69
280,250,238.77,298.83,3,37.61,20.01
280,250,238.77,298.83,4,3.34,30.83
280,251,62.69,306.40,0,9.06,10.78
280,251,62.69,306.40,1,39.58,4.53
280,251,62.69,306.40,2,28.76,9.69
280,251,62.69,306.40,3,37.61,20.01
280,251,62.69,306.40,4,3.34,30.83
280,252,24.10,89.59,0,9.06,10.78
280,252,24.10,89.59,1,39.58,4.53
280,252,24.10,89.59,2,28.76,9.69
280,252,24.10,89.59,3,37.61,20.01
280,252,24.10,89.59,4,3.34,30.83
280,253,346.20,184.62,0,9.06,10.78
280,253,346.20,184.62,1,39.58,4.53
280,253,346.20,184.62,2,28.76,9.69
280,253,346.20,184.62,3,37.61,20.01
280,253,346.20,184.62,4,3.34,30.83
280,254,369.14,158.80,0,9.06,10.78
280,254,369.14,158.80,1,39.58,4.53
280,254,369.14,158.80,2,28.76,9.69
280,254,369.14,158.80,3,37.61,20.01
280,254,369.14,158.80,4,3.34,30.83
280,255,24.69,312.04,0,9.06,10.78
280,255,24.69,312.04,1,39.58,4.53
280,255,24.69,312.04,2,28.76,9.69
280,255,24.69,312.04,3,37.61,20.01
280,255,24.69,312.04,4,3.34,30.83
280,256,74.26,105.28,0,9.06,10.78
280,256,74.26,105.28,1,39.58,4.53
280,256,74.26,105.28,2,28.76,9.69
280,256,74.26,105.28,3,37.61,20.01
280,256,74.26,105.28,4,3.34,30.83
280,257,378.13,177.10,0,9.06,10.78
280,257,378.13,177.10,1,39.58,4.53
280,257,378.13,177.10,2,28.76,9.69
280,257,378.13,177.10,3,37.61,20.01
280,257,378.13,177.10,4,3.34,30.83
280,258,376.72,43.04,0,9.06,10.78
280,258,376.72,43.04,1,39.58,4.53
280,258,376.72,43.04,2,28.76,9.69
280,258,376.72,43.04,3,37.61,20.01
280,258,376.72,43.04,4,3.34,30.83
280,259,84.63,105.40,0,9.06,10.78
280,259,84.63,105.40,1,39.58,4.53
280,259,84.63,105.40,2,28.76,9.69
280,259,84.63,105.40,3,37.61,20.01
280,259,84.63,105.40,4,3.34,30.83
280,260,313.83,373.17,0,9.06,10.78
280,260,313.83,373.17,1,39.58,4.53
280,260,313.83,373.17,2,28.76,9.69
280,260,313.83,373.17,3,37.61,20.01
280,260,313.83,373.17,4,3.34,30.83
280,261,56.05,345.85,0,9.06,10.78
280,261,56.05,345.85,1,39.58,4.53
280,261,56.05,345.85,2,28.76,9.69
280,261,56.05,345.85,3,37.61,20.01
280,261,56.05,345.85,4,3.34,30.83
280,262,169.19,98.55,0,9.06,10.78
280,262,169.19,98.55,1,39.58,4.53
280,262,169.19,98.55,2,28.76,9.69
280,262,169.19,98.55,3,37.61,20.01
280,262,169.19,98.55,4,3.34,30.83
280,263,169.05,84.84,0,9.06,10.78
280,263,169.05,84.84,1,39.58,4.53
280,263,169.05,84.84,2,28.76,9.69
280,263,169.05,84.84,3,37.61,20.01
280,263,169.05,84.84,4,3.34,30.83
280,264,47.92,137.40,0,9.06,10.78
280,264,47.92,137.40,1,39.58,4.53
280,264,47.92,137.40,2,28.76,9.69
280,264,47.92,137.40,3,37.61,20.01
280,264,47.92,137.40,4,3.34,30.83
280,265,223.09,324.85,0,9.06,10.78
280,265,223.09,324.85,1,39.58,4.53
280,265,223.09,324.85,2,28.76,9.69
280,265,223.09,324.85,3,37.61,20.01
280,265,223.09,324.85,4,3.34,30.83
280,266,93.91,304.77,0,9.06,10.78
280,266,93.91,304.77,1,39.58,4.53
280,266,93.91,304.77,2,28.76,9.69
280,266,93.91,304.77,3,37.61,20.01
280,266,93.91,304.77,4,3.34,30.83
280,267,198.05,68.69,0,9.06,10.78
280,267,198.05,68.69,1,39.58,4.53
280,267,198.05,68.69,2,28.76,9.69
280,267,198.05,68.69,3,37.61,20.01
280,267,198.05,68.69,4,3.34,30.83
280,268,223.68,104.38,0,9.06,10.78
280,268,223.68,104.38,1,39.58,4.53
280,268,223.68,104.38,2,28.76,9.69
280,268,223.68,104.38,3,37.61,20.01
280,268,223.68,104.38,4,3.34,30.83
280,269,31.36,134.58,0,9.06,10.78
280,269,31.36,134.58,1,39.58,4.53
280,269,31.36,134.58,2,28.76,9.69
280,269,31.36,134.58,3,37.61,20.01
280,269,31.36,134.58,4,3.34,30.83
280,270,41.49,303.90,0,9.06,10.78
280,270,41.49,303.90,1,39.58,4.53
280,270,41.49,303.90,2,28.76,9.69
280,270,41.49,303.90,3,37.61,20.01
280,270,41.49,303.90,4,3.34,30.83
280,271,56.28,119.63,0,9.06,10.78
280,271,56.28,119.63,1,39.58,4.53
280,271,56.28,119.63,2,28.76,9.69
280,271,56.28,119.63,3,37.61,20.01
280,271,56.28,119.63,4,3.34,30.83
280,273,23.54,289.61,0,9.06,10.78
280,273,23.54,289.61,1,39.58,4.53
280,273,23.54,289.61,2,28.76,9.69
280,273,23.54,289.61,3,37.61,20.01
280,273,23.54,289.61,4,3.34,30.83
280,274,98.86,23.69,0,9.06,10.78
280,274,98.86,23.69,1,39.58,4.53
280,274,98.86,23.69,2,28.76,9.69
280,274,98.86,23.69,3,37.61,20.01
280,274,98.86,23.69,4,3.34,30.83
280,275,326.13,214.45,0,9.06,10.78
280,275,326.13,214.45,1,39.58,4.53
280,275,326.13,214.45,2,28.76,9.69
280,275,326.13,214.45,3,37.61,20.01
280,275,326.13,214.45,4,3.34,30.83
280,276,331.62,220.84,0,9.06,10.78
280,276,331.62,220.84,1,39.58,4.53
280,276,331.62,220.84,2,28.76,9.69
280,276,331.62,220.84,3,37.61,20.01
280,276,331.62,220.84,4,3.34,30.83
280,277,300.30,182.18,0,9.06,10.78
280,277,300.30,182.18,1,39.58,4.53
280,277,300.30,182.18,2,28.76,9.69
280,277,300.30,182.18,3,37.61,20.01
280,277,300.30,182.18,4,3.34,30.83
280,278,68.04,368.01,0,9.06,10.78
280,278,68.04,368.01,1,39.58,4.53
280,278,68.04,368.01,2,28.76,9.69
280,278,68.04,368.01,3,37.61,20.01
280,278,68.04,368.01,4,3.34,30.83
280,279,234.78,391.96,0,9.06,10.78
280,279,234.78,391.96,1,39.58,4.53
280,279,234.78,391.96,2,28.76,9.69
280,279,234.78,391.96,3,37.61,20.01
280,279,234.78,391.96,4,3.34,30.83
280,281,235.46,64.36,0,9.06,10.78
280,281,235.46,64.36,1,39.58,4.53
280,281,235.46,64.36,2,28.76,9.69
280,281,235.46,64.36,3,37.61,20.01
280,281,235.46,64.36,4,3.34,30.83
280,282,373.24,183.41,0,9.06,10.78
280,282,373.24,183.41,1,39.58,4.53
280,282,373.24,183.41,2,28.76,9.69
280,282,373.24,183.41,3,37.61,20.01
280,282,373.24,183.41,4,3.34,30.83
280,283,347.73,174.90,0,9.06,10.78
280,283,347.73,174.90,1,39.58,4.53
280,283,347.73,174.90,2,28.76,9.69
280,283,347.73,174.90,3,37.61,20.01
280,283,347.73,174.90,4,3.34,30.83
280,284,241.32,95.10,0,9.06,10.78
280,284,241.32,95.10,1,39.58,4.53
280,284,241.32,95.10,2,28.76,9.69
280,284,241.32,95.10,3,37.61,20.01
280,284,241.32,95.10,4,3.34,30.83
280,285,220.50,353.08,0,9.06,10.78
280,285,220.50,353.08,1,39.58,4.53
280,285,220.50,353.08,2,28.76,9.69
280,285,220.50,353.08,3,37.61,20.01
280,285,220.50,353.08,4,3.34,30.83
280,286,250.07,342.58,0,9.06,10.78
280,286,250.07,342.58,1,39.58,4.53
280,286,250.07,342.58,2,28.76,9.69
280,286,250.07,342.58,3,37.61,20.01
280,286,250.07,342.58,4,3.34,30.83
280,288,102.28,11.30,0,9.06,10.78
280,288,102.28,11.30,1,39.58,4.53
280,288,102.28,11.30,2,28.76,9.69
280,288,102.28,11.30,3,37.61,20.01
280,288,102.28,11.30,4,3.34,30.83
280,289,45.82,313.94,0,9.06,10.78
280,289,45.82,313.94,1,39.58,4.53
280,289,45.82,313.94,2,28.76,9.69
280,289,45.82,313.94,3,37.61,20.01
280,289,45.82,313.94,4,3.34,30.83
280,290,323.74,248.41,0,9.06,10.78
280,290,323.74,248.41,1,39.58,4.53
280,290,323.74,248.41,2,28.76,9.69
280,290,323.74,248.41,3,37.61,20.01
280,290,323.74,248.41,4,3.34,30.83
280,291,60.80,64.79,0,9.06,10.78
280,291,60.80,64.79,1,39.58,4.53
280,291,60.80,64.79,2,28.76,9.69
280,291,60.80,64.79,3,37.61,20.01
280,291,60.80,64.79,4,3.34,30.83
280,292,264.69,301.88,0,9.06,10.78
280,292,264.69,301.88,1,39.58,4.53
280,292,264.69,301.88,2,28.76,9.69
280,292,264.69,301.88,3,37.61,20.01
280,292,264.69,301.88,4,3.34,30.83
280,293,247.06,108.18,0,9.06,10.78
280,293,247.06,108.18,1,39.58,4.53
280,293,247.06,108.18,2,28.76,9.69
280,293,247.06,108.18,3,37.61,20.01
280,293,247.06,108.18,4,3.34,30.83
280,294,72.58,343.17,0,9.06,10.78
280,294,72.58,343.17,1,39.58,4.53
280,294,72.58,343.17,2,28.76,9.69
280,294,72.58,343.17,3,37.61,20.01
280,294,72.58,343.17,4,3.34,30.83
280,296,377.92,31.08,0,9.06,10.78
280,296,377.92,31.08,1,39.58,4.53
280,296,377.92,31.08,2,28.76,9.69
280,296,377.92,31.08,3,37.61,20.01
280,296,377.92,31.08,4,3.34,30.83
280,297,382.40,159.87,0,9.06,10.78
280,297,382.40,159.87,1,39.58,4.53
280,297,382.40,159.87,2,28.76,9.69
280,297,382.40,159.87,3,37.61,20.01
280,297,382.40,159.87,4,3.34,30.83
280,298,377.28,35.84,0,9.06,10.78
280,298,377.28,35.84,1,39.58,4.53
280,298,377.28,35.84,2,28.76,9.69
280,298,377.28,35.84,3,37.61,20.01
280,298,377.28,35.84,4,3.34,30.83
280,299,72.13,121.00,0,9.06,10.78
280,299,72.13,121.00,1,39.58,4.53
280,299,72.13,121.00,2,28.76,9.69
280,299,72.13,121.00,3,37.61,20.01
280,299,72.13,121.00,4,3.34,30.83
280,300,211.36,343.77,0,9.06,10.78
280,300,211.36,343.77,1,39.58,4.53
280,300,211.36,343.77,2,28.76,9.69
280,300,211.36,343.77,3,37.61,20.01
280,300,211.36,343.77,4,3.34,30.83
290,2,74.75,104.52,0,9.76,11.33
290,2,74.75,104.52,1,39.58,4.53
290,2,74.75,104.52,2,28.76,9.69
290,2,74.75,104.52,3,36.76,21.02
290,2,74.75,104.52,4,3.34,30.83
290,3,192.00,283.76,0,9.76,11.33
290,3,192.00,283.76,1,39.58,4.53
290,3,192.00,283.76,2,28.76,9.69
290,3,192.00,283.76,3,36.76,21.02
290,3,192.00,283.76,4,3.34,30.83
290,6,56.43,294.93,0,9.76,11.33
290,6,56.43,294.93,1,39.58,4.53
290,6,56.43,294.93,2,28.76,9.69
290,6,56.43,294.93,3,36.76,21.02
290,6,56.43,294.93,4,3.34,30.83
290,7,83.13,111.38,0,9.76,11.33
290,7,83.13,111.38,1,39.58,4.53
290,7,83.13,111.38,2,28.76,9.69
290,7,83.13,111.38,3,36.76,21.02
290,7,83.13,111.38,4,3.34,30.83
290,8,104.35,367.08,0,9.76,11.33
290,8,104.35,367.08,1,39.58,4.53
290,8,104.35,367.08,2,28.76,9.69
290,8,104.35,367.08,3,36.76,21.02
290,8,104.35,367.08,4,3.34,30.83
290,9,301.90,195.83,0,9.76,11.33
290,9,301.90,195.83,1,39.58,4.53
290,9,301.90,195.83,2,28.76,9.69
290,9,301.90,195.83,3,36.76,21.02
290,9,301.90,195.83,4,3.34,30.83
290,11,191.52,109.81,0,9.76,11.33
290,11,191.52,109.81,1,39.58,4.53
290,11,191.52,109.81,2,28.76,9.69
290,11,191.52,109.81,3,36.76,21.02
290,11,191.52,109.81,4,3.34,30.83
290,13,148.97,92.08,0,9.76,11.33
290,13,148.97,92.08,1,39.58,4.53
290,13,148.97,92.08,2,28.76,9.69
290,13,148.97,92.08,3,36.76,21.02
290,13,148.97,92.08,4,3.34,30.83
290,14,18.82,336.56,0,9.76,11.33
290,14,18.82,336.56,1,39.58,4.53
290,14,18.82,336.56,2,28.76,9.69
290,14,18.82,336.56,3,36.76,21.02
290,14,18.82,336.56,4,3.34,30.83
290,15,19.22,319.62,0,9.76,11.33
290,15,19.22,319.62,1,39.58,4.53
290,15,19.22,319.62,2,28.76,9.69
290,15,19.22,319.62,3,36.76,21.02
290,15,19.22,319.62,4,3.34,30.83
290,16,346.62,251.19,0,9.76,11.33
290,16,346.62,251.19,1,39.58,4.53
290,16,346.62,251.19,2,28.76,9.69
290,16,346.62,251.19,3,36.76,21.02
290,16,346.62,251.19,4,3.34,30.83
290,18,162.74,338.32,0,9.76,11.33
290,18,162.74,338.32,1,39.58,4.53
290,18,162.74,338.32,2,28.76,9.69
290,18,162.74,338.32,3,36.76,21.02
290,18,162.74,338.32,4,3.34,30.83
290,19,50.54,318.74,0,9.76,11.33
290,19,50.54,318.74,1,39.58,4.53
290,19,50.54,318.74,2,28.76,9.69
290,19,50.54,318.74,3,36.76,21.02
290,19,50.54,318.74,4,3.34,30.83
290,20,220.90,389.00,0,9.76,11.33
290,20,220.90,389.00,1,39.58,4.53
290,20,220.90,389.00,2,28.76,9.69
290,20,220.90,389.00,3,36.76,21.02
290,20,220.90,389.00,4,3.34,30.83
290,21,385.47,158.02,0,9.76,11.33
290,21,385.47,158.02,1,39.58,4.53
290,21,385.47,158.02,2,28.76,9.69
290,21,385.47,158.02,3,36.76,21.02
290,21,385.47,158.02,4,3.34,30.83
290,22,296.67,372.40,0,9.76,11.33
290,22,296.67,372.40,1,39.58,4.53
290,22,296.67,372.40,2,28.76,9.69
290,22,296.67,372.40,3,36.76,21.02
290,22,296.67,372.40,4,3.34,30.83
290,23,362.65,217.72,0,9.76,11.33
290,23,362.65,217.72,1,39.58,4.53
290,23,362.65,217.72,2,28.76,9.69
290,23,362.65,217.72,3,36.76,21.02
290,23,362.65,217.72,4,3.34,30.83
290,24,139.28,91.30,0,9.76,11.33
290,24,139.28,91.30,1,39.58,4.53
290,24,139.28,91.30,2,28.76,9.69
290,24,139.28,91.30,3,36.76,21.02
290,24,139.28,91.30,4,3.34,30.83
290,25,42.34,320.93,0,9.76,11.33
290,25,42.34,320.93,1,39.58,4.53
290,25,42.34,320.93,2,28.76,9.69
290,25,42.34,320.93,3,36.76,21.02
290,25,42.34,320.93,4,3.34,30.83
290,26,291.56,51.83,0,9.76,11.33
290,26,291.56,51.83,1,39.58,4.53
290,26,291.56,51.83,2,28.76,9.69
290,26,291.56,51.83,3,36.76,21.02
290,26,291.56,51.83,4,3.34,30.83
290,27,271.44,100.94,0,9.76,11.33
290,27,271.44,100.94,1,39.58,4.53
290,27,271.44,100.94,2,28.76,9.69
290,27,271.44,100.94,3,36.76,21.02
290,27,271.44,100.94,4,3.34,30.83
290,28,387.72,345.17,0,9.76,11.33
290,28,387.72,345.17,1,39.58,4.53
290,28,387.72,345.17,2,28.76,9.69
290,28,387.72,345.17,3,36.76,21.02
290,28,387.72,345.17,4,3.34,30.83
290,29,120.57,280.44,0,9.76,11.33
290,29,120.57,280.44,1,39.58,4.53
290,29,120.57,280.44,2,28.76,9.69
290,29,120.57,280.44,3,36.76,21.02
290,29,120.57,280.44,4,3.34,30.83
290,31,230.37,67.29,0,9.76,11.33
290,31,230.37,67.29,1,39.58,4.53
290,31,230.37,67.29,2,28.76,9.69
290,31,230.37,67.29,3,36.76,21.02
290,31,230.37,67.29,4,3.34,30.83
290,32,263.63,95.25,0,9.76,11.33
290,32,263.63,95.25,1,39.58,4.53
290,32,263.63,95.25,2,28.76,9.69
290,32,263.63,95.25,3,36.76,21.02
290,32,263.63,95.25,4,3.34,30.83
290,34,237.07,104.73,0,9.76,11.33
290,34,237.07,104.73,1,39.58,4.53
290,34,237.07,104.73,2,28.76,9.69
290,34,237.07,104.73,3,36.76,21.02
290,34,237.07,104.73,4,3.34,30.83
290,35,358.74,196.45,0,9.76,11.33
290,35,358.74,196.45,1,39.58,4.53
290,35,358.74,196.45,2,28.76,9.69
290,35,358.74,196.45,3,36.76,21.02
290,35,358.74,196.45,4,3.34,30.83
290,36,60.28,322.96,0,9.76,11.33
290,36,60.28,322.96,1,39.58,4.53
290,36,60.28,322.96,2,28.76,9.69
290,36,60.28,322.96,3,36.76,21.02
290,36,60.28,322.96,4,3.34,30.83
290,37,334.83,246.67,0,9.76,11.33
290,37,334.83,246.67,1,39.58,4.53
290,37,334.83,246.67,2,28.76,9.69
290,37,334.83,246.67,3,36.76,21.02
290,37,334.83,246.67,4,3.34,30.83
290,38,107.40,240.08,0,9.76,11.33
290,38,107.40,240.08,1,39.58,4.53
290,38,107.40,240.08,2,28.76,9.69
290,38,107.40,240.08,3,36.76,21.02
290,38,107.40,240.08,4,3.34,30.83
290,39,94.86,173.04,0,9.76,11.33
290,39,94.86,173.04,1,39.58,4.53
290,39,94.86,173.04,2,28.76,9.69
290,39,94.86,173.04,3,36.76,21.02
290,39,94.86,173.04,4,3.34,30.83
290,40,285.84,103.89,0,9.76,11.33
290,40,285.84,103.89,1,39.58,4.53
290,40,285.84,103.89,2,28.76,9.69
290,40,285.84,103.89,3,36.76,21.02
290,40,285.84,103.89,4,3.34,30.83
290,41,265.79,289.28,0,9.76,11.33
290,41,265.79,289.28,1,39.58,4.53
290,41,265.79,289.28,2,28.76,9.69
290,41,265.79,289.28,3,36.76,21.02
290,41,265.79,289.28,4,3.34,30.83
290,42,371.44,207.16,0,9.76,11.33
290,42,371.44,207.16,1,39.58,4.53
290,42,371.44,207.16,2,28.76,9.69
290,42,371.44,207.16,3,36.76,21.02
290,42,371.44,207.16,4,3.34,30.83
290,43,255.10,93.16,0,9.76,11.33
290,43,255.10,93.16,1,39.58,4.53
290,43,255.10,93.16,2,28.76,9.69
290,43,255.10,93.16,3,36.76,21.02
290,43,255.10,93.16,4,3.34,30.83
290,46,49.85,329.40,0,9.76,11.33
290,46,49.85,329.40,1,39.58,4.53
290,46,49.85,329.40,2,28.76,9.69
290,46,49.85,329.40,3,36.76,21.02
290,46,49.85,329.40,4,3.34,30.83
290,49,234.23,112.21,0,9.76,11.33
290,49,234.23,112.21,1,39.58,4.53
290,49,234.23,112.21,2,28.76,9.69
290,49,234.23,112.21,3,36.76,21.02
290,49,234.23,112.21,4,3.34,30.83
290,50,325.96,296.64,0,9.76,11.33
290,50,325.96,296.64,1,39.58,4.53
290,50,325.96,296.64,2,28.76,9.69
290,50,325.96,296.64,3,36.76,21.02
290,50,325.96,296.64,4,3.34,30.83
290,51,27.57,319.57,0,9.76,11.33
290,51,27.57,319.57,1,39.58,4.53
290,51,27.57,319.57,2,28.76,9.69
290,51,27.57,319.57,3,36.76,21.02
290,51,27.57,319.57,4,3.34,30.83
290,53,309.37,220.96,0,9.76,11.33
290,53,309.37,220.96,1,39.58,4.53
290,53,309.37,220.96,2,28.76,9.69
290,53,309.37,220.96,3,36.76,21.02
290,53,309.37,220.96,4,3.34,30.83
290,54,365.41,29.35,0,9.76,11.33
290,54,365.41,29.35,1,39.58,4.53
290,54,365.41,29.35,2,28.76,9.69
290,54,365.41,29.35,3,36.76,21.02
290,54,365.41,29.35,4,3.34,30.83
290,55,312.04,230.24,0,9.76,11.33
290,55,312.04,230.24,1,39.58,4.53
290,55,312.04,230.24,2,28.76,9.69
290,55,312.04,230.24,3,36.76,21.02
290,55,312.04,230.24,4,3.34,30.83
290,56,358.21,184.09,0,9.76,11.33
290,56,358.21,184.09,1,39.58,4.53
290,56,358.21,184.09,2,28.76,9.69
290,56,358.21,184.09,3,36.76,21.02
290,56,358.21,184.09,4,3.34,30.83
290,57,81.42,156.64,0,9.76,11.33
290,57,81.42,156.64,1,39.58,4.53
290,57,81.42,156.64,2,28.76,9.69
290,57,81.42,156.64,3,36.76,21.02
290,57,81.42,156.64,4,3.34,30.83
290,60,168.77,289.10,0,9.76,11.33
290,60,168.77,289.10,1,39.58,4.53
290,60,168.77,289.10,2,28.76,9.69
290,60,168.77,289.10,3,36.76,21.02
290,60,168.77,289.10,4,3.34,30.83
290,61,64.61,134.19,0,9.76,11.33
290,61,64.61,134.19,1,39.58,4.53
290,61,64.61,134.19,2,28.76,9.69
290,61,64.61,134.19,3,36.76,21.02
290,61,64.61,134.19,4,3.34,30.83
290,62,32.65,347.15,0,9.76,11.33
290,62,32.65,347.15,1,39.58,4.53
290,62,32.65,347.15,2,28.76,9.69
290,62,32.65,347.15,3,36.76,21.02
290,62,32.65,347.15,4,3.34,30.83
290,63,87.33,148.22,0,9.76,11.33
290,63,87.33,148.22,1,39.58,4.53
290,63,87.33,148.22,2,28.76,9.69
290,63,87.33,148.22,3,36.76,21.02
290,63,87.33,148.22,4,3.34,30.83
290,64,388.86,36.71,0,9.76,11.33
290,64,388.86,36.71,1,39.58,4.53
290,64,388.86,36.71,2,28.76,9.69
290,64,388.86,36.71,3,36.76,21.02
290,64,388.86,36.71,4,3.34,30.83
290,65,354.14,231.57,0,9.76,11.33
290,65,354.14,231.57,1,39.58,4.53
290,65,354.14,231.57,2,28.76,9.69
290,65,354.14,231.57,3,36.76,21.02
290,65,354.14,231.57,4,3.34,30.83
290,66,71.33,352.26,0,9.76,11.33
290,66,71.33,352.26,1,39.58,4.53
290,66,71.33,352.26,2,28.76,9.69
290,66,71.33,352.26,3,36.76,21.02
290,66,71.33,352.26,4,3.34,30.83
290,67,52.16,188.85,0,9.76,11.33
290,67,52.16,188.85,1,39.58,4.53
290,67,52.16,188.85,2,28.76,9.69
290,67,52.16,188.85,3,36.76,21.02
290,67,52.16,188.85,4,3.34,30.83
290,68,213.65,327.86,0,9.76,11.33
290,68,213.65,327.86,1,39.58,4.53
290,68,213.65,327.86,2,28.76,9.69
290,68,213.65,327.86,3,36.76,21.02
290,68,213.65,327.86,4,3.34,30.83
290,69,388.60,333.11,0,9.76,11.33
290,69,388.60,333.11,1,39.58,4.53
290,69,388.60,333.11,2,28.76,9.69
290,69,388.60,333.11,3,36.76,21.02
290,69,388.60,333.11,4,3.34,30.83
290,70,261.44,104.29,0,9.76,11.33
290,70,261.44,104.29,1,39.58,4.53
290,70,261.44,104.29,2,28.76,9.69
290,70,261.44,104.29,3,36.76,21.02
290,70,261.44,104.29,4,3.34,30.83
290,71,32.70,334.37,0,9.76,11.33
290,71,32.70,334.37,1,39.58,4.53
290,71,32.70,334.37,2,28.76,9.69
290,71,32.70,334.37,3,36.76,21.02
290,71,32.70,334.37,4,3.34,30.83
290,72,23.27,343.84,0,9.76,11.33
290,72,23.27,343.84,1,39.58,4.53
290,72,23.27,343.84,2,28.76,9.69
290,72,23.27,343.84,3,36.76,21.02
290,72,23.27,343.84,4,3.34,30.83
290,73,384.76,187.34,0,9.76,11.33
290,73,384.76,187.34,1,39.58,4.53
290,73,384.76,187.34,2,28.76,9.69
290,73,384.76,187.34,3,36.76,21.02
290,73,384.76,187.34,4,3.34,30.83
290,74,248.06,86.12,0,9.76,11.33
290,74,248.06,86.12,1,39.58,4.53
290,74,248.06,86.12,2,28.76,9.69
290,74,248.06,86.12,3,36.76,21.02
290,74,248.06,86.12,4,3.34,30.83
290,75,226.06,95.49,0,9.76,11.33
290,75,226.06,95.49,1,39.58,4.53
290,75,226.06,95.49,2,28.76,9.69
290,75,226.06,95.49,3,36.76,21.02
290,75,226.06,95.49,4,3.34,30.83
290,76,378.30,162.68,0,9.76,11.33
290,76,378.30,162.68,1,39.58,4.53
290,76,378.30,162.68,2,28.76,9.69
290,76,378.30,162.68,3,36.76,21.02
290,76,378.30,162.68,4,3.34,30.83
290,77,75.86,126.26,0,9.76,11.33
290,77,75.86,126.26,1,39.58,4.53
290,77,75.86,126.26,2,28.76,9.69
290,77,75.86,126.26,3,36.76,21.02
290,77,75.86,126.26,4,3.34,30.83
290,78,202.79,378.72,0,9.76,11.33
290,78,202.79,378.72,1,39.58,4.53
290,78,202.79,378.72,2,28.76,9.69
290,78,202.79,378.72,3,36.76,21.02
290,78,202.79,378.72,4,3.34,30.83
290,79,377.06,198.89,0,9.76,11.33
290,79,377.06,198.89,1,39.58,4.53
290,79,377.06,198.89,2,28.76,9.69
290,79,377.06,198.89,3,36.76,21.02
290,79,377.06,198.89,4,3.34,30.83
290,81,255.93,359.91,0,9.76,11.33
290,81,255.93,359.91,1,39.58,4.53
290,81,255.93,359.91,2,28.76,9.69
290,81,255.93,359.91,3,36.76,21.02
290,81,255.93,359.91,4,3.34,30.83
290,82,336.40,138.20,0,9.76,11.33
290,82,336.40,138.20,1,39.58,4.53
290,82,336.40,138.20,2,28.76,9.69
290,82,336.40,138.20,3,36.76,21.02
290,82,336.40,138.20,4,3.34,30.83
290,83,200.50,52.25,0,9.76,11.33
290,83,200.50,52.25,1,39.58,4.53
290,83,200.50,52.25,2,28.76,9.69
290,83,200.50,52.25,3,36.76,21.02
290,83,200.50,52.25,4,3.34,30.83
290,84,216.70,293.25,0,9.76,11.33
290,84,216.70,293.25,1,39.58,4.53
290,84,216.70,293.25,2,28.76,9.69
290,84,216.70,293.25,3,36.76,21.02
290,84,216.70,293.25,4,3.34,30.83
290,85,371.93,165.04,0,9.76,11.33
290,85,371.93,165.04,1,39.58,4.53
290,85,371.93,165.04,2,28.76,9.69
290,85,371.93,165.04,3,36.76,21.02
290,85,371.93,165.04,4,3.34,30.83
290,86,58.10,122.48,0,9.76,11.33
290,86,58.10,122.48,1,39.58,4.53
290,86,58.10,122.48,2,28.76,9.69
290,86,58.10,122.48,3,36.76,21.02
290,86,58.10,122.48,4,3.34,30.83
290,87,388.84,24.73,0,9.76,11.33
290,87,388.84,24.73,1,39.58,4.53
290,87,388.84,24.73,2,28.76,9.69
290,87,388.84,24.73,3,36.76,21.02
290,87,388.84,24.73,4,3.34,30.83
290,88,162.71,302.65,0,9.76,11.33
290,88,162.71,302.65,1,39.58,4.53
290,88,162.71,302.65,2,28.76,9.69
290,88,162.71,302.65,3,36.76,21.02
290,88,162.71,302.65,4,3.34,30.83
290,89,299.35,78.13,0,9.76,11.33
290,89,299.35,78.13,1,39.58,4.53
290,89,299.35,78.13,2,28.76,9.69
290,89,299.35,78.13,3,36.76,21.02
290,89,299.35,78.13,4,3.34,30.83
290,90,222.74,71.37,0,9.76,11.33
290,90,222.74,71.37,1,39.58,4.53
290,90,222.74,71.37,2,28.76,9.69
290,90,222.74,71.37,3,36.76,21.02
290,90,222.74,71.37,4,3.34,30.83
290,92,286.45,95.15,0,9.76,11.33
290,92,286.45,95.15,1,39.58,4.53
290,92,286.45,95.15,2,28.76,9.69
290,92,286.45,95.15,3,36.76,21.02
290,92,286.45,95.15,4,3.34,30.83
290,93,265.32,84.93,0,9.76,11.33
290,93,265.32,84.93,1,39.58,4.53
290,93,265.32,84.93,2,28.76,9.69
290,93,265.32,84.93,3,36.76,21.02
290,93,265.32,84.93,4,3.34,30.83
290,94,20.31,327.06,0,9.76,11.33
290,94,20.31,327.06,1,39.58,4.53
290,94,20.31,327.06,2,28.76,9.69
290,94,20.31,327.06,3,36.76,21.02
290,94,20.31,327.06,4,3.34,30.83
290,95,361.69,177.86,0,9.76,11.33
290,95,361.69,177.86,1,39.58,4.53
290,95,361.69,177.86,2,28.76,9.69
290,95,361.69,177.86,3,36.76,21.02
290,95,361.69,177.86,4,3.34,30.83
290,96,75.81,148.96,0,9.76,11.33
290,96,75.81,148.96,1,39.58,4.53
290,96,75.81,148.96,2,28.76,9.69
290,96,75.81,148.96,3,36.76,21.02
290,96,75.81,148.96,4,3.34,30.83
290,97,264.04,135.29,0,9.76,11.33
290,97,264.04,135.29,1,39.58,4.53
290,97,264.04,135.29,2,28.76,9.69
290,97,264.04,135.29,3,36.76,21.02
290,97,264.04,135.29,4,3.34,30.83
290,98,364.90,22.21,0,9.76,11.33
290,98,364.90,22.21,1,39.58,4.53
290,98,364.90,22.21,2,28.76,9.69
290,98,364.90,22.21,3,36.76,21.02
290,98,364.90,22.21,4,3.34,30.83
290,102,60.96,145.60,0,9.76,11.33
290,102,60.96,145.60,1,39.58,4.53
290,102,60.96,145.60,2,28.76,9.69
290,102,60.96,145.60,3,36.76,21.02
290,102,60.96,145.60,4,3.34,30.83
290,103,85.03,363.31,0,9.76,11.33
290,103,85.03,363.31,1,39.58,4.53
290,103,85.03,363.31,2,28.76,9.69
290,103,85.03,363.31,3,36.76,21.02
290,103,85.03,363.31,4,3.34,30.83
290,104,370.64,19.53,0,9.76,11.33
290,104,370.64,19.53,1,39.58,4.53
290,104,370.64,19.53,2,28.76,9.69
290,104,370.64,19.53,3,36.76,21.02
290,104,370.64,19.53,4,3.34,30.83
290,105,34.22,328.07,0,9.76,11.33
290,105,34.22,328.07,1,39.58,4.53
290,105,34.22,328.07,2,28.76,9.69
290,105,34.22,328.07,3,36.76,21.02
290,105,34.22,328.07,4,3.34,30.83
290,106,45.25,289.79,0,9.76,11.33
290,106,45.25,289.79,1,39.58,4.53
290,106,45.25,289.79,2,28.76,9.69
290,106,45.25,289.79,3,36.76,21.02
290,106,45.25,289.79,4,3.34,30.83
290,107,275.71,112.31,0,9.76,11.33
290,107,275.71,112.31,1,39.58,4.53
290,107,275.71,112.31,2,28.76,9.69
290,107,275.71,112.31,3,36.76,21.02
290,107,275.71,112.31,4,3.34,30.83
290,108,23.50,76.02,0,9.76,11.33
290,108,23.50,76.02,1,39.58,4.53
290,108,23.50,76.02,2,28.76,9.69
290,108,23.50,76.02,3,36.76,21.02
290,108,23.50,76.02,4,3.34,30.83
290,109,45.33,309.67,0,9.76,11.33
290,109,45.33,309.67,1,39.58,4.53
290,109,45.33,309.67,2,28.76,9.69
290,109,45.33,309.67,3,36.76,21.02
290,109,45.33,309.67,4,3.34,30.83
290,110,93.61,324.99,0,9.76,11.33
290,110,93.61,324.99,1,39.58,4.53
290,110,93.61,324.99,2,28.76,9.69
290,110,93.61,324.99,3,36.76,21.02
290,110,93.61,324.99,4,3.34,30.83
290,111,388.50,42.45,0,9.76,11.33
290,111,388.50,42.45,1,39.58,4.53
290,111,388.50,42.45,2,28.76,9.69
290,111,388.50,42.45,3,36.76,21.02
290,111,388.50,42.45,4,3.34,30.83
290,112,217.04,104.02,0,9.76,11.33
290,112,217.04,104.02,1,39.58,4.53
290,112,217.04,104.02,2,28.76,9.69
290,112,217.04,104.02,3,36.76,21.02
290,112,217.04,104.02,4,3.34,30.83
290,113,89.74,121.88,0,9.76,11.33
290,113,89.74,121.88,1,39.58,4.53
290,113,89.74,121.88,2,28.76,9.69
290,113,89.74,121.88,3,36.76,21.02
290,113,89.74,121.88,4,3.34,30.83
290,114,173.29,41.95,0,9.76,11.33
290,114,173.29,41.95,1,39.58,4.53
290,114,173.29,41.95,2,28.76,9.69
290,114,173.29,41.95,3,36.76,21.02
290,114,173.29,41.95,4,3.34,30.83
290,115,378.74,201.97,0,9.76,11.33
290,115,378.74,201.97,1,39.58,4.53
290,115,378.74,201.97,2,28.76,9.69
290,115,378.74,201.97,3,36.76,21.02
290,115,378.74,201.97,4,3.34,30.83
290,116,239.33,120.85,0,9.76,11.33
290,116,239.33,120.85,1,39.58,4.53
290,116,239.33,120.85,2,28.76,9.69
290,116,239.33,120.85,3,36.76,21.02
290,116,239.33,120.85,4,3.34,30.83
290,117,364.55,141.27,0,9.76,11.33
290,117,364.55,141.27,1,39.58,4.53
290,117,364.55,141.27,2,28.76,9.69
290,117,364.55,141.27,3,36.76,21.02
290,117,364.55,141.27,4,3.34,30.83
290,118,85.49,177.99,0,9.76,11.33
290,118,85.49,177.99,1,39.58,4.53
290,118,85.49,177.99,2,28.76,9.69
290,118,85.49,177.99,3,36.76,21.02
290,118,85.49,177.99,4,3.34,30.83
290,119,316.29,123.85,0,9.76,11.33
290,119,316.29,123.85,1,39.58,4.53
290,119,316.29,123.85,2,28.76,9.69
290,119,316.29,123.85,3,36.76,21.02
290,119,316.29,123.85,4,3.34,30.83
290,120,179.88,224.13,0,9.76,11.33
290,120,179.88,224.13,1,39.58,4.53
290,120,179.88,224.13,2,28.76,9.69
290,120,179.88,224.13,3,36.76,21.02
290,120,179.88,224.13,4,3.34,30.83
290,121,89.40,111.68,0,9.76,11.33
290,121,89.40,111.68,1,39.58,4.53
290,121,89.40,111.68,2,28.76,9.69
290,121,89.40,111.68,3,36.76,21.02
290,121,89.40,111.68,4,3.34,30.83
290,122,119.62,246.00,0,9.76,11.33
290,122,119.62,246.00,1,39.58,4.53
290,122,119.62,246.00,2,28.76,9.69
290,122,119.62,246.00,3,36.76,21.02
290,122,119.62,246.00,4,3.34,30.83
290,123,141.26,319.65,0,9.76,11.33
290,123,141.26,319.65,1,39.58,4.53
290,123,141.26,319.65,2,28.76,9.69
290,123,141.26,319.65,3,36.76,21.02
290,123,141.26,319.65,4,3.34,30.83
290,124,109.45,59.18,0,9.76,11.33
290,124,109.45,59.18,1,39.58,4.53
290,124,109.45,59.18,2,28.76,9.69
290,124,109.45,59.18,3,36.76,21.02
290,124,109.45,59.18,4,3.34,30.83
290,125,368.78,130.51,0,9.76,11.33
290,125,368.78,130.51,1,39.58,4.53
290,125,368.78,130.51,2,28.76,9.69
290,125,368.78,130.51,3,36.76,21.02
290,125,368.78,130.51,4,3.34,30.83
290,126,54.41,103.89,0,9.76,11.33
290,126,54.41,103.89,1,39.58,4.53
290,126,54.41,103.89,2,28.76,9.69
290,126,54.41,103.89,3,36.76,21.02
290,126,54.41,103.89,4,3.34,30.83
290,127,27.15,342.43,0,9.76,11.33
290,127,27.15,342.43,1,39.58,4.53
290,127,27.15,342.43,2,28.76,9.69
290,127,27.15,342.43,3,36.76,21.02
290,127,27.15,342.43,4,3.34,30.83
290,128,235.26,349.93,0,9.76,11.33
290,128,235.26,349.93,1,39.58,4.53
290,128,235.26,349.93,2,28.76,9.69
290,128,235.26,349.93,3,36.76,21.02
290,128,235.26,349.93,4,3.34,30.83
290,129,315.86,167.25,0,9.76,11.33
290,129,315.86,167.25,1,39.58,4.53
290,129,315.86,167.25,2,28.76,9.69
290,129,315.86,167.25,3,36.76,21.02
290,129,315.86,167.25,4,3.34,30.83
290,131,277.98,93.42,0,9.76,11.33
290,131,277.98,93.42,1,39.58,4.53
290,131,277.98,93.42,2,28.76,9.69
290,131,277.98,93.42,3,36.76,21.02
290,131,277.98,93.42,4,3.34,30.83
290,132,380.50,259.37,0,9.76,11.33
290,132,380.50,259.37,1,39.58,4.53
290,132,380.50,259.37,2,28.76,9.69
290,132,380.50,259.37,3,36.76,21.02
290,132,380.50,259.37,4,3.34,30.83
290,133,48.71,113.13,0,9.76,11.33
290,133,48.71,113.13,1,39.58,4.53
290,133,48.71,113.13,2,28.76,9.69
290,133,48.71,113.13,3,36.76,21.02
290,133,48.71,113.13,4,3.34,30.83
290,135,63.22,282.64,0,9.76,11.33
290,135,63.22,282.64,1,39.58,4.53
290,135,63.22,282.64,2,28.76,9.69
290,135,63.22,282.64,3,36.76,21.02
290,135,63.22,282.64,4,3.34,30.83
290,136,387.09,42.09,0,9.76,11.33
290,136,387.09,42.09,1,39.58,4.53
290,136,387.09,42.09,2,28.76,9.69
290,136,387.09,42.09,3,36.76,21.02
290,136,387.09,42.09,4,3.34,30.83
290,137,272.54,89.10,0,9.76,11.33
290,137,272.54,89.10,1,39.58,4.53
290,137,272.54,89.10,2,28.76,9.69
290,137,272.54,89.10,3,36.76,21.02
290,137,272.54,89.10,4,3.34,30.83
290,139,369.40,146.90,0,9.76,11.33
290,139,369.40,146.90,1,39.58,4.53
290,139,369.40,146.90,2,28.76,9.69
290,139,369.40,146.90,3,36.76,21.02
290,139,369.40,146.90,4,3.34,30.83
290,140,383.53,26.16,0,9.76,11.33
290,140,383.53,26.16,1,39.58,4.53
290,140,383.53,26.16,2,28.76,9.69
290,140,383.53,26.16,3,36.76,21.02
290,140,383.53,26.16,4,3.34,30.83
290,141,336.38,380.74,0,9.76,11.33
290,141,336.38,380.74,1,39.58,4.53
290,141,336.38,380.74,2,28.76,9.69
290,141,336.38,380.74,3,36.76,21.02
290,141,336.38,380.74,4,3.34,30.83
290,142,263.91,114.43,0,9.76,11.33
290,142,263.91,114.43,1,39.58,4.53
290,142,263.91,114.43,2,28.76,9.69
290,142,263.91,114.43,3,36.76,21.02
290,142,263.91,114.43,4,3.34,30.83
290,143,336.24,332.04,0,9.76,11.33
290,143,336.24,332.04,1,39.58,4.53
290,143,336.24,332.04,2,28.76,9.69
290,143,336.24,332.04,3,36.76,21.02
290,143,336.24,332.04,4,3.34,30.83
290,145,236.01,334.55,0,9.76,11.33
290,145,236.01,334.55,1,39.58,4.53
290,145,236.01,334.55,2,28.76,9.69
290,145,236.01,334.55,3,36.76,21.02
290,145,236.01,334.55,4,3.34,30.83
290,146,102.56,170.57,0,9.76,11.33
290,146,102.56,170.57,1,39.58,4.53
290,146,102.56,170.57,2,28.76,9.69
290,146,102.56,170.57,3,36.76,21.02
290,146,102.56,170.57,4,3.34,30.83
290,147,31.20,300.20,0,9.76,11.33
290,147,31.20,300.20,1,39.58,4.53
290,147,31.20,300.20,2,28.76,9.69
290,147,31.20,300.20,3,36.76,21.02
290,147,31.20,300.20,4,3.34,30.83
290,148,325.55,203.32,0,9.76,11.33
290,148,325.55,203.32,1,39.58,4.53
290,148,325.55,203.32,2,28.76,9.69
290,148,325.55,203.32,3,36.76,21.02
290,148,325.55,203.32,4,3.34,30.83
290,149,364.10,233.83,0,9.76,11.33
290,149,364.10,233.83,1,39.58,4.53
290,149,364.10,233.83,2,28.76,9.69
290,149,364.10,233.83,3,36.76,21.02
290,149,364.10,233.83,4,3.34,30.83
290,150,290.21,128.78,0,9.76,11.33
290,150,290.21,128.78,1,39.58,4.53
290,150,290.21,128.78,2,28.76,9.69
290,150,290.21,128.78,3,36.76,21.02
290,150,290.21,128.78,4,3.34,30.83
290,151,233.64,89.29,0,9.76,11.33
290,151,233.64,89.29,1,39.58,4.53
290,151,233.64,89.29,2,28.76,9.69
290,151,233.64,89.29,3,36.76,21.02
290,151,233.64,89.29,4,3.34,30.83
290,152,57.64,102.72,0,9.76,11.33
290,152,57.64,102.72,1,39.58,4.53
290,152,57.64,102.72,2,28.76,9.69
290,152,57.64,102.72,3,36.76,21.02
290,152,57.64,102.72,4,3.34,30.83
290,155,232.34,125.18,0,9.76,11.33
290,155,232.34,125.18,1,39.58,4.53
290,155,232.34,125.18,2,28.76,9.69
290,155,232.34,125.18,3,36.76,21.02
290,155,232.34,125.18,4,3.34,30.83
290,156,364.05,296.13,0,9.76,11.33
290,156,364.05,296.13,1,39.58,4.53
290,156,364.05,296.13,2,28.76,9.69
290,156,364.05,296.13,3,36.76,21.02
290,156,364.05,296.13,4,3.34,30.83
290,157,234.38,96.71,0,9.76,11.33
290,157,234.38,96.71,1,39.58,4.53
290,157,234.38,96.71,2,28.76,9.69
290,157,234.38,96.71,3,36.76,21.02
290,157,234.38,96.71,4,3.34,30.83
290,159,369.70,275.85,0,9.76,11.33
290,159,369.70,275.85,1,39.58,4.53
290,159,369.70,275.85,2,28.76,9.69
290,159,369.70,275.85,3,36.76,21.02
290,159,369.70,275.85,4,3.34,30.83
290,160,314.47,385.54,0,9.76,11.33
290,160,314.47,385.54,1,39.58,4.53
290,160,314.47,385.54,2,28.76,9.69
290,160,314.47,385.54,3,36.76,21.02
290,160,314.47,385.54,4,3.34,30.83
290,161,187.45,141.01,0,9.76,11.33
290,161,187.45,141.01,1,39.58,4.53
290,161,187.45,141.01,2,28.76,9.69
290,161,187.45,141.01,3,36.76,21.02
290,161,187.45,141.01,4,3.34,30.83
290,162,280.64,350.07,0,9.76,11.33
290,162,280.64,350.07,1,39.58,4.53
290,162,280.64,350.07,2,28.76,9.69
290,162,280.64,350.07,3,36.76,21.02
290,162,280.64,350.07,4,3.34,30.83
290,163,195.49,134.79,0,9.76,11.33
290,163,195.49,134.79,1,39.58,4.53
290,163,195.49,134.79,2,28.76,9.69
290,163,195.49,134.79,3,36.76,21.02
290,163,195.49,134.79,4,3.34,30.83
290,164,46.52,50.31,0,9.76,11.33
290,164,46.52,50.31,1,39.58,4.53
290,164,46.52,50.31,2,28.76,9.69
290,164,46.52,50.31,3,36.76,21.02
290,164,46.52,50.31,4,3.34,30.83
290,165,88.90,92.63,0,9.76,11.33
290,165,88.90,92.63,1,39.58,4.53
290,165,88.90,92.63,2,28.76,9.69
290,165,88.90,92.63,3,36.76,21.02
290,165,88.90,92.63,4,3.34,30.83
290,166,284.17,372.66,0,9.76,11.33
290,166,284.17,372.66,1,39.58,4.53
290,166,284.17,372.66,2,28.76,9.69
290,166,284.17,372.66,3,36.76,21.02
290,166,284.17,372.66,4,3.34,30.83
290,167,387.48,304.11,0,9.76,11.33
290,167,387.48,304.11,1,39.58,4.53
290,167,387.48,304.11,2,28.76,9.69
290,167,387.48,304.11,3,36.76,21.02
290,167,387.48,304.11,4,3.34,30.83
290,168,199.03,278.68,0,9.76,11.33
290,168,199.03,278.68,1,39.58,4.53
290,168,199.03,278.68,2,28.76,9.69
290,168,199.03,278.68,3,36.76,21.02
290,168,199.03,278.68,4,3.34,30.83
290,169,229.25,81.18,0,9.76,11.33
290,169,229.25,81.18,1,39.58,4.53
290,169,229.25,81.18,2,28.76,9.69
290,169,229.25,81.18,3,36.76,21.02
290,169,229.25,81.18,4,3.34,30.83
290,170,317.58,243.10,0,9.76,11.33
290,170,317.58,243.10,1,39.58,4.53
290,170,317.58,243.10,2,28.76,9.69
290,170,317.58,243.10,3,36.76,21.02
290,170,317.58,243.10,4,3.34,30.83
290,171,77.87,113.13,0,9.76,11.33
290,171,77.87,113.13,1,39.58,4.53
290,171,77.87,113.13,2,28.76,9.69
290,171,77.87,113.13,3,36.76,21.02
290,171,77.87,113.13,4,3.34,30.83
290,172,380.10,189.64,0,9.76,11.33
290,172,380.10,189.64,1,39.58,4.53
290,172,380.10,189.64,2,28.76,9.69
290,172,380.10,189.64,3,36.76,21.02
290,172,380.10,189.64,4,3.34,30.83
290,173,388.63,174.14,0,9.76,11.33
290,173,388.63,174.14,1,39.58,4.53
290,173,388.63,174.14,2,28.76,9.69
290,173,388.63,174.14,3,36.76,21.02
290,173,388.63,174.14,4,3.34,30.83
290,174,170.39,215.03,0,9.76,11.33
290,174,170.39,215.03,1,39.58,4.53
290,174,170.39,215.03,2,28.76,9.69
290,174,170.39,215.03,3,36.76,21.02
290,174,170.39,215.03,4,3.34,30.83
290,176,59.64,182.61,0,9.76,11.33
290,176,59.64,182.61,1,39.58,4.53
290,176,59.64,182.61,2,28.76,9.69
290,176,59.64,182.61,3,36.76,21.02
290,176,59.64,182.61,4,3.34,30.83
290,177,213.08,279.39,0,9.76,11.33
290,177,213.08,279.39,1,39.58,4.53
290,177,213.08,279.39,2,28.76,9.69
290,177,213.08,279.39,3,36.76,21.02
290,177,213.08,279.39,4,3.34,30.83
290,178,244.79,99.36,0,9.76,11.33
290,178,244.79,99.36,1,39.58,4.53
290,178,244.79,99.36,2,28.76,9.69
290,178,244.79,99.36,3,36.76,21.02
290,178,244.79,99.36,4,3.34,30.83
290,179,36.23,314.38,0,9.76,11.33
290,179,36.23,314.38,1,39.58,4.53
290,179,36.23,314.38,2,28.76,9.69
290,179,36.23,314.38,3,36.76,21.02
290,179,36.23,314.38,4,3.34,30.83
290,180,217.14,145.62,0,9.76,11.33
290,180,217.14,145.62,1,39.58,4.53
290,180,217.14,145.62,2,28.76,9.69
290,180,217.14,145.62,3,36.76,21.02
290,180,217.14,145.62,4,3.34,30.83
290,181,33.13,126.61,0,9.76,11.33
290,181,33.13,126.61,1,39.58,4.53
290,181,33.13,126.61,2,28.76,9.69
290,181,33.13,126.61,3,36.76,21.02
290,181,33.13,126.61,4,3.34,30.83
290,183,82.08,120.36,0,9.76,11.33
290,183,82.08,120.36,1,39.58,4.53
290,183,82.08,120.36,2,28.76,9.69
290,183,82.08,120.36,3,36.76,21.02
290,183,82.08,120.36,4,3.34,30.83
290,184,68.45,106.86,0,9.76,11.33
290,184,68.45,106.86,1,39.58,4.53
290,184,68.45,106.86,2,28.76,9.69
290,184,68.45,106.86,3,36.76,21.02
290,184,68.45,106.86,4,3.34,30.83
290,185,56.95,301.96,0,9.76,11.33
290,185,56.95,301.96,1,39.58,4.53
290,185,56.95,301.96,2,28.76,9.69
290,185,56.95,301.96,3,36.76,21.02
290,185,56.95,301.96,4,3.34,30.83
290,186,251.26,106.17,0,9.76,11.33
290,186,251.26,106.17,1,39.58,4.53
290,186,251.26,106.17,2,28.76,9.69
290,186,251.26,106.17,3,36.76,21.02
290,186,251.26,106.17,4,3.34,30.83
290,187,113.98,314.48,0,9.76,11.33
290,187,113.98,314.48,1,39.58,4.53
290,187,113.98,314.48,2,28.76,9.69
290,187,113.98,314.48,3,36.76,21.02
290,187,113.98,314.48,4,3.34,30.83
290,188,262.36,122.19,0,9.76,11.33
290,188,262.36,122.19,1,39.58,4.53
290,188,262.36,122.19,2,28.76,9.69
290,188,262.36,122.19,3,36.76,21.02
290,188,262.36,122.19,4,3.34,30.83
290,189,34.64,305.55,0,9.76,11.33
290,189,34.64,305.55,1,39.58,4.53
290,189,34.64,305.55,2,28.76,9.69
290,189,34.64,305.55,3,36.76,21.02
290,189,34.64,305.55,4,3.34,30.83
290,190,55.70,75.21,0,9.76,11.33
290,190,55.70,75.21,1,39.58,4.53
290,190,55.70,75.21,2,28.76,9.69
290,190,55.70,75.21,3,36.76,21.02
290,190,55.70,75.21,4,3.34,30.83
290,191,40.44,327.50,0,9.76,11.33
290,191,40.44,327.50,1,39.58,4.53
290,191,40.44,327.50,2,28.76,9.69
290,191,40.44,327.50,3,36.76,21.02
290,191,40.44,327.50,4,3.34,30.83
290,192,263.61,91.48,0,9.76,11.33
290,192,263.61,91.48,1,39.58,4.53
290,192,263.61,91.48,2,28.76,9.69
290,192,263.61,91.48,3,36.76,21.02
290,192,263.61,91.48,4,3.34,30.83
290,193,325.54,110.44,0,9.76,11.33
290,193,325.54,110.44,1,39.58,4.53
290,193,325.54,110.44,2,28.76,9.69
290,193,325.54,110.44,3,36.76,21.02
290,193,325.54,110.44,4,3.34,30.83
290,194,59.97,126.63,0,9.76,11.33
290,194,59.97,126.63,1,39.58,4.53
290,194,59.97,126.63,2,28.76,9.69
290,194,59.97,126.63,3,36.76,21.02
290,194,59.97,126.63,4,3.34,30.83
290,195,75.50,342.92,0,9.76,11.33
290,195,75.50,342.92,1,39.58,4.53
290,195,75.50,342.92,2,28.76,9.69
290,195,75.50,342.92,3,36.76,21.02
290,195,75.50,342.92,4,3.34,30.83
290,196,70.85,112.71,0,9.76,11.33
290,196,70.85,112.71,1,39.58,4.53
290,196,70.85,112.71,2,28.76,9.69
290,196,70.85,112.71,3,36.76,21.02
290,196,70.85,112.71,4,3.34,30.83
290,198,373.76,182.31,0,9.76,11.33
290,198,373.76,182.31,1,39.58,4.53
290,198,373.76,182.31,2,28.76,9.69
290,198,373.76,182.31,3,36.76,21.02
290,198,373.76,182.31,4,3.34,30.83
290,199,43.57,148.66,0,9.76,11.33
290,199,43.57,148.66,1,39.58,4.53
290,199,43.57,148.66,2,28.76,9.69
290,199,43.57,148.66,3,36.76,21.02
290,199,43.57,148.66,4,3.34,30.83
290,200,36.73,93.16,0,9.76,11.33
290,200,36.73,93.16,1,39.58,4.53
290,200,36.73,93.16,2,28.76,9.69
290,200,36.73,93.16,3,36.76,21.02
290,200,36.73,93.16,4,3.34,30.83
290,201,382.18,179.30,0,9.76,11.33
290,201,382.18,179.30,1,39.58,4.53
290,201,382.18,179.30,2,28.76,9.69
290,201,382.18,179.30,3,36.76,21.02
290,201,382.18,179.30,4,3.34,30.83
290,203,368.74,201.42,0,9.76,11.33
290,203,368.74,201.42,1,39.58,4.53
290,203,368.74,201.42,2,28.76,9.69
290,203,368.74,201.42,3,36.76,21.02
290,203,368.74,201.42,4,3.34,30.83
290,204,34.69,319.59,0,9.76,11.33
290,204,34.69,319.59,1,39.58,4.53
290,204,34.69,319.59,2,28.76,9.69
290,204,34.69,319.59,3,36.76,21.02
290,204,34.69,319.59,4,3.34,30.83
290,206,261.28,107.61,0,9.76,11.33
290,206,261.28,107.61,1,39.58,4.53
290,206,261.28,107.61,2,28.76,9.69
290,206,261.28,107.61,3,36.76,21.02
290,206,261.28,107.61,4,3.34,30.83
290,207,21.28,298.93,0,9.76,11.33
290,207,21.28,298.93,1,39.58,4.53
290,207,21.28,298.93,2,28.76,9.69
290,207,21.28,298.93,3,36.76,21.02
290,207,21.28,298.93,4,3.34,30.83
290,208,45.01,339.09,0,9.76,11.33
290,208,45.01,339.09,1,39.58,4.53
290,208,45.01,339.09,2,28.76,9.69
290,208,45.01,339.09,3,36.76,21.02
290,208,45.01,339.09,4,3.34,30.83
290,210,277.50,104.47,0,9.76,11.33
290,210,277.50,104.47,1,39.58,4.53
290,210,277.50,104.47,2,28.76,9.69
290,210,277.50,104.47,3,36.76,21.02
290,210,277.50,104.47,4,3.34,30.83
290,211,112.49,366.90,0,9.76,11.33
290,211,112.49,366.90,1,39.58,4.53
290,211,112.49,366.90,2,28.76,9.69
290,211,112.49,366.90,3,36.76,21.02
290,211,112.49,366.90,4,3.34,30.83
290,212,386.31,251.61,0,9.76,11.33
290,212,386.31,251.61,1,39.58,4.53
290,212,386.31,251.61,2,28.76,9.69
290,212,386.31,251.61,3,36.76,21.02
290,212,386.31,251.61,4,3.34,30.83
290,213,377.30,249.62,0,9.76,11.33
290,213,377.30,249.62,1,39.58,4.53
290,213,377.30,249.62,2,28.76,9.69
290,213,377.30,249.62,3,36.76,21.02
290,213,377.30,249.62,4,3.34,30.83
290,214,255.15,85.24,0,9.76,11.33
290,214,255.15,85.24,1,39.58,4.53
290,214,255.15,85.24,2,28.76,9.69
290,214,255.15,85.24,3,36.76,21.02
290,214,255.15,85.24,4,3.34,30.83
290,215,256.94,385.06,0,9.76,11.33
290,215,256.94,385.06,1,39.58,4.53
290,215,256.94,385.06,2,28.76,9.69
290,215,256.94,385.06,3,36.76,21.02
290,215,256.94,385.06,4,3.34,30.83
290,216,247.16,392.06,0,9.76,11.33
290,216,247.16,392.06,1,39.58,4.53
290,216,247.16,392.06,2,28.76,9.69
290,216,247.16,392.06,3,36.76,21.02
290,216,247.16,392.06,4,3.34,30.83
290,217,377.42,17.51,0,9.76,11.33
290,217,377.42,17.51,1,39.58,4.53
290,217,377.42,17.51,2,28.76,9.69
290,217,377.42,17.51,3,36.76,21.02
290,217,377.42,17.51,4,3.34,30.83
290,218,283.18,390.02,0,9.76,11.33
290,218,283.18,390.02,1,39.58,4.53
290,218,283.18,390.02,2,28.76,9.69
290,218,283.18,390.02,3,36.76,21.02
290,218,283.18,390.02,4,3.34,30.83
290,219,42.78,107.32,0,9.76,11.33
290,219,42.78,107.32,1,39.58,4.53
290,219,42.78,107.32,2,28.76,9.69
290,219,42.78,107.32,3,36.76,21.02
290,219,42.78,107.32,4,3.34,30.83
290,221,343.68,225.68,0,9.76,11.33
290,221,343.68,225.68,1,39.58,4.53
290,221,343.68,225.68,2,28.76,9.69
290,221,343.68,225.68,3,36.76,21.02
290,221,343.68,225.68,4,3.34,30.83
290,222,27.90,315.50,0,9.76,11.33
290,222,27.90,315.50,1,39.58,4.53
290,222,27.90,315.50,2,28.76,9.69
290,222,27.90,315.50,3,36.76,21.02
290,222,27.90,315.50,4,3.34,30.83
290,223,368.90,189.89,0,9.76,11.33
290,223,368.90,189.89,1,39.58,4.53
290,223,368.90,189.89,2,28.76,9.69
290,223,368.90,189.89,3,36.76,21.02
290,223,368.90,189.89,4,3.34,30.83
290,226,299.38,157.10,0,9.76,11.33
290,226,299.38,157.10,1,39.58,4.53
290,226,299.38,157.10,2,28.76,9.69
290,226,299.38,157.10,3,36.76,21.02
290,226,299.38,157.10,4,3.34,30.83
290,227,79.27,324.25,0,9.76,11.33
290,227,79.27,324.25,1,39.58,4.53
290,227,79.27,324.25,2,28.76,9.69
290,227,79.27,324.25,3,36.76,21.02
290,227,79.27,324.25,4,3.34,30.83
290,228,262.16,76.70,0,9.76,11.33
290,228,262.16,76.70,1,39.58,4.53
290,228,262.16,76.70,2,28.76,9.69
290,228,262.16,76.70,3,36.76,21.02
290,228,262.16,76.70,4,3.34,30.83
290,229,168.35,114.79,0,9.76,11.33
290,229,168.35,114.79,1,39.58,4.53
290,229,168.35,114.79,2,28.76,9.69
290,229,168.35,114.79,3,36.76,21.02
290,229,168.35,114.79,4,3.34,30.83
290,230,158.08,54.78,0,9.76,11.33
290,230,158.08,54.78,1,39.58,4.53
290,230,158.08,54.78,2,28.76,9.69
290,230,158.08,54.78,3,36.76,21.02
290,230,158.08,54.78,4,3.34,30.83
290,231,290.96,332.39,0,9.76,11.33
290,231,290.96,332.39,1,39.58,4.53
290,231,290.96,332.39,2,28.76,9.69
290,231,290.96,332.39,3,36.76,21.02
290,231,290.96,332.39,4,3.34,30.83
290,232,368.15,35.87,0,9.76,11.33
290,232,368.15,35.87,1,39.58,4.53
290,232,368.15,35.87,2,28.76,9.69
290,232,368.15,35.87,3,36.76,21.02
290,232,368.15,35.87,4,3.34,30.83
290,233,373.27,232.64,0,9.76,11.33
290,233,373.27,232.64,1,39.58,4.53
290,233,373.27,232.64,2,28.76,9.69
290,233,373.27,232.64,3,36.76,21.02
290,233,373.27,232.64,4,3.34,30.83
290,236,279.10,102.93,0,9.76,11.33
290,236,279.10,102.93,1,39.58,4.53
290,236,279.10,102.93,2,28.76,9.69
290,236,279.10,102.93,3,36.76,21.02
290,236,279.10,102.93,4,3.34,30.83
290,237,184.83,147.31,0,9.76,11.33
290,237,184.83,147.31,1,39.58,4.53
290,237,184.83,147.31,2,28.76,9.69
290,237,184.83,147.31,3,36.76,21.02
290,237,184.83,147.31,4,3.34,30.83
290,238,24.94,306.81,0,9.76,11.33
290,238,24.94,306.81,1,39.58,4.53
290,238,24.94,306.81,2,28.76,9.69
290,238,24.94,306.81,3,36.76,21.02
290,238,24.94,306.81,4,3.34,30.83
290,239,218.19,122.38,0,9.76,11.33
290,239,218.19,122.38,1,39.58,4.53
290,239,218.19,122.38,2,28.76,9.69
290,239,218.19,122.38,3,36.76,21.02
290,239,218.19,122.38,4,3.34,30.83
290,240,127.00,239.66,0,9.76,11.33
290,240,127.00,239.66,1,39.58,4.53
290,240,127.00,239.66,2,28.76,9.69
290,240,127.00,239.66,3,36.76,21.02
290,240,127.00,239.66,4,3.34,30.83
290,241,384.36,198.32,0,9.76,11.33
290,241,384.36,198.32,1,39.58,4.53
290,241,384.36,198.32,2,28.76,9.69
290,241,384.36,198.32,3,36.76,21.02
290,241,384.36,198.32,4,3.34,30.83
290,242,199.35,232.16,0,9.76,11.33
290,242,199.35,232.16,1,39.58,4.53
290,242,199.35,232.16,2,28.76,9.69
290,242,199.35,232.16,3,36.76,21.02
290,242,199.35,232.16,4,3.34,30.83
290,243,34.18,299.89,0,9.76,11.33
290,243,34.18,299.89,1,39.58,4.53
290,243,34.18,299.89,2,28.76,9.69
290,243,34.18,299.89,3,36.76,21.02
290,243,34.18,299.89,4,3.34,30.83
290,244,175.96,331.21,0,9.76,11.33
290,244,175.96,331.21,1,39.58,4.53
290,244,175.96,331.21,2,28.76,9.69
290,244,175.96,331.21,3,36.76,21.02
290,244,175.96,331.21,4,3.34,30.83
290,245,229.72,139.69,0,9.76,11.33
290,245,229.72,139.69,1,39.58,4.53
290,245,229.72,139.69,2,28.76,9.69
290,245,229.72,139.69,3,36.76,21.02
290,245,229.72,139.69,4,3.34,30.83
290,246,350.48,224.81,0,9.76,11.33
290,246,350.48,224.81,1,39.58,4.53
290,246,350.48,224.81,2,28.76,9.69
290,246,350.48,224.81,3,36.76,21.02
290,246,350.48,224.81,4,3.34,30.83
290,248,385.88,287.86,0,9.76,11.33
290,248,385.88,287.86,1,39.58,4.53
290,248,385.88,287.86,2,28.76,9.69
290,248,385.88,287.86,3,36.76,21.02
290,248,385.88,287.86,4,3.34,30.83
290,249,367.68,393.20,0,9.76,11.33
290,249,367.68,393.20,1,39.58,4.53
290,249,367.68,393.20,2,28.76,9.69
290,249,367.68,393.20,3,36.76,21.02
290,249,367.68,393.20,4,3.34,30.83
290,250,240.27,297.48,0,9.76,11.33
290,250,240.27,297.48,1,39.58,4.53
290,250,240.27,297.48,2,28.76,9.69
290,250,240.27,297.48,3,36.76,21.02
290,250,240.27,297.48,4,3.34,30.83
290,251,61.40,307.72,0,9.76,11.33
290,251,61.40,307.72,1,39.58,4.53
290,251,61.40,307.72,2,28.76,9.69
290,251,61.40,307.72,3,36.76,21.02
290,251,61.40,307.72,4,3.34,30.83
290,252,26.86,89.36,0,9.76,11.33
290,252,26.86,89.36,1,39.58,4.53
290,252,26.86,89.36,2,28.76,9.69
290,252,26.86,89.36,3,36.76,21.02
290,252,26.86,89.36,4,3.34,30.83
290,253,345.87,185.57,0,9.76,11.33
290,253,345.87,185.57,1,39.58,4.53
290,253,345.87,185.57,2,28.76,9.69
290,253,345.87,185.57,3,36.76,21.02
290,253,345.87,185.57,4,3.34,30.83
290,254,368.70,161.48,0,9.76,11.33
290,254,368.70,161.48,1,39.58,4.53
290,254,368.70,161.48,2,28.76,9.69
290,254,368.70,161.48,3,36.76,21.02
290,254,368.70,161.48,4,3.34,30.83
290,255,23.71,311.24,0,9.76,11.33
290,255,23.71,311.24,1,39.58,4.53
290,255,23.71,311.24,2,28.76,9.69
290,255,23.71,311.24,3,36.76,21.02
290,255,23.71,311.24,4,3.34,30.83
290,256,77.85,104.63,0,9.76,11.33
290,256,77.85,104.63,1,39.58,4.53
290,256,77.85,104.63,2,28.76,9.69
290,256,77.85,104.63,3,36.76,21.02
290,256,77.85,104.63,4,3.34,30.83
290,257,382.14,182.24,0,9.76,11.33
290,257,382.14,182.24,1,39.58,4.53
290,257,382.14,182.24,2,28.76,9.69
290,257,382.14,182.24,3,36.76,21.02
290,257,382.14,182.24,4,3.34,30.83
290,258,378.52,43.04,0,9.76,11.33
290,258,378.52,43.04,1,39.58,4.53
290,258,378.52,43.04,2,28.76,9.69
290,258,378.52,43.04,3,36.76,21.02
290,258,378.52,43.04,4,3.34,30.83
290,259,86.43,104.38,0,9.76,11.33
290,259,86.43,104.38,1,39.58,4.53
290,259,86.43,104.38,2,28.76,9.69
290,259,86.43,104.38,3,36.76,21.02
290,259,86.43,104.38,4,3.34,30.83
290,260,313.83,372.71,0,9.76,11.33
290,260,313.83,372.71,1,39.58,4.53
290,260,313.83,372.71,2,28.76,9.69
290,260,313.83,372.71,3,36.76,21.02
290,260,313.83,372.71,4,3.34,30.83
290,261,55.54,343.05,0,9.76,11.33
290,261,55.54,343.05,1,39.58,4.53
290,261,55.54,343.05,2,28.76,9.69
290,261,55.54,343.05,3,36.76,21.02
290,261,55.54,343.05,4,3.34,30.83
290,262,166.01,99.90,0,9.76,11.33
290,262,166.01,99.90,1,39.58,4.53
290,262,166.01,99.90,2,28.76,9.69
290,262,166.01,99.90,3,36.76,21.02
290,262,166.01,99.90,4,3.34,30.83
290,263,164.25,86.46,0,9.76,11.33
290,263,164.25,86.46,1,39.58,4.53
290,263,164.25,86.46,2,28.76,9.69
290,263,164.25,86.46,3,36.76,21.02
290,263,164.25,86.46,4,3.34,30.83
290,264,50.06,136.45,0,9.76,11.33
290,264,50.06,136.45,1,39.58,4.53
290,264,50.06,136.45,2,28.76,9.69
290,264,50.06,136.45,3,36.76,21.02
290,264,50.06,136.45,4,3.34,30.83
290,265,222.35,327.02,0,9.76,11.33
290,265,222.35,327.02,1,39.58,4.53
290,265,222.35,327.02,2,28.76,9.69
290,265,222.35,327.02,3,36.76,21.02
290,265,222.35,327.02,4,3.34,30.83
290,266,91.76,305.83,0,9.76,11.33
290,266,91.76,305.83,1,39.58,4.53
290,266,91.76,305.83,2,28.76,9.69
290,266,91.76,305.83,3,36.76,21.02
290,266,91.76,305.83,4,3.34,30.83
290,267,200.85,70.16,0,9.76,11.33
290,267,200.85,70.16,1,39.58,4.53
290,267,200.85,70.16,2,28.76,9.69
290,267,200.85,70.16,3,36.76,21.02
290,267,200.85,70.16,4,3.34,30.83
290,268,226.91,104.63,0,9.76,11.33
290,268,226.91,104.63,1,39.58,4.53
290,268,226.91,104.63,2,28.76,9.69
290,268,226.91,104.63,3,36.76,21.02
290,268,226.91,104.63,4,3.34,30.83
290,269,33.52,133.42,0,9.76,11.33
290,269,33.52,133.42,1,39.58,4.53
290,269,33.52,133.42,2,28.76,9.69
290,269,33.52,133.42,3,36.76,21.02
290,269,33.52,133.42,4,3.34,30.83
290,270,40.53,303.55,0,9.76,11.33
290,270,40.53,303.55,1,39.58,4.53
290,270,40.53,303.55,2,28.76,9.69
290,270,40.53,303.55,3,36.76,21.02
290,270,40.53,303.55,4,3.34,30.83
290,271,61.16,119.49,0,9.76,11.33
290,271,61.16,119.49,1,39.58,4.53
290,271,61.16,119.49,2,28.76,9.69
290,271,61.16,119.49,3,36.76,21.02
290,271,61.16,119.49,4,3.34,30.83
290,273,25.08,292.84,0,9.76,11.33
290,273,25.08,292.84,1,39.58,4.53
290,273,25.08,292.84,2,28.76,9.69
290,273,25.08,292.84,3,36.76,21.02
290,273,25.08,292.84,4,3.34,30.83
290,274,98.90,26.96,0,9.76,11.33
290,274,98.90,26.96,1,39.58,4.53
290,274,98.90,26.96,2,28.76,9.69
290,274,98.90,26.96,3,36.76,21.02
290,274,98.90,26.96,4,3.34,30.83
290,275,327.78,214.68,0,9.76,11.33
290,275,327.78,214.68,1,39.58,4.53
290,275,327.78,214.68,2,28.76,9.69
290,275,327.78,214.68,3,36.76,21.02
290,275,327.78,214.68,4,3.34,30.83
290,276,334.53,220.91,0,9.76,11.33
290,276,334.53,220.91,1,39.58,4.53
290,276,334.53,220.91,2,28.76,9.69
290,276,334.53,220.91,3,36.76,21.02
290,276,334.53,220.91,4,3.34,30.83
290,277,302.61,183.33,0,9.76,11.33
290,277,302.61,183.33,1,39.58,4.53
290,277,302.61,183.33,2,28.76,9.69
290,277,302.61,183.33,3,36.76,21.02
290,277,302.61,183.33,4,3.34,30.83
290,278,67.70,365.01,0,9.76,11.33
290,278,67.70,365.01,1,39.58,4.53
290,278,67.70,365.01,2,28.76,9.69
290,278,67.70,365.01,3,36.76,21.02
290,278,67.70,365.01,4,3.34,30.83
290,279,235.00,392.06,0,9.76,11.33
290,279,235.00,392.06,1,39.58,4.53
290,279,235.00,392.06,2,28.76,9.69
290,279,235.00,392.06,3,36.76,21.02
290,279,235.00,392.06,4,3.34,30.83
290,281,237.26,63.54,0,9.76,11.33
290,281,237.26,63.54,1,39.58,4.53
290,281,237.26,63.54,2,28.76,9.69
290,281,237.26,63.54,3,36.76,21.02
290,281,237.26,63.54,4,3.34,30.83
290,282,373.65,186.79,0,9.76,11.33
290,282,373.65,186.79,1,39.58,4.53
290,282,373.65,186.79,2,28.76,9.69
290,282,373.65,186.79,3,36.76,21.02
290,282,373.65,186.79,4,3.34,30.83
290,283,346.89,175.55,0,9.76,11.33
290,283,346.89,175.55,1,39.58,4.53
290,283,346.89,175.55,2,28.76,9.69
290,283,346.89,175.55,3,36.76,21.02
290,283,346.89,175.55,4,3.34,30.83
290,284,248.61,95.79,0,9.76,11.33
290,284,248.61,95.79,1,39.58,4.53
290,284,248.61,95.79,2,28.76,9.69
290,284,248.61,95.79,3,36.76,21.02
290,284,248.61,95.79,4,3.34,30.83
290,285,221.05,353.26,0,9.76,11.33
290,285,221.05,353.26,1,39.58,4.53
290,285,221.05,353.26,2,28.76,9.69
290,285,221.05,353.26,3,36.76,21.02
290,285,221.05,353.26,4,3.34,30.83
290,286,252.09,346.08,0,9.76,11.33
290,286,252.09,346.08,1,39.58,4.53
290,286,252.09,346.08,2,28.76,9.69
290,286,252.09,346.08,3,36.76,21.02
290,286,252.09,346.08,4,3.34,30.83
290,288,102.28,15.46,0,9.76,11.33
290,288,102.28,15.46,1,39.58,4.53
290,288,102.28,15.46,2,28.76,9.69
290,288,102.28,15.46,3,36.76,21.02
290,288,102.28,15.46,4,3.34,30.83
290,289,45.63,312.79,0,9.76,11.33
290,289,45.63,312.79,1,39.58,4.53
290,289,45.63,312.79,2,28.76,9.69
290,289,45.63,312.79,3,36.76,21.02
290,289,45.63,312.79,4,3.34,30.83
290,290,326.02,247.09,0,9.76,11.33
290,290,326.02,247.09,1,39.58,4.53
290,290,326.02,247.09,2,28.76,9.69
290,290,326.02,247.09,3,36.76,21.02
290,290,326.02,247.09,4,3.34,30.83
290,291,61.51,65.91,0,9.76,11.33
290,291,61.51,65.91,1,39.58,4.53
290,291,61.51,65.91,2,28.76,9.69
290,291,61.51,65.91,3,36.76,21.02
290,291,61.51,65.91,4,3.34,30.83
290,292,261.52,300.19,0,9.76,11.33
290,292,261.52,300.19,1,39.58,4.53
290,292,261.52,300.19,2,28.76,9.69
290,292,261.52,300.19,3,36.76,21.02
290,292,261.52,300.19,4,3.34,30.83
290,293,247.91,108.75,0,9.76,11.33
290,293,247.91,108.75,1,39.58,4.53
290,293,247.91,108.75,2,28.76,9.69
290,293,247.91,108.75,3,36.76,21.02
290,293,247.91,108.75,4,3.34,30.83
290,294,72.60,340.46,0,9.76,11.33
290,294,72.60,340.46,1,39.58,4.53
290,294,72.60,340.46,2,28.76,9.69
290,294,72.60,340.46,3,36.76,21.02
290,294,72.60,340.46,4,3.34,30.83
290,296,380.55,31.77,0,9.76,11.33
290,296,380.55,31.77,1,39.58,4.53
290,296,380.55,31.77,2,28.76,9.69
290,296,380.55,31.77,3,36.76,21.02
290,296,380.55,31.77,4,3.34,30.83
290,297,380.98,164.66,0,9.76,11.33
290,297,380.98,164.66,1,39.58,4.53
290,297,380.98,164.66,2,28.76,9.69
290,297,380.98,164.66,3,36.76,21.02
290,297,380.98,164.66,4,3.34,30.83
290,298,379.37,37.18,0,9.76,11.33
290,298,379.37,37.18,1,39.58,4.53
290,298,379.37,37.18,2,28.76,9.69
290,298,379.37,37.18,3,36.76,21.02
290,298,379.37,37.18,4,3.34,30.83
290,299,76.50,122.00,0,9.76,11.33
290,299,76.50,122.00,1,39.58,4.53
290,299,76.50,122.00,2,28.76,9.69
290,299,76.50,122.00,3,36.76,21.02
290,299,76.50,122.00,4,3.34,30.83
290,300,213.02,342.00,0,9.76,11.33
290,300,213.02,342.00,1,39.58,4.53
290,300,213.02,342.00,2,28.76,9.69
290,300,213.02,342.00,3,36.76,21.02
290,300,213.02,342.00,4,3.34,30.83
300,2,75.23,104.09,0,9.70,11.15
300,2,75.23,104.09,1,39.99,4.29
300,2,75.23,104.09,2,28.76,9.69
300,2,75.23,104.09,3,35.92,22.04
300,2,75.23,104.09,4,3.34,30.83
300,3,190.88,284.99,0,9.70,11.15
300,3,190.88,284.99,1,39.99,4.29
300,3,190.88,284.99,2,28.76,9.69
300,3,190.88,284.99,3,35.92,22.04
300,3,190.88,284.99,4,3.34,30.83
300,6,56.17,293.99,0,9.70,11.15
300,6,56.17,293.99,1,39.99,4.29
300,6,56.17,293.99,2,28.76,9.69
300,6,56.17,293.99,3,35.92,22.04
300,6,56.17,293.99,4,3.34,30.83
300,7,83.50,109.25,0,9.70,11.15
300,7,83.50,109.25,1,39.99,4.29
300,7,83.50,109.25,2,28.76,9.69
300,7,83.50,109.25,3,35.92,22.04
300,7,83.50,109.25,4,3.34,30.83
300,8,100.54,366.41,0,9.70,11.15
300,8,100.54,366.41,1,39.99,4.29
300,8,100.54,366.41,2,28.76,9.69
300,8,100.54,366.41,3,35.92,22.04
300,8,100.54,366.41,4,3.34,30.83
300,9,303.82,197.66,0,9.70,11.15
300,9,303.82,197.66,1,39.99,4.29
300,9,303.82,197.66,2,28.76,9.69
300,9,303.82,197.66,3,35.92,22.04
300,9,303.82,197.66,4,3.34,30.83
300,11,189.74,109.46,0,9.70,11.15
300,11,189.74,109.46,1,39.99,4.29
300,11,189.74,109.46,2,28.76,9.69
300,11,189.74,109.46,3,35.92,22.04
300,11,189.74,109.46,4,3.34,30.83
300,13,146.50,93.73,0,9.70,11.15
300,13,146.50,93.73,1,39.99,4.29
300,13,146.50,93.73,2,28.76,9.69
300,13,146.50,93.73,3,35.92,22.04
300,13,146.50,93.73,4,3.34,30.83
300,14,19.70,332.57,0,9.70,11.15
300,14,19.70,332.57,1,39.99,4.29
300,14,19.70,332.57,2,28.76,9.69
300,14,19.70,332.57,3,35.92,22.04
300,14,19.70,332.57,4,3.34,30.83
300,15,21.16,318.98,0,9.70,11.15
300,15,21.16,318.98,1,39.99,4.29
300,15,21.16,318.98,2,28.76,9.69
300,15,21.16,318.98,3,35.92,22.04
300,15,21.16,318.98,4,3.34,30.83
300,16,347.68,249.62,0,9.70,11.15
300,16,347.68,249.62,1,39.99,4.29
300,16,347.68,249.62,2,28.76,9.69
300,16,347.68,249.62,3,35.92,22.04
300,16,347.68,249.62,4,3.34,30.83
300,18,159.55,338.22,0,9.70,11.15
300,18,159.55,338.22,1,39.99,4.29
300,18,159.55,338.22,2,28.76,9.69
300,18,159.55,338.22,3,35.92,22.04
300,18,159.55,338.22,4,3.34,30.83
300,19,47.24,316.67,0,9.70,11.15
300,19,47.24,316.67,1,39.99,4.29
300,19,47.24,316.67,2,28.76,9.69
300,19,47.24,316.67,3,35.92,22.04
300,19,47.24,316.67,4,3.34,30.83
300,20,217.79,392.13,0,9.70,11.15
300,20,217.79,392.13,1,39.99,4.29
300,20,217.79,392.13,2,28.76,9.69
300,20,217.79,392.13,3,35.92,22.04
300,20,217.79,392.13,4,3.34,30.83
300,21,384.76,160.20,0,9.70,11.15
300,21,384.76,160.20,1,39.99,4.29
300,21,384.76,160.20,2,28.76,9.69
300,21,384.76,160.20,3,35.92,22.04
300,21,384.76,160.20,4,3.34,30.83
300,22,297.59,373.34,0,9.70,11.15
300,22,297.59,373.34,1,39.99,4.29
300,22,297.59,373.34,2,28.76,9.69
300,22,297.59,373.34,3,35.92,22.04
300,22,297.59,373.34,4,3.34,30.83
300,23,362.99,216.85,0,9.70,11.15
300,23,362.99,216.85,1,39.99,4.29
300,23,362.99,216.85,2,28.76,9.69
300,23,362.99,216.85,3,35.92,22.04
300,23,362.99,216.85,4,3.34,30.83
300,24,136.71,92.79,0,9.70,11.15
300,24,136.71,92.79,1,39.99,4.29
300,24,136.71,92.79,2,28.76,9.69
300,24,136.71,92.79,3,35.92,22.04
300,24,136.71,92.79,4,3.34,30.83
300,25,38.68,317.82,0,9.70,11.15
300,25,38.68,317.82,1,39.99,4.29
300,25,38.68,317.82,2,28.76,9.69
300,25,38.68,317.82,3,35.92,22.04
300,25,38.68,317.82,4,3.34,30.83
300,26,291.77,53.83,0,9.70,11.15
300,26,291.77,53.83,1,39.99,4.29
300,26,291.77,53.83,2,28.76,9.69
300,26,291.77,53.83,3,35.92,22.04
300,26,291.77,53.83,4,3.34,30.83
300,28,388.38,343.32,0,9.70,11.15
300,28,388.38,343.32,1,39.99,4.29
300,28,388.38,343.32,2,28.76,9.69
300,28,388.38,343.32,3,35.92,22.04
300,28,388.38,343.32,4,3.34,30.83
300,29,118.71,281.11,0,9.70,11.15
300,29,118.71,281.11,1,39.99,4.29
300,29,118.71,281.11,2,28.76,9.69
300,29,118.71,281.11,3,35.92,22.04
300,29,118.71,281.11,4,3.34,30.83
300,31,231.42,67.63,0,9.70,11.15
300,31,231.42,67.63,1,39.99,4.29
300,31,231.42,67.63,2,28.76,9.69
300,31,231.42,67.63,3,35.92,22.04
300,31,231.42,67.63,4,3.34,30.83
300,32,266.25,97.25,0,9.70,11.15
300,32,266.25,97.25,1,39.99,4.29
300,32,266.25,97.25,2,28.76,9.69
300,32,266.25,97.25,3,35.92,22.04
300,32,266.25,97.25,4,3.34,30.83
300,34,239.38,105.18,0,9.70,11.15
300,34,239.38,105.18,1,39.99,4.29
300,34,239.38,105.18,2,28.76,9.69
300,34,239.38,105.18,3,35.92,22.04
300,34,239.38,105.18,4,3.34,30.83
300,35,356.79,198.13,0,9.70,11.15
300,35,356.79,198.13,1,39.99,4.29
300,35,356.79,198.13,2,28.76,9.69
300,35,356.79,198.13,3,35.92,22.04
300,35,356.79,198.13,4,3.34,30.83
300,36,57.39,321.59,0,9.70,11.15
300,36,57.39,321.59,1,39.99,4.29
300,36,57.39,321.59,2,28.76,9.69
300,36,57.39,321.59,3,35.92,22.04
300,36,57.39,321.59,4,3.34,30.83
300,37,337.26,244.86,0,9.70,11.15
300,37,337.26,244.86,1,39.99,4.29
300,37,337.26,244.86,2,28.76,9.69
300,37,337.26,244.86,3,35.92,22.04
300,37,337.26,244.86,4,3.34,30.83
300,38,105.83,241.49,0,9.70,11.15
300,38,105.83,241.49,1,39.99,4.29
300,38,105.83,241.49,2,28.76,9.69
300,38,105.83,241.49,3,35.92,22.04
300,38,105.83,241.49,4,3.34,30.83
300,39,95.54,170.81,0,9.70,11.15
300,39,95.54,170.81,1,39.99,4.29
300,39,95.54,170.81,2,28.76,9.69
300,39,95.54,170.81,3,35.92,22.04
300,39,95.54,170.81,4,3.34,30.83
300,40,288.46,102.94,0,9.70,11.15
300,40,288.46,102.94,1,39.99,4.29
300,40,288.46,102.94,2,28.76,9.69
300,40,288.46,102.94,3,35.92,22.04
300,40,288.46,102.94,4,3.34,30.83
300,41,267.40,287.73,0,9.70,11.15
300,41,267.40,287.73,1,39.99,4.29
300,41,267.40,287.73,2,28.76,9.69
300,41,267.40,287.73,3,35.92,22.04
300,41,267.40,287.73,4,3.34,30.83
300,42,369.23,209.27,0,9.70,11.15
300,42,369.23,209.27,1,39.99,4.29
300,42,369.23,209.27,2,28.76,9.69
300,42,369.23,209.27,3,35.92,22.04
300,42,369.23,209.27,4,3.34,30.83
300,43,259.12,94.83,0,9.70,11.15
300,43,259.12,94.83,1,39.99,4.29
300,43,259.12,94.83,2,28.76,9.69
300,43,259.12,94.83,3,35.92,22.04
300,43,259.12,94.83,4,3.34,30.83
300,46,46.91,326.08,0,9.70,11.15
300,46,46.91,326.08,1,39.99,4.29
300,46,46.91,326.08,2,28.76,9.69
300,46,46.91,326.08,3,35.92,22.04
300,46,46.91,326.08,4,3.34,30.83
300,49,238.23,110.70,0,9.70,11.15
300,49,238.23,110.70,1,39.99,4.29
300,49,238.23,110.70,2,28.76,9.69
300,49,238.23,110.70,3,35.92,22.04
300,49,238.23,110.70,4,3.34,30.83
300,50,327.96,294.65,0,9.70,11.15
300,50,327.96,294.65,1,39.99,4.29
300,50,327.96,294.65,2,28.76,9.69
300,50,327.96,294.65,3,35.92,22.04
300,50,327.96,294.65,4,3.34,30.83
300,51,29.50,319.00,0,9.70,11.15
300,51,29.50,319.00,1,39.99,4.29
300,51,29.50,319.00,2,28.76,9.69
300,51,29.50,319.00,3,35.92,22.04
300,51,29.50,319.00,4,3.34,30.83
300,53,310.97,219.63,0,9.70,11.15
300,53,310.97,219.63,1,39.99,4.29
300,53,310.97,219.63,2,28.76,9.69
300,53,310.97,219.63,3,35.92,22.04
300,53,310.97,219.63,4,3.34,30.83
300,54,367.22,30.67,0,9.70,11.15
300,54,367.22,30.67,1,39.99,4.29
300,54,367.22,30.67,2,28.76,9.69
300,54,367.22,30.67,3,35.92,22.04
300,54,367.22,30.67,4,3.34,30.83
300,55,314.11,228.63,0,9.70,11.15
300,55,314.11,228.63,1,39.99,4.29
300,55,314.11,228.63,2,28.76,9.69
300,55,314.11,228.63,3,35.92,22.04
300,55,314.11,228.63,4,3.34,30.83
300,56,358.00,187.87,0,9.70,11.15
300,56,358.00,187.87,1,39.99,4.29
300,56,358.00,187.87,2,28.76,9.69
300,56,358.00,187.87,3,35.92,22.04
300,56,358.00,187.87,4,3.34,30.83
300,57,81.60,153.18,0,9.70,11.15
300,57,81.60,153.18,1,39.99,4.29
300,57,81.60,153.18,2,28.76,9.69
300,57,81.60,153.18,3,35.92,22.04
300,57,81.60,153.18,4,3.34,30.83
300,60,165.06,289.98,0,9.70,11.15
300,60,165.06,289.98,1,39.99,4.29
300,60,165.06,289.98,2,28.76,9.69
300,60,165.06,289.98,3,35.92,22.04
300,60,165.06,289.98,4,3.34,30.83
300,61,70.60,130.60,0,9.70,11.15
300,61,70.60,130.60,1,39.99,4.29
300,61,70.60,130.60,2,28.76,9.69
300,61,70.60,130.60,3,35.92,22.04
300,61,70.60,130.60,4,3.34,30.83
300,62,32.96,345.57,0,9.70,11.15
300,62,32.96,345.57,1,39.99,4.29
300,62,32.96,345.57,2,28.76,9.69
300,62,32.96,345.57,3,35.92,22.04
300,62,32.96,345.57,4,3.34,30.83
300,63,89.41,144.41,0,9.70,11.15
300,63,89.41,144.41,1,39.99,4.29
300,63,89.41,144.41,2,28.76,9.69
300,63,89.41,144.41,3,35.92,22.04
300,63,89.41,144.41,4,3.34,30.83
300,64,390.00,39.50,0,9.70,11.15
300,64,390.00,39.50,1,39.99,4.29
300,64,390.00,39.50,2,28.76,9.69
300,64,390.00,39.50,3,35.92,22.04
300,64,390.00,39.50,4,3.34,30.83
300,65,354.32,228.79,0,9.70,11.15
300,65,354.32,228.79,1,39.99,4.29
300,65,354.32,228.79,2,28.76,9.69
300,65,354.32,228.79,3,35.92,22.04
300,65,354.32,228.79,4,3.34,30.83
300,66,69.27,351.24,0,9.70,11.15
300,66,69.27,351.24,1,39.99,4.29
300,66,69.27,351.24,2,28.76,9.69
300,66,69.27,351.24,3,35.92,22.04
300,66,69.27,351.24,4,3.34,30.83
300,67,53.63,188.92,0,9.70,11.15
300,67,53.63,188.92,1,39.99,4.29
300,67,53.63,188.92,2,28.76,9.69
300,67,53.63,188.92,3,35.92,22.04
300,67,53.63,188.92,4,3.34,30.83
300,68,213.33,328.53,0,9.70,11.15
300,68,213.33,328.53,1,39.99,4.29
300,68,213.33,328.53,2,28.76,9.69
300,68,213.33,328.53,3,35.92,22.04
300,68,213.33,328.53,4,3.34,30.83
300,69,387.67,330.84,0,9.70,11.15
300,69,387.67,330.84,1,39.99,4.29
300,69,387.67,330.84,2,28.76,9.69
300,69,387.67,330.84,3,35.92,22.04
300,69,387.67,330.84,4,3.34,30.83
300,70,270.10,104.47,0,9.70,11.15
300,70,270.10,104.47,1,39.99,4.29
300,70,270.10,104.47,2,28.76,9.69
300,70,270.10,104.47,3,35.92,22.04
300,70,270.10,104.47,4,3.34,30.83
300,71,33.29,331.16,0,9.70,11.15
300,71,33.29,331.16,1,39.99,4.29
300,71,33.29,331.16,2,28.76,9.69
300,71,33.29,331.16,3,35.92,22.04
300,71,33.29,331.16,4,3.34,30.83
300,72,23.13,342.13,0,9.70,11.15
300,72,23.13,342.13,1,39.99,4.29
300,72,23.13,342.13,2,28.76,9.69
300,72,23.13,342.13,3,35.92,22.04
300,72,23.13,342.13,4,3.34,30.83
300,73,382.15,190.91,0,9.70,11.15
300,73,382.15,190.91,1,39.99,4.29
300,73,382.15,190.91,2,28.76,9.69
300,73,382.15,190.91,3,35.92,22.04
300,73,382.15,190.91,4,3.34,30.83
300,74,251.79,87.18,0,9.70,11.15
300,74,251.79,87.18,1,39.99,4.29
300,74,251.79,87.18,2,28.76,9.69
300,74,251.79,87.18,3,35.92,22.04
300,74,251.79,87.18,4,3.34,30.83
300,75,228.57,95.72,0,9.70,11.15
300,75,228.57,95.72,1,39.99,4.29
300,75,228.57,95.72,2,28.76,9.69
300,75,228.57,95.72,3,35.92,22.04
300,75,228.57,95.72,4,3.34,30.83
300,76,379.58,167.36,0,9.70,11.15
300,76,379.58,167.36,1,39.99,4.29
300,76,379.58,167.36,2,28.76,9.69
300,76,379.58,167.36,3,35.92,22.04
300,76,379.58,167.36,4,3.34,30.83
300,77,80.96,124.27,0,9.70,11.15
300,77,80.96,124.27,1,39.99,4.29
300,77,80.96,124.27,2,28.76,9.69
300,77,80.96,124.27,3,35.92,22.04
300,77,80.96,124.27,4,3.34,30.83
300,78,201.65,378.87,0,9.70,11.15
300,78,201.65,378.87,1,39.99,4.29
300,78,201.65,378.87,2,28.76,9.69
300,78,201.65,378.87,3,35.92,22.04
300,78,201.65,378.87,4,3.34,30.83
300,79,375.08,201.24,0,9.70,11.15
300,79,375.08,201.24,1,39.99,4.29
300,79,375.08,201.24,2,28.76,9.69
300,79,375.08,201.24,3,35.92,22.04
300,79,375.08,201.24,4,3.34,30.83
300,81,257.44,359.54,0,9.70,11.15
300,81,257.44,359.54,1,39.99,4.29
300,81,257.44,359.54,2,28.76,9.69
300,81,257.44,359.54,3,35.92,22.04
300,81,257.44,359.54,4,3.34,30.83
300,82,335.15,137.84,0,9.70,11.15
300,82,335.15,137.84,1,39.99,4.29
300,82,335.15,137.84,2,28.76,9.69
300,82,335.15,137.84,3,35.92,22.04
300,82,335.15,137.84,4,3.34,30.83
300,83,203.37,52.99,0,9.70,11.15
300,83,203.37,52.99,1,39.99,4.29
300,83,203.37,52.99,2,28.76,9.69
300,83,203.37,52.99,3,35.92,22.04
300,83,203.37,52.99,4,3.34,30.83
300,84,217.36,292.35,0,9.70,11.15
300,84,217.36,292.35,1,39.99,4.29
300,84,217.36,292.35,2,28.76,9.69
300,84,217.36,292.35,3,35.92,22.04
300,84,217.36,292.35,4,3.34,30.83
300,85,372.10,171.10,0,9.70,11.15
300,85,372.10,171.10,1,39.99,4.29
300,85,372.10,171.10,2,28.76,9.69
300,85,372.10,171.10,3,35.92,22.04
300,85,372.10,171.10,4,3.34,30.83
300,86,63.67,121.28,0,9.70,11.15
300,86,63.67,121.28,1,39.99,4.29
300,86,63.67,121.28,2,28.76,9.69
300,86,63.67,121.28,3,35.92,22.04
300,86,63.67,121.28,4,3.34,30.83
300,87,388.80,24.84,0,9.70,11.15
300,87,388.80,24.84,1,39.99,4.29
300,87,388.80,24.84,2,28.76,9.69
300,87,388.80,24.84,3,35.92,22.04
300,87,388.80,24.84,4,3.34,30.83
300,88,159.74,303.25,0,9.70,11.15
300,88,159.74,303.25,1,39.99,4.29
300,88,159.74,303.25,2,28.76,9.69
300,88,159.74,303.25,3,35.92,22.04
300,88,159.74,303.25,4,3.34,30.83
300,89,298.63,79.64,0,9.70,11.15
300,89,298.63,79.64,1,39.99,4.29
300,89,298.63,79.64,2,28.76,9.69
300,89,298.63,79.64,3,35.92,22.04
300,89,298.63,79.64,4,3.34,30.83
300,90,225.07,72.72,0,9.70,11.15
300,90,225.07,72.72,1,39.99,4.29
300,90,225.07,72.72,2,28.76,9.69
300,90,225.07,72.72,3,35.92,22.04
300,90,225.07,72.72,4,3.34,30.83
300,92,288.00,94.83,0,9.70,11.15
300,92,288.00,94.83,1,39.99,4.29
300,92,288.00,94.83,2,28.76,9.69
300,92,288.00,94.83,3,35.92,22.04
300,92,288.00,94.83,4,3.34,30.83
300,93,266.59,85.79,0,9.70,11.15
300,93,266.59,85.79,1,39.99,4.29
300,93,266.59,85.79,2,28.76,9.69
300,93,266.59,85.79,3,35.92,22.04
300,93,266.59,85.79,4,3.34,30.83
300,94,21.34,326.29,0,9.70,11.15
300,94,21.34,326.29,1,39.99,4.29
300,94,21.34,326.29,2,28.76,9.69
300,94,21.34,326.29,3,35.92,22.04
300,94,21.34,326.29,4,3.34,30.83
300,95,361.19,180.78,0,9.70,11.15
300,95,361.19,180.78,1,39.99,4.29
300,95,361.19,180.78,2,28.76,9.69
300,95,361.19,180.78,3,35.92,22.04
300,95,361.19,180.78,4,3.34,30.83
300,96,75.49,145.95,0,9.70,11.15
300,96,75.49,145.95,1,39.99,4.29
300,96,75.49,145.95,2,28.76,9.69
300,96,75.49,145.95,3,35.92,22.04
300,96,75.49,145.95,4,3.34,30.83
300,97,265.36,131.85,0,9.70,11.15
300,97,265.36,131.85,1,39.99,4.29
300,97,265.36,131.85,2,28.76,9.69
300,97,265.36,131.85,3,35.92,22.04
300,97,265.36,131.85,4,3.34,30.83
300,98,367.65,23.79,0,9.70,11.15
300,98,367.65,23.79,1,39.99,4.29
300,98,367.65,23.79,2,28.76,9.69
300,98,367.65,23.79,3,35.92,22.04
300,98,367.65,23.79,4,3.34,30.83
300,102,62.38,145.57,0,9.70,11.15
300,102,62.38,145.57,1,39.99,4.29
300,102,62.38,145.57,2,28.76,9.69
300,102,62.38,145.57,3,35.92,22.04
300,102,62.38,145.57,4,3.34,30.83
300,103,85.26,362.26,0,9.70,11.15
300,103,85.26,362.26,1,39.99,4.29
300,103,85.26,362.26,2,28.76,9.69
300,103,85.26,362.26,3,35.92,22.04
300,103,85.26,362.26,4,3.34,30.83
300,104,372.62,20.39,0,9.70,11.15
300,104,372.62,20.39,1,39.99,4.29
300,104,372.62,20.39,2,28.76,9.69
300,104,372.62,20.39,3,35.92,22.04
300,104,372.62,20.39,4,3.34,30.83
300,105,35.20,329.04,0,9.70,11.15
300,105,35.20,329.04,1,39.99,4.29
300,105,35.20,329.04,2,28.76,9.69
300,105,35.20,329.04,3,35.92,22.04
300,105,35.20,329.04,4,3.34,30.83
300,106,44.70,293.52,0,9.70,11.15
300,106,44.70,293.52,1,39.99,4.29
300,106,44.70,293.52,2,28.76,9.69
300,106,44.70,293.52,3,35.92,22.04
300,106,44.70,293.52,4,3.34,30.83
300,107,277.59,110.44,0,9.70,11.15
300,107,277.59,110.44,1,39.99,4.29
300,107,277.59,110.44,2,28.76,9.69
300,107,277.59,110.44,3,35.92,22.04
300,107,277.59,110.44,4,3.34,30.83
300,108,26.92,77.74,0,9.70,11.15
300,108,26.92,77.74,1,39.99,4.29
300,108,26.92,77.74,2,28.76,9.69
300,108,26.92,77.74,3,35.92,22.04
300,108,26.92,77.74,4,3.34,30.83
300,110,90.79,322.03,0,9.70,11.15
300,110,90.79,322.03,1,39.99,4.29
300,110,90.79,322.03,2,28.76,9.69
300,110,90.79,322.03,3,35.92,22.04
300,110,90.79,322.03,4,3.34,30.83
300,111,389.13,42.75,0,9.70,11.15
300,111,389.13,42.75,1,39.99,4.29
300,111,389.13,42.75,2,28.76,9.69
300,111,389.13,42.75,3,35.92,22.04
300,111,389.13,42.75,4,3.34,30.83
300,112,220.62,103.95,0,9.70,11.15
300,112,220.62,103.95,1,39.99,4.29
300,112,220.62,103.95,2,28.76,9.69
300,112,220.62,103.95,3,35.92,22.04
300,112,220.62,103.95,4,3.34,30.83
300,113,92.42,120.42,0,9.70,11.15
300,113,92.42,120.42,1,39.99,4.29
300,113,92.42,120.42,2,28.76,9.69
300,113,92.42,120.42,3,35.92,22.04
300,113,92.42,120.42,4,3.34,30.83
300,114,170.73,44.13,0,9.70,11.15
300,114,170.73,44.13,1,39.99,4.29
300,114,170.73,44.13,2,28.76,9.69
300,114,170.73,44.13,3,35.92,22.04
300,114,170.73,44.13,4,3.34,30.83
300,115,375.80,205.96,0,9.70,11.15
300,115,375.80,205.96,1,39.99,4.29
300,115,375.80,205.96,2,28.76,9.69
300,115,375.80,205.96,3,35.92,22.04
300,115,375.80,205.96,4,3.34,30.83
300,116,243.52,122.25,0,9.70,11.15
300,116,243.52,122.25,1,39.99,4.29
300,116,243.52,122.25,2,28.76,9.69
300,116,243.52,122.25,3,35.92,22.04
300,116,243.52,122.25,4,3.34,30.83
300,117,365.52,143.49,0,9.70,11.15
300,117,365.52,143.49,1,39.99,4.29
300,117,365.52,143.49,2,28.76,9.69
300,117,365.52,143.49,3,35.92,22.04
300,117,365.52,143.49,4,3.34,30.83
300,118,86.40,175.47,0,9.70,11.15
300,118,86.40,175.47,1,39.99,4.29
300,118,86.40,175.47,2,28.76,9.69
300,118,86.40,175.47,3,35.92,22.04
300,118,86.40,175.47,4,3.34,30.83
300,119,314.50,121.66,0,9.70,11.15
300,119,314.50,121.66,1,39.99,4.29
300,119,314.50,121.66,2,28.76,9.69
300,119,314.50,121.66,3,35.92,22.04
300,119,314.50,121.66,4,3.34,30.83
300,120,181.31,223.45,0,9.70,11.15
300,120,181.31,223.45,1,39.99,4.29
300,120,181.31,223.45,2,28.76,9.69
300,120,181.31,223.45,3,35.92,22.04
300,120,181.31,223.45,4,3.34,30.83
300,121,91.06,113.19,0,9.70,11.15
300,121,91.06,113.19,1,39.99,4.29
300,121,91.06,113.19,2,28.76,9.69
300,121,91.06,113.19,3,35.92,22.04
300,121,91.06,113.19,4,3.34,30.83
300,122,117.92,247.88,0,9.70,11.15
300,122,117.92,247.88,1,39.99,4.29
300,122,117.92,247.88,2,28.76,9.69
300,122,117.92,247.88,3,35.92,22.04
300,122,117.92,247.88,4,3.34,30.83
300,123,138.93,319.43,0,9.70,11.15
300,123,138.93,319.43,1,39.99,4.29
300,123,138.93,319.43,2,28.76,9.69
300,123,138.93,319.43,3,35.92,22.04
300,123,138.93,319.43,4,3.34,30.83
300,124,109.59,61.59,0,9.70,11.15
300,124,109.59,61.59,1,39.99,4.29
300,124,109.59,61.59,2,28.76,9.69
300,124,109.59,61.59,3,35.92,22.04
300,124,109.59,61.59,4,3.34,30.83
300,125,368.95,133.05,0,9.70,11.15
300,125,368.95,133.05,1,39.99,4.29
300,125,368.95,133.05,2,28.76,9.69
300,125,368.95,133.05,3,35.92,22.04
300,125,368.95,133.05,4,3.34,30.83
300,126,57.73,104.72,0,9.70,11.15
300,126,57.73,104.72,1,39.99,4.29
300,126,57.73,104.72,2,28.76,9.69
300,126,57.73,104.72,3,35.92,22.04
300,126,57.73,104.72,4,3.34,30.83
300,127,26.73,340.03,0,9.70,11.15
300,127,26.73,340.03,1,39.99,4.29
300,127,26.73,340.03,2,28.76,9.69
300,127,26.73,340.03,3,35.92,22.04
300,127,26.73,340.03,4,3.34,30.83
300,128,235.71,347.87,0,9.70,11.15
300,128,235.71,347.87,1,39.99,4.29
300,128,235.71,347.87,2,28.76,9.69
300,128,235.71,347.87,3,35.92,22.04
300,128,235.71,347.87,4,3.34,30.83
300,129,317.76,166.95,0,9.70,11.15
300,129,317.76,166.95,1,39.99,4.29
300,129,317.76,166.95,2,28.76,9.69
300,129,317.76,166.95,3,35.92,22.04
300,129,317.76,166.95,4,3.34,30.83
300,131,282.13,93.50,0,9.70,11.15
300,131,282.13,93.50,1,39.99,4.29
300,131,282.13,93.50,2,28.76,9.69
300,131,282.13,93.50,3,35.92,22.04
300,131,282.13,93.50,4,3.34,30.83
300,132,379.48,254.72,0,9.70,11.15
300,132,379.48,254.72,1,39.99,4.29
300,132,379.48,254.72,2,28.76,9.69
300,132,379.48,254.72,3,35.92,22.04
300,132,379.48,254.72,4,3.34,30.83
300,133,51.21,113.60,0,9.70,11.15
300,133,51.21,113.60,1,39.99,4.29
300,133,51.21,113.60,2,28.76,9.69
300,133,51.21,113.60,3,35.92,22.04
300,133,51.21,113.60,4,3.34,30.83
300,135,61.32,284.61,0,9.70,11.15
300,135,61.32,284.61,1,39.99,4.29
300,135,61.32,284.61,2,28.76,9.69
300,135,61.32,284.61,3,35.92,22.04
300,135,61.32,284.61,4,3.34,30.83
300,136,390.00,48.00,0,9.70,11.15
300,136,390.00,48.00,1,39.99,4.29
300,136,390.00,48.00,2,28.76,9.69
300,136,390.00,48.00,3,35.92,22.04
300,136,390.00,48.00,4,3.34,30.83
300,137,275.37,89.36,0,9.70,11.15
300,137,275.37,89.36,1,39.99,4.29
300,137,275.37,89.36,2,28.76,9.69
300,137,275.37,89.36,3,35.92,22.04
300,137,275.37,89.36,4,3.34,30.83
300,139,368.98,149.87,0,9.70,11.15
300,139,368.98,149.87,1,39.99,4.29
300,139,368.98,149.87,2,28.76,9.69
300,139,368.98,149.87,3,35.92,22.04
300,139,368.98,149.87,4,3.34,30.83
300,140,384.61,28.96,0,9.70,11.15
300,140,384.61,28.96,1,39.99,4.29
300,140,384.61,28.96,2,28.76,9.69
300,140,384.61,28.96,3,35.92,22.04
300,140,384.61,28.96,4,3.34,30.83
300,141,335.50,382.56,0,9.70,11.15
300,141,335.50,382.56,1,39.99,4.29
300,141,335.50,382.56,2,28.76,9.69
300,141,335.50,382.56,3,35.92,22.04
300,141,335.50,382.56,4,3.34,30.83
300,142,265.50,112.51,0,9.70,11.15
300,142,265.50,112.51,1,39.99,4.29
300,142,265.50,112.51,2,28.76,9.69
300,142,265.50,112.51,3,35.92,22.04
300,142,265.50,112.51,4,3.34,30.83
300,143,335.23,328.08,0,9.70,11.15
300,143,335.23,328.08,1,39.99,4.29
300,143,335.23,328.08,2,28.76,9.69
300,143,335.23,328.08,3,35.92,22.04
300,143,335.23,328.08,4,3.34,30.83
300,145,234.26,332.44,0,9.70,11.15
300,145,234.26,332.44,1,39.99,4.29
300,145,234.26,332.44,2,28.76,9.69
300,145,234.26,332.44,3,35.92,22.04
300,145,234.26,332.44,4,3.34,30.83
300,146,102.57,168.24,0,9.70,11.15
300,146,102.57,168.24,1,39.99,4.29
300,146,102.57,168.24,2,28.76,9.69
300,146,102.57,168.24,3,35.92,22.04
300,146,102.57,168.24,4,3.34,30.83
300,147,30.00,301.00,0,9.70,11.15
300,147,30.00,301.00,1,39.99,4.29
300,147,30.00,301.00,2,28.76,9.69
300,147,30.00,301.00,3,35.92,22.04
300,147,30.00,301.00,4,3.34,30.83
300,148,327.77,204.89,0,9.70,11.15
300,148,327.77,204.89,1,39.99,4.29
300,148,327.77,204.89,2,28.76,9.69
300,148,327.77,204.89,3,35.92,22.04
300,148,327.77,204.89,4,3.34,30.83
300,149,364.17,231.54,0,9.70,11.15
300,149,364.17,231.54,1,39.99,4.29
300,149,364.17,231.54,2,28.76,9.69
300,149,364.17,231.54,3,35.92,22.04
300,149,364.17,231.54,4,3.34,30.83
300,150,290.32,128.08,0,9.70,11.15
300,150,290.32,128.08,1,39.99,4.29
300,150,290.32,128.08,2,28.76,9.69
300,150,290.32,128.08,3,35.92,22.04
300,150,290.32,128.08,4,3.34,30.83
300,151,235.63,89.17,0,9.70,11.15
300,151,235.63,89.17,1,39.99,4.29
300,151,235.63,89.17,2,28.76,9.69
300,151,235.63,89.17,3,35.92,22.04
300,151,235.63,89.17,4,3.34,30.83
300,152,61.37,104.00,0,9.70,11.15
300,152,61.37,104.00,1,39.99,4.29
300,152,61.37,104.00,2,28.76,9.69
300,152,61.37,104.00,3,35.92,22.04
300,152,61.37,104.00,4,3.34,30.83
300,155,234.47,124.10,0,9.70,11.15
300,155,234.47,124.10,1,39.99,4.29
300,155,234.47,124.10,2,28.76,9.69
300,155,234.47,124.10,3,35.92,22.04
300,155,234.47,124.10,4,3.34,30.83
300,156,364.34,293.78,0,9.70,11.15
300,156,364.34,293.78,1,39.99,4.29
300,156,364.34,293.78,2,28.76,9.69
300,156,364.34,293.78,3,35.92,22.04
300,156,364.34,293.78,4,3.34,30.83
300,157,238.90,96.45,0,9.70,11.15
300,157,238.90,96.45,1,39.99,4.29
300,157,238.90,96.45,2,28.76,9.69
300,157,238.90,96.45,3,35.92,22.04
300,157,238.90,96.45,4,3.34,30.83
300,159,370.05,274.34,0,9.70,11.15
300,159,370.05,274.34,1,39.99,4.29
300,159,370.05,274.34,2,28.76,9.69
300,159,370.05,274.34,3,35.92,22.04
300,159,370.05,274.34,4,3.34,30.83
300,160,315.93,387.48,0,9.70,11.15
300,160,315.93,387.48,1,39.99,4.29
300,160,315.93,387.48,2,28.76,9.69
300,160,315.93,387.48,3,35.92,22.04
300,160,315.93,387.48,4,3.34,30.83
300,161,185.57,140.44,0,9.70,11.15
300,161,185.57,140.44,1,39.99,4.29
300,161,185.57,140.44,2,28.76,9.69
300,161,185.57,140.44,3,35.92,22.04
300,161,185.57,140.44,4,3.34,30.83
300,162,282.20,350.73,0,9.70,11.15
300,162,282.20,350.73,1,39.99,4.29
300,162,282.20,350.73,2,28.76,9.69
300,162,282.20,350.73,3,35.92,22.04
300,162,282.20,350.73,4,3.34,30.83
300,163,198.23,133.30,0,9.70,11.15
300,163,198.23,133.30,1,39.99,4.29
300,163,198.23,133.30,2,28.76,9.69
300,163,198.23,133.30,3,35.92,22.04
300,163,198.23,133.30,4,3.34,30.83
300,164,47.69,52.82,0,9.70,11.15
300,164,47.69,52.82,1,39.99,4.29
300,164,47.69,52.82,2,28.76,9.69
300,164,47.69,52.82,3,35.92,22.04
300,164,47.69,52.82,4,3.34,30.83
300,165,90.06,95.97,0,9.70,11.15
300,165,90.06,95.97,1,39.99,4.29
300,165,90.06,95.97,2,28.76,9.69
300,165,90.06,95.97,3,35.92,22.04
300,165,90.06,95.97,4,3.34,30.83
300,166,285.45,372.14,0,9.70,11.15
300,166,285.45,372.14,1,39.99,4.29
300,166,285.45,372.14,2,28.76,9.69
300,166,285.45,372.14,3,35.92,22.04
300,166,285.45,372.14,4,3.34,30.83
300,167,386.16,301.93,0,9.70,11.15
300,167,386.16,301.93,1,39.99,4.29
300,167,386.16,301.93,2,28.76,9.69
300,167,386.16,301.93,3,35.92,22.04
300,167,386.16,301.93,4,3.34,30.83
300,168,196.54,277.50,0,9.70,11.15
300,168,196.54,277.50,1,39.99,4.29
300,168,196.54,277.50,2,28.76,9.69
300,168,196.54,277.50,3,35.92,22.04
300,168,196.54,277.50,4,3.34,30.83
300,169,231.38,81.73,0,9.70,11.15
300,169,231.38,81.73,1,39.99,4.29
300,169,231.38,81.73,2,28.76,9.69
300,169,231.38,81.73,3,35.92,22.04
300,169,231.38,81.73,4,3.34,30.83
300,170,319.86,243.77,0,9.70,11.15
300,170,319.86,243.77,1,39.99,4.29
300,170,319.86,243.77,2,28.76,9.69
300,170,319.86,243.77,3,35.92,22.04
300,170,319.86,243.77,4,3.34,30.83
300,171,83.48,113.12,0,9.70,11.15
300,171,83.48,113.12,1,39.99,4.29
300,171,83.48,113.12,2,28.76,9.69
300,171,83.48,113.12,3,35.92,22.04
300,171,83.48,113.12,4,3.34,30.83
300,172,378.48,193.78,0,9.70,11.15
300,172,378.48,193.78,1,39.99,4.29
300,172,378.48,193.78,2,28.76,9.69
300,172,378.48,193.78,3,35.92,22.04
300,172,378.48,193.78,4,3.34,30.83
300,173,387.37,176.19,0,9.70,11.15
300,173,387.37,176.19,1,39.99,4.29
300,173,387.37,176.19,2,28.76,9.69
300,173,387.37,176.19,3,35.92,22.04
300,173,387.37,176.19,4,3.34,30.83
300,174,168.13,214.44,0,9.70,11.15
300,174,168.13,214.44,1,39.99,4.29
300,174,168.13,214.44,2,28.76,9.69
300,174,168.13,214.44,3,35.92,22.04
300,174,168.13,214.44,4,3.34,30.83
300,176,61.43,180.92,0,9.70,11.15
300,176,61.43,180.92,1,39.99,4.29
300,176,61.43,180.92,2,28.76,9.69
300,176,61.43,180.92,3,35.92,22.04
300,176,61.43,180.92,4,3.34,30.83
300,177,212.51,279.44,0,9.70,11.15
300,177,212.51,279.44,1,39.99,4.29
300,177,212.51,279.44,2,28.76,9.69
300,177,212.51,279.44,3,35.92,22.04
300,177,212.51,279.44,4,3.34,30.83
300,178,247.86,99.73,0,9.70,11.15
300,178,247.86,99.73,1,39.99,4.29
300,178,247.86,99.73,2,28.76,9.69
300,178,247.86,99.73,3,35.92,22.04
300,178,247.86,99.73,4,3.34,30.83
300,179,36.48,313.96,0,9.70,11.15
300,179,36.48,313.96,1,39.99,4.29
300,179,36.48,313.96,2,28.76,9.69
300,179,36.48,313.96,3,35.92,22.04
300,179,36.48,313.96,4,3.34,30.83
300,180,219.84,143.86,0,9.70,11.15
300,180,219.84,143.86,1,39.99,4.29
300,180,219.84,143.86,2,28.76,9.69
300,180,219.84,143.86,3,35.92,22.04
300,180,219.84,143.86,4,3.34,30.83
300,181,33.50,125.45,0,9.70,11.15
300,181,33.50,125.45,1,39.99,4.29
300,181,33.50,125.45,2,28.76,9.69
300,181,33.50,125.45,3,35.92,22.04
300,181,33.50,125.45,4,3.34,30.83
300,183,84.55,120.78,0,9.70,11.15
300,183,84.55,120.78,1,39.99,4.29
300,183,84.55,120.78,2,28.76,9.69
300,183,84.55,120.78,3,35.92,22.04
300,183,84.55,120.78,4,3.34,30.83
300,184,74.91,100.91,0,9.70,11.15
300,184,74.91,100.91,1,39.99,4.29
300,184,74.91,100.91,2,28.76,9.69
300,184,74.91,100.91,3,35.92,22.04
300,184,74.91,100.91,4,3.34,30.83
300,185,55.10,302.01,0,9.70,11.15
300,185,55.10,302.01,1,39.99,4.29
300,185,55.10,302.01,2,28.76,9.69
300,185,55.10,302.01,3,35.92,22.04
300,185,55.10,302.01,4,3.34,30.83
300,186,249.33,107.33,0,9.70,11.15
300,186,249.33,107.33,1,39.99,4.29
300,186,249.33,107.33,2,28.76,9.69
300,186,249.33,107.33,3,35.92,22.04
300,186,249.33,107.33,4,3.34,30.83
300,187,111.75,313.18,0,9.70,11.15
300,187,111.75,313.18,1,39.99,4.29
300,187,111.75,313.18,2,28.76,9.69
300,187,111.75,313.18,3,35.92,22.04
300,187,111.75,313.18,4,3.34,30.83
300,188,263.91,121.02,0,9.70,11.15
300,188,263.91,121.02,1,39.99,4.29
300,188,263.91,121.02,2,28.76,9.69
300,188,263.91,121.02,3,35.92,22.04
300,188,263.91,121.02,4,3.34,30.83
300,189,33.13,306.00,0,9.70,11.15
300,189,33.13,306.00,1,39.99,4.29
300,189,33.13,306.00,2,28.76,9.69
300,189,33.13,306.00,3,35.92,22.04
300,189,33.13,306.00,4,3.34,30.83
300,190,56.71,76.95,0,9.70,11.15
300,190,56.71,76.95,1,39.99,4.29
300,190,56.71,76.95,2,28.76,9.69
300,190,56.71,76.95,3,35.92,22.04
300,190,56.71,76.95,4,3.34,30.83
300,191,36.75,322.58,0,9.70,11.15
300,191,36.75,322.58,1,39.99,4.29
300,191,36.75,322.58,2,28.76,9.69
300,191,36.75,322.58,3,35.92,22.04
300,191,36.75,322.58,4,3.34,30.83
300,192,266.92,92.60,0,9.70,11.15
300,192,266.92,92.60,1,39.99,4.29
300,192,266.92,92.60,2,28.76,9.69
300,192,266.92,92.60,3,35.92,22.04
300,192,266.92,92.60,4,3.34,30.83
300,193,323.75,108.56,0,9.70,11.15
300,193,323.75,108.56,1,39.99,4.29
300,193,323.75,108.56,2,28.76,9.69
300,193,323.75,108.56,3,35.92,22.04
300,193,323.75,108.56,4,3.34,30.83
300,194,63.41,125.03,0,9.70,11.15
300,194,63.41,125.03,1,39.99,4.29
300,194,63.41,125.03,2,28.76,9.69
300,194,63.41,125.03,3,35.92,22.04
300,194,63.41,125.03,4,3.34,30.83
300,195,73.48,342.01,0,9.70,11.15
300,195,73.48,342.01,1,39.99,4.29
300,195,73.48,342.01,2,28.76,9.69
300,195,73.48,342.01,3,35.92,22.04
300,195,73.48,342.01,4,3.34,30.83
300,196,74.38,112.59,0,9.70,11.15
300,196,74.38,112.59,1,39.99,4.29
300,196,74.38,112.59,2,28.76,9.69
300,196,74.38,112.59,3,35.92,22.04
300,196,74.38,112.59,4,3.34,30.83
300,198,371.84,186.60,0,9.70,11.15
300,198,371.84,186.60,1,39.99,4.29
300,198,371.84,186.60,2,28.76,9.69
300,198,371.84,186.60,3,35.92,22.04
300,198,371.84,186.60,4,3.34,30.83
300,199,45.64,148.19,0,9.70,11.15
300,199,45.64,148.19,1,39.99,4.29
300,199,45.64,148.19,2,28.76,9.69
300,199,45.64,148.19,3,35.92,22.04
300,199,45.64,148.19,4,3.34,30.83
300,200,40.95,94.65,0,9.70,11.15
300,200,40.95,94.65,1,39.99,4.29
300,200,40.95,94.65,2,28.76,9.69
300,200,40.95,94.65,3,35.92,22.04
300,200,40.95,94.65,4,3.34,30.83
300,201,381.60,183.06,0,9.70,11.15
300,201,381.60,183.06,1,39.99,4.29
300,201,381.60,183.06,2,28.76,9.69
300,201,381.60,183.06,3,35.92,22.04
300,201,381.60,183.06,4,3.34,30.83
300,203,366.00,204.31,0,9.70,11.15
300,203,366.00,204.31,1,39.99,4.29
300,203,366.00,204.31,2,28.76,9.69
300,203,366.00,204.31,3,35.92,22.04
300,203,366.00,204.31,4,3.34,30.83
300,204,35.00,316.28,0,9.70,11.15
300,204,35.00,316.28,1,39.99,4.29
300,204,35.00,316.28,2,28.76,9.69
300,204,35.00,316.28,3,35.92,22.04
300,204,35.00,316.28,4,3.34,30.83
300,206,264.18,106.97,0,9.70,11.15
300,206,264.18,106.97,1,39.99,4.29
300,206,264.18,106.97,2,28.76,9.69
300,206,264.18,106.97,3,35.92,22.04
300,206,264.18,106.97,4,3.34,30.83
300,207,22.34,300.27,0,9.70,11.15
300,207,22.34,300.27,1,39.99,4.29
300,207,22.34,300.27,2,28.76,9.69
300,207,22.34,300.27,3,35.92,22.04
300,207,22.34,300.27,4,3.34,30.83
300,208,43.48,336.28,0,9.70,11.15
300,208,43.48,336.28,1,39.99,4.29
300,208,43.48,336.28,2,28.76,9.69
300,208,43.48,336.28,3,35.92,22.04
300,208,43.48,336.28,4,3.34,30.83
300,210,281.94,102.94,0,9.70,11.15
300,210,281.94,102.94,1,39.99,4.29
300,210,281.94,102.94,2,28.76,9.69
300,210,281.94,102.94,3,35.92,22.04
300,210,281.94,102.94,4,3.34,30.83
300,211,108.22,366.65,0,9.70,11.15
300,211,108.22,366.65,1,39.99,4.29
300,211,108.22,366.65,2,28.76,9.69
300,211,108.22,366.65,3,35.92,22.04
300,211,108.22,366.65,4,3.34,30.83
300,212,386.63,250.68,0,9.70,11.15
300,212,386.63,250.68,1,39.99,4.29
300,212,386.63,250.68,2,28.76,9.69
300,212,386.63,250.68,3,35.92,22.04
300,212,386.63,250.68,4,3.34,30.83
300,213,376.15,246.85,0,9.70,11.15
300,213,376.15,246.85,1,39.99,4.29
300,213,376.15,246.85,2,28.76,9.69
300,213,376.15,246.85,3,35.92,22.04
300,213,376.15,246.85,4,3.34,30.83
300,214,257.83,83.89,0,9.70,11.15
300,214,257.83,83.89,1,39.99,4.29
300,214,257.83,83.89,2,28.76,9.69
300,214,257.83,83.89,3,35.92,22.04
300,214,257.83,83.89,4,3.34,30.83
300,215,255.83,388.61,0,9.70,11.15
300,215,255.83,388.61,1,39.99,4.29
300,215,255.83,388.61,2,28.76,9.69
300,215,255.83,388.61,3,35.92,22.04
300,215,255.83,388.61,4,3.34,30.83
300,216,244.71,391.77,0,9.70,11.15
300,216,244.71,391.77,1,39.99,4.29
300,216,244.71,391.77,2,28.76,9.69
300,216,244.71,391.77,3,35.92,22.04
300,216,244.71,391.77,4,3.34,30.83
300,217,378.88,19.72,0,9.70,11.15
300,217,378.88,19.72,1,39.99,4.29
300,217,378.88,19.72,2,28.76,9.69
300,217,378.88,19.72,3,35.92,22.04
300,217,378.88,19.72,4,3.34,30.83
300,218,281.84,390.68,0,9.70,11.15
300,218,281.84,390.68,1,39.99,4.29
300,218,281.84,390.68,2,28.76,9.69
300,218,281.84,390.68,3,35.92,22.04
300,218,281.84,390.68,4,3.34,30.83
300,219,45.30,106.90,0,9.70,11.15
300,219,45.30,106.90,1,39.99,4.29
300,219,45.30,106.90,2,28.76,9.69
300,219,45.30,106.90,3,35.92,22.04
300,219,45.30,106.90,4,3.34,30.83
300,221,345.36,225.87,0,9.70,11.15
300,221,345.36,225.87,1,39.99,4.29
300,221,345.36,225.87,2,28.76,9.69
300,221,345.36,225.87,3,35.92,22.04
300,221,345.36,225.87,4,3.34,30.83
300,223,367.58,195.14,0,9.70,11.15
300,223,367.58,195.14,1,39.99,4.29
300,223,367.58,195.14,2,28.76,9.69
300,223,367.58,195.14,3,35.92,22.04
300,223,367.58,195.14,4,3.34,30.83
300,226,298.95,155.33,0,9.70,11.15
300,226,298.95,155.33,1,39.99,4.29
300,226,298.95,155.33,2,28.76,9.69
300,226,298.95,155.33,3,35.92,22.04
300,226,298.95,155.33,4,3.34,30.83
300,227,77.32,323.40,0,9.70,11.15
300,227,77.32,323.40,1,39.99,4.29
300,227,77.32,323.40,2,28.76,9.69
300,227,77.32,323.40,3,35.92,22.04
300,227,77.32,323.40,4,3.34,30.83
300,228,264.89,78.15,0,9.70,11.15
300,228,264.89,78.15,1,39.99,4.29
300,228,264.89,78.15,2,28.76,9.69
300,228,264.89,78.15,3,35.92,22.04
300,228,264.89,78.15,4,3.34,30.83
300,229,164.42,114.04,0,9.70,11.15
300,229,164.42,114.04,1,39.99,4.29
300,229,164.42,114.04,2,28.76,9.69
300,229,164.42,114.04,3,35.92,22.04
300,229,164.42,114.04,4,3.34,30.83
300,230,156.00,57.09,0,9.70,11.15
300,230,156.00,57.09,1,39.99,4.29
300,230,156.00,57.09,2,28.76,9.69
300,230,156.00,57.09,3,35.92,22.04
300,230,156.00,57.09,4,3.34,30.83
300,231,291.85,331.74,0,9.70,11.15
300,231,291.85,331.74,1,39.99,4.29
300,231,291.85,331.74,2,28.76,9.69
300,231,291.85,331.74,3,35.92,22.04
300,231,291.85,331.74,4,3.34,30.83
300,232,372.77,37.83,0,9.70,11.15
300,232,372.77,37.83,1,39.99,4.29
300,232,372.77,37.83,2,28.76,9.69
300,232,372.77,37.83,3,35.92,22.04
300,232,372.77,37.83,4,3.34,30.83
300,233,373.26,230.06,0,9.70,11.15
300,233,373.26,230.06,1,39.99,4.29
300,233,373.26,230.06,2,28.76,9.69
300,233,373.26,230.06,3,35.92,22.04
300,233,373.26,230.06,4,3.34,30.83
300,236,280.50,101.60,0,9.70,11.15
300,236,280.50,101.60,1,39.99,4.29
300,236,280.50,101.60,2,28.76,9.69
300,236,280.50,101.60,3,35.92,22.04
300,236,280.50,101.60,4,3.34,30.83
300,237,181.65,146.54,0,9.70,11.15
300,237,181.65,146.54,1,39.99,4.29
300,237,181.65,146.54,2,28.76,9.69
300,237,181.65,146.54,3,35.92,22.04
300,237,181.65,146.54,4,3.34,30.83
300,238,24.25,306.73,0,9.70,11.15
300,238,24.25,306.73,1,39.99,4.29
300,238,24.25,306.73,2,28.76,9.69
300,238,24.25,306.73,3,35.92,22.04
300,238,24.25,306.73,4,3.34,30.83
300,239,220.28,120.69,0,9.70,11.15
300,239,220.28,120.69,1,39.99,4.29
300,239,220.28,120.69,2,28.76,9.69
300,239,220.28,120.69,3,35.92,22.04
300,239,220.28,120.69,4,3.34,30.83
300,240,124.29,242.10,0,9.70,11.15
300,240,124.29,242.10,1,39.99,4.29
300,240,124.29,242.10,2,28.76,9.69
300,240,124.29,242.10,3,35.92,22.04
300,240,124.29,242.10,4,3.34,30.83
300,241,382.49,199.45,0,9.70,11.15
300,241,382.49,199.45,1,39.99,4.29
300,241,382.49,199.45,2,28.76,9.69
300,241,382.49,199.45,3,35.92,22.04
300,241,382.49,199.45,4,3.34,30.83
300,242,200.57,230.24,0,9.70,11.15
300,242,200.57,230.24,1,39.99,4.29
300,242,200.57,230.24,2,28.76,9.69
300,242,200.57,230.24,3,35.92,22.04
300,242,200.57,230.24,4,3.34,30.83
300,243,34.06,300.16,0,9.70,11.15
300,243,34.06,300.16,1,39.99,4.29
300,243,34.06,300.16,2,28.76,9.69
300,243,34.06,300.16,3,35.92,22.04
300,243,34.06,300.16,4,3.34,30.83
300,244,174.70,330.92,0,9.70,11.15
300,244,174.70,330.92,1,39.99,4.29
300,244,174.70,330.92,2,28.76,9.69
300,244,174.70,330.92,3,35.92,22.04
300,244,174.70,330.92,4,3.34,30.83
300,245,231.17,138.19,0,9.70,11.15
300,245,231.17,138.19,1,39.99,4.29
300,245,231.17,138.19,2,28.76,9.69
300,245,231.17,138.19,3,35.92,22.04
300,245,231.17,138.19,4,3.34,30.83
300,246,350.56,224.13,0,9.70,11.15
300,246,350.56,224.13,1,39.99,4.29
300,246,350.56,224.13,2,28.76,9.69
300,246,350.56,224.13,3,35.92,22.04
300,246,350.56,224.13,4,3.34,30.83
300,248,384.74,285.25,0,9.70,11.15
300,248,384.74,285.25,1,39.99,4.29
300,248,384.74,285.25,2,28.76,9.69
300,248,384.74,285.25,3,35.92,22.04
300,248,384.74,285.25,4,3.34,30.83
300,249,368.82,393.07,0,9.70,11.15
300,249,368.82,393.07,1,39.99,4.29
300,249,368.82,393.07,2,28.76,9.69
300,249,368.82,393.07,3,35.92,22.04
300,249,368.82,393.07,4,3.34,30.83
300,250,241.99,295.69,0,9.70,11.15
300,250,241.99,295.69,1,39.99,4.29
300,250,241.99,295.69,2,28.76,9.69
300,250,241.99,295.69,3,35.92,22.04
300,250,241.99,295.69,4,3.34,30.83
300,251,60.48,306.97,0,9.70,11.15
300,251,60.48,306.97,1,39.99,4.29
300,251,60.48,306.97,2,28.76,9.69
300,251,60.48,306.97,3,35.92,22.04
300,251,60.48,306.97,4,3.34,30.83
300,252,30.57,90.08,0,9.70,11.15
300,252,30.57,90.08,1,39.99,4.29
300,252,30.57,90.08,2,28.76,9.69
300,252,30.57,90.08,3,35.92,22.04
300,252,30.57,90.08,4,3.34,30.83
300,253,345.49,188.25,0,9.70,11.15
300,253,345.49,188.25,1,39.99,4.29
300,253,345.49,188.25,2,28.76,9.69
300,253,345.49,188.25,3,35.92,22.04
300,253,345.49,188.25,4,3.34,30.83
300,254,366.44,163.16,0,9.70,11.15
300,254,366.44,163.16,1,39.99,4.29
300,254,366.44,163.16,2,28.76,9.69
300,254,366.44,163.16,3,35.92,22.04
300,254,366.44,163.16,4,3.34,30.83
300,255,24.23,311.95,0,9.70,11.15
300,255,24.23,311.95,1,39.99,4.29
300,255,24.23,311.95,2,28.76,9.69
300,255,24.23,311.95,3,35.92,22.04
300,255,24.23,311.95,4,3.34,30.83
300,256,81.79,104.20,0,9.70,11.15
300,256,81.79,104.20,1,39.99,4.29
300,256,81.79,104.20,2,28.76,9.69
300,256,81.79,104.20,3,35.92,22.04
300,256,81.79,104.20,4,3.34,30.83
300,257,381.56,185.64,0,9.70,11.15
300,257,381.56,185.64,1,39.99,4.29
300,257,381.56,185.64,2,28.76,9.69
300,257,381.56,185.64,3,35.92,22.04
300,257,381.56,185.64,4,3.34,30.83
300,258,379.39,44.53,0,9.70,11.15
300,258,379.39,44.53,1,39.99,4.29
300,258,379.39,44.53,2,28.76,9.69
300,258,379.39,44.53,3,35.92,22.04
300,258,379.39,44.53,4,3.34,30.83
300,259,88.61,104.03,0,9.70,11.15
300,259,88.61,104.03,1,39.99,4.29
300,259,88.61,104.03,2,28.76,9.69
300,259,88.61,104.03,3,35.92,22.04
300,259,88.61,104.03,4,3.34,30.83
300,260,311.91,373.24,0,9.70,11.15
300,260,311.91,373.24,1,39.99,4.29
300,260,311.91,373.24,2,28.76,9.69
300,260,311.91,373.24,3,35.92,22.04
300,260,311.91,373.24,4,3.34,30.83
300,261,54.29,339.21,0,9.70,11.15
300,261,54.29,339.21,1,39.99,4.29
300,261,54.29,339.21,2,28.76,9.69
300,261,54.29,339.21,3,35.92,22.04
300,261,54.29,339.21,4,3.34,30.83
300,262,163.63,100.61,0,9.70,11.15
300,262,163.63,100.61,1,39.99,4.29
300,262,163.63,100.61,2,28.76,9.69
300,262,163.63,100.61,3,35.92,22.04
300,262,163.63,100.61,4,3.34,30.83
300,263,162.57,87.20,0,9.70,11.15
300,263,162.57,87.20,1,39.99,4.29
300,263,162.57,87.20,2,28.76,9.69
300,263,162.57,87.20,3,35.92,22.04
300,263,162.57,87.20,4,3.34,30.83
300,264,52.49,135.06,0,9.70,11.15
300,264,52.49,135.06,1,39.99,4.29
300,264,52.49,135.06,2,28.76,9.69
300,264,52.49,135.06,3,35.92,22.04
300,264,52.49,135.06,4,3.34,30.83
300,265,221.95,327.91,0,9.70,11.15
300,265,221.95,327.91,1,39.99,4.29
300,265,221.95,327.91,2,28.76,9.69
300,265,221.95,327.91,3,35.92,22.04
300,265,221.95,327.91,4,3.34,30.83
300,266,88.84,305.70,0,9.70,11.15
300,266,88.84,305.70,1,39.99,4.29
300,266,88.84,305.70,2,28.76,9.69
300,266,88.84,305.70,3,35.92,22.04
300,266,88.84,305.70,4,3.34,30.83
300,267,205.39,72.14,0,9.70,11.15
300,267,205.39,72.14,1,39.99,4.29
300,267,205.39,72.14,2,28.76,9.69
300,267,205.39,72.14,3,35.92,22.04
300,267,205.39,72.14,4,3.34,30.83
300,268,230.64,104.62,0,9.70,11.15
300,268,230.64,104.62,1,39.99,4.29
300,268,230.64,104.62,2,28.76,9.69
300,268,230.64,104.62,3,35.92,22.04
300,268,230.64,104.62,4,3.34,30.83
300,269,34.98,132.87,0,9.70,11.15
300,269,34.98,132.87,1,39.99,4.29
300,269,34.98,132.87,2,28.76,9.69
300,269,34.98,132.87,3,35.92,22.04
300,269,34.98,132.87,4,3.34,30.83
300,270,40.64,304.77,0,9.70,11.15
300,270,40.64,304.77,1,39.99,4.29
300,270,40.64,304.77,2,28.76,9.69
300,270,40.64,304.77,3,35.92,22.04
300,270,40.64,304.77,4,3.34,30.83
300,271,63.32,117.41,0,9.70,11.15
300,271,63.32,117.41,1,39.99,4.29
300,271,63.32,117.41,2,28.76,9.69
300,271,63.32,117.41,3,35.92,22.04
300,271,63.32,117.41,4,3.34,30.83
300,273,26.49,293.88,0,9.70,11.15
300,273,26.49,293.88,1,39.99,4.29
300,273,26.49,293.88,2,28.76,9.69
300,273,26.49,293.88,3,35.92,22.04
300,273,26.49,293.88,4,3.34,30.83
300,274,98.76,29.40,0,9.70,11.15
300,274,98.76,29.40,1,39.99,4.29
300,274,98.76,29.40,2,28.76,9.69
300,274,98.76,29.40,3,35.92,22.04
300,274,98.76,29.40,4,3.34,30.83
300,275,330.14,214.63,0,9.70,11.15
300,275,330.14,214.63,1,39.99,4.29
300,275,330.14,214.63,2,28.76,9.69
300,275,330.14,214.63,3,35.92,22.04
300,275,330.14,214.63,4,3.34,30.83
300,276,335.16,221.82,0,9.70,11.15
300,276,335.16,221.82,1,39.99,4.29
300,276,335.16,221.82,2,28.76,9.69
300,276,335.16,221.82,3,35.92,22.04
300,276,335.16,221.82,4,3.34,30.83
300,277,305.20,184.22,0,9.70,11.15
300,277,305.20,184.22,1,39.99,4.29
300,277,305.20,184.22,2,28.76,9.69
300,277,305.20,184.22,3,35.92,22.04
300,277,305.20,184.22,4,3.34,30.83
300,278,66.57,362.52,0,9.70,11.15
300,278,66.57,362.52,1,39.99,4.29
300,278,66.57,362.52,2,28.76,9.69
300,278,66.57,362.52,3,35.92,22.04
300,278,66.57,362.52,4,3.34,30.83
300,279,234.60,391.44,0,9.70,11.15
300,279,234.60,391.44,1,39.99,4.29
300,279,234.60,391.44,2,28.76,9.69
300,279,234.60,391.44,3,35.92,22.04
300,279,234.60,391.44,4,3.34,30.83
300,281,240.07,64.23,0,9.70,11.15
300,281,240.07,64.23,1,39.99,4.29
300,281,240.07,64.23,2,28.76,9.69
300,281,240.07,64.23,3,35.92,22.04
300,281,240.07,64.23,4,3.34,30.83
300,282,373.61,188.48,0,9.70,11.15
300,282,373.61,188.48,1,39.99,4.29
300,282,373.61,188.48,2,28.76,9.69
300,282,373.61,188.48,3,35.92,22.04
300,282,373.61,188.48,4,3.34,30.83
300,283,349.27,179.16,0,9.70,11.15
300,283,349.27,179.16,1,39.99,4.29
300,283,349.27,179.16,2,28.76,9.69
300,283,349.27,179.16,3,35.92,22.04
300,283,349.27,179.16,4,3.34,30.83
300,284,251.50,96.98,0,9.70,11.15
300,284,251.50,96.98,1,39.99,4.29
300,284,251.50,96.98,2,28.76,9.69
300,284,251.50,96.98,3,35.92,22.04
300,284,251.50,96.98,4,3.34,30.83
300,285,221.52,353.17,0,9.70,11.15
300,285,221.52,353.17,1,39.99,4.29
300,285,221.52,353.17,2,28.76,9.69
300,285,221.52,353.17,3,35.92,22.04
300,285,221.52,353.17,4,3.34,30.83
300,286,251.04,347.73,0,9.70,11.15
300,286,251.04,347.73,1,39.99,4.29
300,286,251.04,347.73,2,28.76,9.69
300,286,251.04,347.73,3,35.92,22.04
300,286,251.04,347.73,4,3.34,30.83
300,288,101.95,18.82,0,9.70,11.15
300,288,101.95,18.82,1,39.99,4.29
300,288,101.95,18.82,2,28.76,9.69
300,288,101.95,18.82,3,35.92,22.04
300,288,101.95,18.82,4,3.34,30.83
300,289,47.08,311.21,0,9.70,11.15
300,289,47.08,311.21,1,39.99,4.29
300,289,47.08,311.21,2,28.76,9.69
300,289,47.08,311.21,3,35.92,22.04
300,289,47.08,311.21,4,3.34,30.83
300,290,328.36,245.28,0,9.70,11.15
300,290,328.36,245.28,1,39.99,4.29
300,290,328.36,245.28,2,28.76,9.69
300,290,328.36,245.28,3,35.92,22.04
300,290,328.36,245.28,4,3.34,30.83
300,291,63.09,67.10,0,9.70,11.15
300,291,63.09,67.10,1,39.99,4.29
300,291,63.09,67.10,2,28.76,9.69
300,291,63.09,67.10,3,35.92,22.04
300,291,63.09,67.10,4,3.34,30.83
300,292,261.82,300.05,0,9.70,11.15
300,292,261.82,300.05,1,39.99,4.29
300,292,261.82,300.05,2,28.76,9.69
300,292,261.82,300.05,3,35.92,22.04
300,292,261.82,300.05,4,3.34,30.83
300,293,249.40,108.79,0,9.70,11.15
300,293,249.40,108.79,1,39.99,4.29
300,293,249.40,108.79,2,28.76,9.69
300,293,249.40,108.79,3,35.92,22.04
300,293,249.40,108.79,4,3.34,30.83
300,294,73.04,338.41,0,9.70,11.15
300,294,73.04,338.41,1,39.99,4.29
300,294,73.04,338.41,2,28.76,9.69
300,294,73.04,338.41,3,35.92,22.04
300,294,73.04,338.41,4,3.34,30.83
300,296,382.95,33.68,0,9.70,11.15
300,296,382.95,33.68,1,39.99,4.29
300,296,382.95,33.68,2,28.76,9.69
300,296,382.95,33.68,3,35.92,22.04
300,296,382.95,33.68,4,3.34,30.83
300,297,379.06,168.99,0,9.70,11.15
300,297,379.06,168.99,1,39.99,4.29
300,297,379.06,168.99,2,28.76,9.69
300,297,379.06,168.99,3,35.92,22.04
300,297,379.06,168.99,4,3.34,30.83
300,298,383.44,39.78,0,9.70,11.15
300,298,383.44,39.78,1,39.99,4.29
300,298,383.44,39.78,2,28.76,9.69
300,298,383.44,39.78,3,35.92,22.04
300,298,383.44,39.78,4,3.34,30.83
300,299,77.33,124.67,0,9.70,11.15
300,299,77.33,124.67,1,39.99,4.29
300,299,77.33,124.67,2,28.76,9.69
300,299,77.33,124.67,3,35.92,22.04
300,299,77.33,124.67,4,3.34,30.83
300,300,212.56,341.72,0,9.70,11.15
300,300,212.56,341.72,1,39.99,4.29
300,300,212.56,341.72,2,28.76,9.69
300,300,212.56,341.72,3,35.92,22.04
300,300,212.56,341.72,4,3.34,30.83
310,2,74.17,102.48,0,9.72,11.16
310,2,74.17,102.48,1,39.28,3.89
310,2,74.17,102.48,2,28.76,9.69
310,2,74.17,102.48,3,35.08,23.05
310,2,74.17,102.48,4,3.34,30.83
310,3,189.81,286.03,0,9.72,11.16
310,3,189.81,286.03,1,39.28,3.89
310,3,189.81,286.03,2,28.76,9.69
310,3,189.81,286.03,3,35.08,23.05
310,3,189.81,286.03,4,3.34,30.83
310,6,53.73,295.66,0,9.72,11.16
310,6,53.73,295.66,1,39.28,3.89
310,6,53.73,295.66,2,28.76,9.69
310,6,53.73,295.66,3,35.08,23.05
310,6,53.73,295.66,4,3.34,30.83
310,7,86.00,108.00,0,9.72,11.16
310,7,86.00,108.00,1,39.28,3.89
310,7,86.00,108.00,2,28.76,9.69
310,7,86.00,108.00,3,35.08,23.05
310,7,86.00,108.00,4,3.34,30.83
310,8,98.09,366.87,0,9.72,11.16
310,8,98.09,366.87,1,39.28,3.89
310,8,98.09,366.87,2,28.76,9.69
310,8,98.09,366.87,3,35.08,23.05
310,8,98.09,366.87,4,3.34,30.83
310,9,305.37,199.36,0,9.72,11.16
310,9,305.37,199.36,1,39.28,3.89
310,9,305.37,199.36,2,28.76,9.69
310,9,305.37,199.36,3,35.08,23.05
310,9,305.37,199.36,4,3.34,30.83
310,11,187.30,109.50,0,9.72,11.16
310,11,187.30,109.50,1,39.28,3.89
310,11,187.30,109.50,2,28.76,9.69
310,11,187.30,109.50,3,35.08,23.05
310,11,187.30,109.50,4,3.34,30.83
310,13,145.27,94.13,0,9.72,11.16
310,13,145.27,94.13,1,39.28,3.89
310,13,145.27,94.13,2,28.76,9.69
310,13,145.27,94.13,3,35.08,23.05
310,13,145.27,94.13,4,3.34,30.83
310,14,17.63,333.01,0,9.72,11.16
310,14,17.63,333.01,1,39.28,3.89
310,14,17.63,333.01,2,28.76,9.69
310,14,17.63,333.01,3,35.08,23.05
310,14,17.63,333.01,4,3.34,30.83
310,15,22.94,317.10,0,9.72,11.16
310,15,22.94,317.10,1,39.28,3.89
310,15,22.94,317.10,2,28.76,9.69
310,15,22.94,317.10,3,35.08,23.05
310,15,22.94,317.10,4,3.34,30.83
310,16,348.39,246.89,0,9.72,11.16
310,16,348.39,246.89,1,39.28,3.89
310,16,348.39,246.89,2,28.76,9.69
310,16,348.39,246.89,3,35.08,23.05
310,16,348.39,246.89,4,3.34,30.83
310,18,156.37,337.45,0,9.72,11.16
310,18,156.37,337.45,1,39.28,3.89
310,18,156.37,337.45,2,28.76,9.69
310,18,156.37,337.45,3,35.08,23.05
310,18,156.37,337.45,4,3.34,30.83
310,19,44.34,314.87,0,9.72,11.16
310,19,44.34,314.87,1,39.28,3.89
310,19,44.34,314.87,2,28.76,9.69
310,19,44.34,314.87,3,35.08,23.05
310,19,44.34,314.87,4,3.34,30.83
310,20,215.20,393.17,0,9.72,11.16
310,20,215.20,393.17,1,39.28,3.89
310,20,215.20,393.17,2,28.76,9.69
310,20,215.20,393.17,3,35.08,23.05
310,20,215.20,393.17,4,3.34,30.83
310,21,384.58,162.74,0,9.72,11.16
310,21,384.58,162.74,1,39.28,3.89
310,21,384.58,162.74,2,28.76,9.69
310,21,384.58,162.74,3,35.08,23.05
310,21,384.58,162.74,4,3.34,30.83
310,22,298.62,375.04,0,9.72,11.16
310,22,298.62,375.04,1,39.28,3.89
310,22,298.62,375.04,2,28.76,9.69
310,22,298.62,375.04,3,35.08,23.05
310,22,298.62,375.04,4,3.34,30.83
310,23,362.18,219.38,0,9.72,11.16
310,23,362.18,219.38,1,39.28,3.89
310,23,362.18,219.38,2,28.76,9.69
310,23,362.18,219.38,3,35.08,23.05
310,23,362.18,219.38,4,3.34,30.83
310,24,135.21,92.88,0,9.72,11.16
310,24,135.21,92.88,1,39.28,3.89
310,24,135.21,92.88,2,28.76,9.69
310,24,135.21,92.88,3,35.08,23.05
310,24,135.21,92.88,4,3.34,30.83
310,25,35.00,313.00,0,9.72,11.16
310,25,35.00,313.00,1,39.28,3.89
310,25,35.00,313.00,2,28.76,9.69
310,25,35.00,313.00,3,35.08,23.05
310,25,35.00,313.00,4,3.34,30.83
310,26,292.47,56.32,0,9.72,11.16
310,26,292.47,56.32,1,39.28,3.89
310,26,292.47,56.32,2,28.76,9.69
310,26,292.47,56.32,3,35.08,23.05
310,26,292.47,56.32,4,3.34,30.83
310,28,387.45,340.66,0,9.72,11.16
310,28,387.45,340.66,1,39.28,3.89
310,28,387.45,340.66,2,28.76,9.69
310,28,387.45,340.66,3,35.08,23.05
310,28,387.45,340.66,4,3.34,30.83
310,29,116.29,282.63,0,9.72,11.16
310,29,116.29,282.63,1,39.28,3.89
310,29,116.29,282.63,2,28.76,9.69
310,29,116.29,282.63,3,35.08,23.05
310,29,116.29,282.63,4,3.34,30.83
310,31,233.69,67.14,0,9.72,11.16
310,31,233.69,67.14,1,39.28,3.89
310,31,233.69,67.14,2,28.76,9.69
310,31,233.69,67.14,3,35.08,23.05
310,31,233.69,67.14,4,3.34,30.83
310,34,242.56,104.23,0,9.72,11.16
310,34,242.56,104.23,1,39.28,3.89
310,34,242.56,104.23,2,28.76,9.69
310,34,242.56,104.23,3,35.08,23.05
310,34,242.56,104.23,4,3.34,30.83
310,35,354.94,201.23,0,9.72,11.16
310,35,354.94,201.23,1,39.28,3.89
310,35,354.94,201.23,2,28.76,9.69
310,35,354.94,201.23,3,35.08,23.05
310,35,354.94,201.23,4,3.34,30.83
310,36,54.15,321.39,0,9.72,11.16
310,36,54.15,321.39,1,39.28,3.89
310,36,54.15,321.39,2,28.76,9.69
310,36,54.15,321.39,3,35.08,23.05
310,36,54.15,321.39,4,3.34,30.83
310,37,339.45,243.35,0,9.72,11.16
310,37,339.45,243.35,1,39.28,3.89
310,37,339.45,243.35,2,28.76,9.69
310,37,339.45,243.35,3,35.08,23.05
310,37,339.45,243.35,4,3.34,30.83
310,38,103.42,242.84,0,9.72,11.16
310,38,103.42,242.84,1,39.28,3.89
310,38,103.42,242.84,2,28.76,9.69
310,38,103.42,242.84,3,35.08,23.05
310,38,103.42,242.84,4,3.34,30.83
310,39,96.22,169.14,0,9.72,11.16
310,39,96.22,169.14,1,39.28,3.89
310,39,96.22,169.14,2,28.76,9.69
310,39,96.22,169.14,3,35.08,23.05
310,39,96.22,169.14,4,3.34,30.83
310,40,289.35,102.78,0,9.72,11.16
310,40,289.35,102.78,1,39.28,3.89
310,40,289.35,102.78,2,28.76,9.69
310,40,289.35,102.78,3,35.08,23.05
310,40,289.35,102.78,4,3.34,30.83
310,41,269.91,286.88,0,9.72,11.16
310,41,269.91,286.88,1,39.28,3.89
310,41,269.91,286.88,2,28.76,9.69
310,41,269.91,286.88,3,35.08,23.05
310,41,269.91,286.88,4,3.34,30.83
310,42,367.20,214.69,0,9.72,11.16
310,42,367.20,214.69,1,39.28,3.89
310,42,367.20,214.69,2,28.76,9.69
310,42,367.20,214.69,3,35.08,23.05
310,42,367.20,214.69,4,3.34,30.83
310,43,262.09,94.39,0,9.72,11.16
310,43,262.09,94.39,1,39.28,3.89
310,43,262.09,94.39,2,28.76,9.69
310,43,262.09,94.39,3,35.08,23.05
310,43,262.09,94.39,4,3.34,30.83
310,46,44.68,324.20,0,9.72,11.16
310,46,44.68,324.20,1,39.28,3.89
310,46,44.68,324.20,2,28.76,9.69
310,46,44.68,324.20,3,35.08,23.05
310,46,44.68,324.20,4,3.34,30.83
310,49,239.05,109.88,0,9.72,11.16
310,49,239.05,109.88,1,39.28,3.89
310,49,239.05,109.88,2,28.76,9.69
310,49,239.05,109.88,3,35.08,23.05
310,49,239.05,109.88,4,3.34,30.83
310,50,329.51,291.13,0,9.72,11.16
310,50,329.51,291.13,1,39.28,3.89
310,50,329.51,291.13,2,28.76,9.69
310,50,329.51,291.13,3,35.08,23.05
310,50,329.51,291.13,4,3.34,30.83
310,51,30.30,317.10,0,9.72,11.16
310,51,30.30,317.10,1,39.28,3.89
310,51,30.30,317.10,2,28.76,9.69
310,51,30.30,317.10,3,35.08,23.05
310,51,30.30,317.10,4,3.34,30.83
310,53,311.63,219.19,0,9.72,11.16
310,53,311.63,219.19,1,39.28,3.89
310,53,311.63,219.19,2,28.76,9.69
310,53,311.63,219.19,3,35.08,23.05
310,53,311.63,219.19,4,3.34,30.83
310,54,370.18,32.17,0,9.72,11.16
310,54,370.18,32.17,1,39.28,3.89
310,54,370.18,32.17,2,28.76,9.69
310,54,370.18,32.17,3,35.08,23.05
310,54,370.18,32.17,4,3.34,30.83
310,55,316.80,229.08,0,9.72,11.16
310,55,316.80,229.08,1,39.28,3.89
310,55,316.80,229.08,2,28.76,9.69
310,55,316.80,229.08,3,35.08,23.05
310,55,316.80,229.08,4,3.34,30.83
310,56,358.12,191.35,0,9.72,11.16
310,56,358.12,191.35,1,39.28,3.89
310,56,358.12,191.35,2,28.76,9.69
310,56,358.12,191.35,3,35.08,23.05
310,56,358.12,191.35,4,3.34,30.83
310,57,81.84,149.32,0,9.72,11.16
310,57,81.84,149.32,1,39.28,3.89
310,57,81.84,149.32,2,28.76,9.69
310,57,81.84,149.32,3,35.08,23.05
310,57,81.84,149.32,4,3.34,30.83
310,60,162.22,290.56,0,9.72,11.16
310,60,162.22,290.56,1,39.28,3.89
310,60,162.22,290.56,2,28.76,9.69
310,60,162.22,290.56,3,35.08,23.05
310,60,162.22,290.56,4,3.34,30.83
310,61,72.72,129.47,0,9.72,11.16
310,61,72.72,129.47,1,39.28,3.89
310,61,72.72,129.47,2,28.76,9.69
310,61,72.72,129.47,3,35.08,23.05
310,61,72.72,129.47,4,3.34,30.83
310,62,33.04,342.36,0,9.72,11.16
310,62,33.04,342.36,1,39.28,3.89
310,62,33.04,342.36,2,28.76,9.69
310,62,33.04,342.36,3,35.08,23.05
310,62,33.04,342.36,4,3.34,30.83
310,63,91.77,140.38,0,9.72,11.16
310,63,91.77,140.38,1,39.28,3.89
310,63,91.77,140.38,2,28.76,9.69
310,63,91.77,140.38,3,35.08,23.05
310,63,91.77,140.38,4,3.34,30.83
310,65,354.39,229.91,0,9.72,11.16
310,65,354.39,229.91,1,39.28,3.89
310,65,354.39,229.91,2,28.76,9.69
310,65,354.39,229.91,3,35.08,23.05
310,65,354.39,229.91,4,3.34,30.83
310,66,68.79,349.22,0,9.72,11.16
310,66,68.79,349.22,1,39.28,3.89
310,66,68.79,349.22,2,28.76,9.69
310,66,68.79,349.22,3,35.08,23.05
310,66,68.79,349.22,4,3.34,30.83
310,67,54.74,189.82,0,9.72,11.16
310,67,54.74,189.82,1,39.28,3.89
310,67,54.74,189.82,2,28.76,9.69
310,67,54.74,189.82,3,35.08,23.05
310,67,54.74,189.82,4,3.34,30.83
310,68,212.59,330.72,0,9.72,11.16
310,68,212.59,330.72,1,39.28,3.89
310,68,212.59,330.72,2,28.76,9.69
310,68,212.59,330.72,3,35.08,23.05
310,68,212.59,330.72,4,3.34,30.83
310,69,386.67,329.28,0,9.72,11.16
310,69,386.67,329.28,1,39.28,3.89
310,69,386.67,329.28,2,28.76,9.69
310,69,386.67,329.28,3,35.08,23.05
310,69,386.67,329.28,4,3.34,30.83
310,70,272.81,103.67,0,9.72,11.16
310,70,272.81,103.67,1,39.28,3.89
310,70,272.81,103.67,2,28.76,9.69
310,70,272.81,103.67,3,35.08,23.05
310,70,272.81,103.67,4,3.34,30.83
310,71,33.64,330.95,0,9.72,11.16
310,71,33.64,330.95,1,39.28,3.89
310,71,33.64,330.95,2,28.76,9.69
310,71,33.64,330.95,3,35.08,23.05
310,71,33.64,330.95,4,3.34,30.83
310,72,23.50,338.39,0,9.72,11.16
310,72,23.50,338.39,1,39.28,3.89
310,72,23.50,338.39,2,28.76,9.69
310,72,23.50,338.39,3,35.08,23.05
310,72,23.50,338.39,4,3.34,30.83
310,73,382.94,193.85,0,9.72,11.16
310,73,382.94,193.85,1,39.28,3.89
310,73,382.94,193.85,2,28.76,9.69
310,73,382.94,193.85,3,35.08,23.05
310,73,382.94,193.85,4,3.34,30.83
310,74,256.08,88.08,0,9.72,11.16
310,74,256.08,88.08,1,39.28,3.89
310,74,256.08,88.08,2,28.76,9.69
310,74,256.08,88.08,3,35.08,23.05
310,74,256.08,88.08,4,3.34,30.83
310,75,231.61,95.76,0,9.72,11.16
310,75,231.61,95.76,1,39.28,3.89
310,75,231.61,95.76,2,28.76,9.69
310,75,231.61,95.76,3,35.08,23.05
310,75,231.61,95.76,4,3.34,30.83
310,76,377.68,170.87,0,9.72,11.16
310,76,377.68,170.87,1,39.28,3.89
310,76,377.68,170.87,2,28.76,9.69
310,76,377.68,170.87,3,35.08,23.05
310,76,377.68,170.87,4,3.34,30.83
310,77,81.24,126.88,0,9.72,11.16
310,77,81.24,126.88,1,39.28,3.89
310,77,81.24,126.88,2,28.76,9.69
310,77,81.24,126.88,3,35.08,23.05
310,77,81.24,126.88,4,3.34,30.83
310,78,201.32,379.44,0,9.72,11.16
310,78,201.32,379.44,1,39.28,3.89
310,78,201.32,379.44,2,28.76,9.69
310,78,201.32,379.44,3,35.08,23.05
310,78,201.32,379.44,4,3.34,30.83
310,79,373.54,204.88,0,9.72,11.16
310,79,373.54,204.88,1,39.28,3.89
310,79,373.54,204.88,2,28.76,9.69
310,79,373.54,204.88,3,35.08,23.05
310,79,373.54,204.88,4,3.34,30.83
310,81,257.74,358.48,0,9.72,11.16
310,81,257.74,358.48,1,39.28,3.89
310,81,257.74,358.48,2,28.76,9.69
310,81,257.74,358.48,3,35.08,23.05
310,81,257.74,358.48,4,3.34,30.83
310,82,334.93,138.19,0,9.72,11.16
310,82,334.93,138.19,1,39.28,3.89
310,82,334.93,138.19,2,28.76,9.69
310,82,334.93,138.19,3,35.08,23.05
310,82,334.93,138.19,4,3.34,30.83
310,83,205.64,53.63,0,9.72,11.16
310,83,205.64,53.63,1,39.28,3.89
310,83,205.64,53.63,2,28.76,9.69
310,83,205.64,53.63,3,35.08,23.05
310,83,205.64,53.63,4,3.34,30.83
310,84,219.17,291.09,0,9.72,11.16
310,84,219.17,291.09,1,39.28,3.89
310,84,219.17,291.09,2,28.76,9.69
310,84,219.17,291.09,3,35.08,23.05
310,84,219.17,291.09,4,3.34,30.83
310,85,370.23,178.41,0,9.72,11.16
310,85,370.23,178.41,1,39.28,3.89
310,85,370.23,178.41,2,28.76,9.69
310,85,370.23,178.41,3,35.08,23.05
310,85,370.23,178.41,4,3.34,30.83
310,86,65.49,120.91,0,9.72,11.16
310,86,65.49,120.91,1,39.28,3.89
310,86,65.49,120.91,2,28.76,9.69
310,86,65.49,120.91,3,35.08,23.05
310,86,65.49,120.91,4,3.34,30.83
310,87,389.05,24.99,0,9.72,11.16
310,87,389.05,24.99,1,39.28,3.89
310,87,389.05,24.99,2,28.76,9.69
310,87,389.05,24.99,3,35.08,23.05
310,87,389.05,24.99,4,3.34,30.83
310,88,156.32,303.28,0,9.72,11.16
310,88,156.32,303.28,1,39.28,3.89
310,88,156.32,303.28,2,28.76,9.69
310,88,156.32,303.28,3,35.08,23.05
310,88,156.32,303.28,4,3.34,30.83
310,89,297.96,81.12,0,9.72,11.16
310,89,297.96,81.12,1,39.28,3.89
310,89,297.96,81.12,2,28.76,9.69
310,89,297.96,81.12,3,35.08,23.05
310,89,297.96,81.12,4,3.34,30.83
310,90,226.76,73.77,0,9.72,11.16
310,90,226.76,73.77,1,39.28,3.89
310,90,226.76,73.77,2,28.76,9.69
310,90,226.76,73.77,3,35.08,23.05
310,90,226.76,73.77,4,3.34,30.83
310,92,288.75,96.25,0,9.72,11.16
310,92,288.75,96.25,1,39.28,3.89
310,92,288.75,96.25,2,28.76,9.69
310,92,288.75,96.25,3,35.08,23.05
310,92,288.75,96.25,4,3.34,30.83
310,93,268.93,86.77,0,9.72,11.16
310,93,268.93,86.77,1,39.28,3.89
310,93,268.93,86.77,2,28.76,9.69
310,93,268.93,86.77,3,35.08,23.05
310,93,268.93,86.77,4,3.34,30.83
310,94,21.35,326.38,0,9.72,11.16
310,94,21.35,326.38,1,39.28,3.89
310,94,21.35,326.38,2,28.76,9.69
310,94,21.35,326.38,3,35.08,23.05
310,94,21.35,326.38,4,3.34,30.83
310,95,360.26,183.52,0,9.72,11.16
310,95,360.26,183.52,1,39.28,3.89
310,95,360.26,183.52,2,28.76,9.69
310,95,360.26,183.52,3,35.08,23.05
310,95,360.26,183.52,4,3.34,30.83
310,96,75.87,141.66,0,9.72,11.16
310,96,75.87,141.66,1,39.28,3.89
310,96,75.87,141.66,2,28.76,9.69
310,96,75.87,141.66,3,35.08,23.05
310,96,75.87,141.66,4,3.34,30.83
310,97,266.31,130.33,0,9.72,11.16
310,97,266.31,130.33,1,39.28,3.89
310,97,266.31,130.33,2,28.76,9.69
310,97,266.31,130.33,3,35.08,23.05
310,97,266.31,130.33,4,3.34,30.83
310,98,370.14,24.73,0,9.72,11.16
310,98,370.14,24.73,1,39.28,3.89
310,98,370.14,24.73,2,28.76,9.69
310,98,370.14,24.73,3,35.08,23.05
310,98,370.14,24.73,4,3.34,30.83
310,102,63.82,144.14,0,9.72,11.16
310,102,63.82,144.14,1,39.28,3.89
310,102,63.82,144.14,2,28.76,9.69
310,102,63.82,144.14,3,35.08,23.05
310,102,63.82,144.14,4,3.34,30.83
310,103,85.00,361.65,0,9.72,11.16
310,103,85.00,361.65,1,39.28,3.89
310,103,85.00,361.65,2,28.76,9.69
310,103,85.00,361.65,3,35.08,23.05
310,103,85.00,361.65,4,3.34,30.83
310,104,376.29,23.93,0,9.72,11.16
310,104,376.29,23.93,1,39.28,3.89
310,104,376.29,23.93,2,28.76,9.69
310,104,376.29,23.93,3,35.08,23.05
310,104,376.29,23.93,4,3.34,30.83
310,105,35.67,326.71,0,9.72,11.16
310,105,35.67,326.71,1,39.28,3.89
310,105,35.67,326.71,2,28.76,9.69
310,105,35.67,326.71,3,35.08,23.05
310,105,35.67,326.71,4,3.34,30.83
310,106,42.94,296.03,0,9.72,11.16
310,106,42.94,296.03,1,39.28,3.89
310,106,42.94,296.03,2,28.76,9.69
310,106,42.94,296.03,3,35.08,23.05
310,106,42.94,296.03,4,3.34,30.83
310,107,280.59,110.08,0,9.72,11.16
310,107,280.59,110.08,1,39.28,3.89
310,107,280.59,110.08,2,28.76,9.69
310,107,280.59,110.08,3,35.08,23.05
310,107,280.59,110.08,4,3.34,30.83
310,108,29.90,78.01,0,9.72,11.16
310,108,29.90,78.01,1,39.28,3.89
310,108,29.90,78.01,2,28.76,9.69
310,108,29.90,78.01,3,35.08,23.05
310,108,29.90,78.01,4,3.34,30.83
310,110,87.71,321.58,0,9.72,11.16
310,110,87.71,321.58,1,39.28,3.89
310,110,87.71,321.58,2,28.76,9.69
310,110,87.71,321.58,3,35.08,23.05
310,110,87.71,321.58,4,3.34,30.83
310,111,389.75,50.00,0,9.72,11.16
310,111,389.75,50.00,1,39.28,3.89
310,111,389.75,50.00,2,28.76,9.69
310,111,389.75,50.00,3,35.08,23.05
310,111,389.75,50.00,4,3.34,30.83
310,112,224.02,103.87,0,9.72,11.16
310,112,224.02,103.87,1,39.28,3.89
310,112,224.02,103.87,2,28.76,9.69
310,112,224.02,103.87,3,35.08,23.05
310,112,224.02,103.87,4,3.34,30.83
310,113,92.78,119.50,0,9.72,11.16
310,113,92.78,119.50,1,39.28,3.89
310,113,92.78,119.50,2,28.76,9.69
310,113,92.78,119.50,3,35.08,23.05
310,113,92.78,119.50,4,3.34,30.83
310,114,168.46,46.32,0,9.72,11.16
310,114,168.46,46.32,1,39.28,3.89
310,114,168.46,46.32,2,28.76,9.69
310,114,168.46,46.32,3,35.08,23.05
310,114,168.46,46.32,4,3.34,30.83
310,115,373.96,209.38,0,9.72,11.16
310,115,373.96,209.38,1,39.28,3.89
310,115,373.96,209.38,2,28.76,9.69
310,115,373.96,209.38,3,35.08,23.05
310,115,373.96,209.38,4,3.34,30.83
310,116,247.25,121.38,0,9.72,11.16
310,116,247.25,121.38,1,39.28,3.89
310,116,247.25,121.38,2,28.76,9.69
310,116,247.25,121.38,3,35.08,23.05
310,116,247.25,121.38,4,3.34,30.83
310,117,364.89,145.97,0,9.72,11.16
310,117,364.89,145.97,1,39.28,3.89
310,117,364.89,145.97,2,28.76,9.69
310,117,364.89,145.97,3,35.08,23.05
310,117,364.89,145.97,4,3.34,30.83
310,118,88.35,171.43,0,9.72,11.16
310,118,88.35,171.43,1,39.28,3.89
310,118,88.35,171.43,2,28.76,9.69
310,118,88.35,171.43,3,35.08,23.05
310,118,88.35,171.43,4,3.34,30.83
310,119,313.17,119.84,0,9.72,11.16
310,119,313.17,119.84,1,39.28,3.89
310,119,313.17,119.84,2,28.76,9.69
310,119,313.17,119.84,3,35.08,23.05
310,119,313.17,119.84,4,3.34,30.83
310,120,182.24,221.61,0,9.72,11.16
310,120,182.24,221.61,1,39.28,3.89
310,120,182.24,221.61,2,28.76,9.69
310,120,182.24,221.61,3,35.08,23.05
310,120,182.24,221.61,4,3.34,30.83
310,121,92.89,112.44,0,9.72,11.16
310,121,92.89,112.44,1,39.28,3.89
310,121,92.89,112.44,2,28.76,9.69
310,121,92.89,112.44,3,35.08,23.05
310,121,92.89,112.44,4,3.34,30.83
310,122,116.18,248.97,0,9.72,11.16
310,122,116.18,248.97,1,39.28,3.89
310,122,116.18,248.97,2,28.76,9.69
310,122,116.18,248.97,3,35.08,23.05
310,122,116.18,248.97,4,3.34,30.83
310,123,136.68,318.41,0,9.72,11.16
310,123,136.68,318.41,1,39.28,3.89
310,123,136.68,318.41,2,28.76,9.69
310,123,136.68,318.41,3,35.08,23.05
310,123,136.68,318.41,4,3.34,30.83
310,124,107.28,63.64,0,9.72,11.16
310,124,107.28,63.64,1,39.28,3.89
310,124,107.28,63.64,2,28.76,9.69
310,124,107.28,63.64,3,35.08,23.05
310,124,107.28,63.64,4,3.34,30.83
310,125,367.81,133.98,0,9.72,11.16
310,125,367.81,133.98,1,39.28,3.89
310,125,367.81,133.98,2,28.76,9.69
310,125,367.81,133.98,3,35.08,23.05
310,125,367.81,133.98,4,3.34,30.83
310,126,60.69,105.01,0,9.72,11.16
310,126,60.69,105.01,1,39.28,3.89
310,126,60.69,105.01,2,28.76,9.69
310,126,60.69,105.01,3,35.08,23.05
310,126,60.69,105.01,4,3.34,30.83
310,127,27.06,335.66,0,9.72,11.16
310,127,27.06,335.66,1,39.28,3.89
310,127,27.06,335.66,2,28.76,9.69
310,127,27.06,335.66,3,35.08,23.05
310,127,27.06,335.66,4,3.34,30.83
310,128,237.45,348.26,0,9.72,11.16
310,128,237.45,348.26,1,39.28,3.89
310,128,237.45,348.26,2,28.76,9.69
310,128,237.45,348.26,3,35.08,23.05
310,128,237.45,348.26,4,3.34,30.83
310,129,318.95,168.58,0,9.72,11.16
310,129,318.95,168.58,1,39.28,3.89
310,129,318.95,168.58,2,28.76,9.69
310,129,318.95,168.58,3,35.08,23.05
310,129,318.95,168.58,4,3.34,30.83
310,131,285.58,93.30,0,9.72,11.16
310,131,285.58,93.30,1,39.28,3.89
310,131,285.58,93.30,2,28.76,9.69
310,131,285.58,93.30,3,35.08,23.05
310,131,285.58,93.30,4,3.34,30.83
310,132,378.02,252.56,0,9.72,11.16
310,132,378.02,252.56,1,39.28,3.89
310,132,378.02,252.56,2,28.76,9.69
310,132,378.02,252.56,3,35.08,23.05
310,132,378.02,252.56,4,3.34,30.83
310,133,52.56,113.38,0,9.72,11.16
310,133,52.56,113.38,1,39.28,3.89
310,133,52.56,113.38,2,28.76,9.69
310,133,52.56,113.38,3,35.08,23.05
310,133,52.56,113.38,4,3.34,30.83
310,135,59.67,287.00,0,9.72,11.16
310,135,59.67,287.00,1,39.28,3.89
310,135,59.67,287.00,2,28.76,9.69
310,135,59.67,287.00,3,35.08,23.05
310,135,59.67,287.00,4,3.34,30.83
310,137,279.23,90.61,0,9.72,11.16
310,137,279.23,90.61,1,39.28,3.89
310,137,279.23,90.61,2,28.76,9.69
310,137,279.23,90.61,3,35.08,23.05
310,137,279.23,90.61,4,3.34,30.83
310,139,367.28,153.61,0,9.72,11.16
310,139,367.28,153.61,1,39.28,3.89
310,139,367.28,153.61,2,28.76,9.69
310,139,367.28,153.61,3,35.08,23.05
310,139,367.28,153.61,4,3.34,30.83
310,140,386.56,32.76,0,9.72,11.16
310,140,386.56,32.76,1,39.28,3.89
310,140,386.56,32.76,2,28.76,9.69
310,140,386.56,32.76,3,35.08,23.05
310,140,386.56,32.76,4,3.34,30.83
310,141,337.01,384.06,0,9.72,11.16
310,141,337.01,384.06,1,39.28,3.89
310,141,337.01,384.06,2,28.76,9.69
310,141,337.01,384.06,3,35.08,23.05
310,141,337.01,384.06,4,3.34,30.83
310,142,265.98,113.05,0,9.72,11.16
310,142,265.98,113.05,1,39.28,3.89
310,142,265.98,113.05,2,28.76,9.69
310,142,265.98,113.05,3,35.08,23.05
310,142,265.98,113.05,4,3.34,30.83
310,143,334.50,325.78,0,9.72,11.16
310,143,334.50,325.78,1,39.28,3.89
310,143,334.50,325.78,2,28.76,9.69
310,143,334.50,325.78,3,35.08,23.05
310,143,334.50,325.78,4,3.34,30.83
310,145,233.49,332.05,0,9.72,11.16
310,145,233.49,332.05,1,39.28,3.89
310,145,233.49,332.05,2,28.76,9.69
310,145,233.49,332.05,3,35.08,23.05
310,145,233.49,332.05,4,3.34,30.83
310,146,103.14,165.73,0,9.72,11.16
310,146,103.14,165.73,1,39.28,3.89
310,146,103.14,165.73,2,28.76,9.69
310,146,103.14,165.73,3,35.08,23.05
310,146,103.14,165.73,4,3.34,30.83
310,148,329.77,206.10,0,9.72,11.16
310,148,329.77,206.10,1,39.28,3.89
310,148,329.77,206.10,2,28.76,9.69
310,148,329.77,206.10,3,35.08,23.05
310,148,329.77,206.10,4,3.34,30.83
310,149,362.53,231.71,0,9.72,11.16
310,149,362.53,231.71,1,39.28,3.89
310,149,362.53,231.71,2,28.76,9.69
310,149,362.53,231.71,3,35.08,23.05
310,149,362.53,231.71,4,3.34,30.83
310,150,289.85,126.22,0,9.72,11.16
310,150,289.85,126.22,1,39.28,3.89
310,150,289.85,126.22,2,28.76,9.69
310,150,289.85,126.22,3,35.08,23.05
310,150,289.85,126.22,4,3.34,30.83
310,151,239.71,90.16,0,9.72,11.16
310,151,239.71,90.16,1,39.28,3.89
310,151,239.71,90.16,2,28.76,9.69
310,151,239.71,90.16,3,35.08,23.05
310,151,239.71,90.16,4,3.34,30.83
310,152,64.72,104.92,0,9.72,11.16
310,152,64.72,104.92,1,39.28,3.89
310,152,64.72,104.92,2,28.76,9.69
310,152,64.72,104.92,3,35.08,23.05
310,152,64.72,104.92,4,3.34,30.83
310,155,236.50,123.17,0,9.72,11.16
310,155,236.50,123.17,1,39.28,3.89
310,155,236.50,123.17,2,28.76,9.69
310,155,236.50,123.17,3,35.08,23.05
310,155,236.50,123.17,4,3.34,30.83
310,156,364.50,292.01,0,9.72,11.16
310,156,364.50,292.01,1,39.28,3.89
310,156,364.50,292.01,2,28.76,9.69
310,156,364.50,292.01,3,35.08,23.05
310,156,364.50,292.01,4,3.34,30.83
310,157,241.56,96.55,0,9.72,11.16
310,157,241.56,96.55,1,39.28,3.89
310,157,241.56,96.55,2,28.76,9.69
310,157,241.56,96.55,3,35.08,23.05
310,157,241.56,96.55,4,3.34,30.83
310,159,368.34,271.97,0,9.72,11.16
310,159,368.34,271.97,1,39.28,3.89
310,159,368.34,271.97,2,28.76,9.69
310,159,368.34,271.97,3,35.08,23.05
310,159,368.34,271.97,4,3.34,30.83
310,160,316.21,388.50,0,9.72,11.16
310,160,316.21,388.50,1,39.28,3.89
310,160,316.21,388.50,2,28.76,9.69
310,160,316.21,388.50,3,35.08,23.05
310,160,316.21,388.50,4,3.34,30.83
310,161,184.31,139.73,0,9.72,11.16
310,161,184.31,139.73,1,39.28,3.89
310,161,184.31,139.73,2,28.76,9.69
310,161,184.31,139.73,3,35.08,23.05
310,161,184.31,139.73,4,3.34,30.83
310,162,282.00,351.99,0,9.72,11.16
310,162,282.00,351.99,1,39.28,3.89
310,162,282.00,351.99,2,28.76,9.69
310,162,282.00,351.99,3,35.08,23.05
310,162,282.00,351.99,4,3.34,30.83
310,163,195.94,132.91,0,9.72,11.16
310,163,195.94,132.91,1,39.28,3.89
310,163,195.94,132.91,2,28.76,9.69
310,163,195.94,132.91,3,35.08,23.05
310,163,195.94,132.91,4,3.34,30.83
310,164,49.14,54.15,0,9.72,11.16
310,164,49.14,54.15,1,39.28,3.89
310,164,49.14,54.15,2,28.76,9.69
310,164,49.14,54.15,3,35.08,23.05
310,164,49.14,54.15,4,3.34,30.83
310,165,90.48,99.07,0,9.72,11.16
310,165,90.48,99.07,1,39.28,3.89
310,165,90.48,99.07,2,28.76,9.69
310,165,90.48,99.07,3,35.08,23.05
310,165,90.48,99.07,4,3.34,30.83
310,166,286.91,371.94,0,9.72,11.16
310,166,286.91,371.94,1,39.28,3.89
310,166,286.91,371.94,2,28.76,9.69
310,166,286.91,371.94,3,35.08,23.05
310,166,286.91,371.94,4,3.34,30.83
310,167,385.09,299.14,0,9.72,11.16
310,167,385.09,299.14,1,39.28,3.89
310,167,385.09,299.14,2,28.76,9.69
310,167,385.09,299.14,3,35.08,23.05
310,167,385.09,299.14,4,3.34,30.83
310,168,194.14,277.17,0,9.72,11.16
310,168,194.14,277.17,1,39.28,3.89
310,168,194.14,277.17,2,28.76,9.69
310,168,194.14,277.17,3,35.08,23.05
310,168,194.14,277.17,4,3.34,30.83
310,169,234.16,83.11,0,9.72,11.16
310,169,234.16,83.11,1,39.28,3.89
310,169,234.16,83.11,2,28.76,9.69
310,169,234.16,83.11,3,35.08,23.05
310,169,234.16,83.11,4,3.34,30.83
310,170,322.74,242.94,0,9.72,11.16
310,170,322.74,242.94,1,39.28,3.89
310,170,322.74,242.94,2,28.76,9.69
310,170,322.74,242.94,3,35.08,23.05
310,170,322.74,242.94,4,3.34,30.83
310,171,87.09,112.69,0,9.72,11.16
310,171,87.09,112.69,1,39.28,3.89
310,171,87.09,112.69,2,28.76,9.69
310,171,87.09,112.69,3,35.08,23.05
310,171,87.09,112.69,4,3.34,30.83
310,172,380.33,198.92,0,9.72,11.16
310,172,380.33,198.92,1,39.28,3.89
310,172,380.33,198.92,2,28.76,9.69
310,172,380.33,198.92,3,35.08,23.05
310,172,380.33,198.92,4,3.34,30.83
310,173,386.86,179.11,0,9.72,11.16
310,173,386.86,179.11,1,39.28,3.89
310,173,386.86,179.11,2,28.76,9.69
310,173,386.86,179.11,3,35.08,23.05
310,173,386.86,179.11,4,3.34,30.83
310,174,166.90,213.57,0,9.72,11.16
310,174,166.90,213.57,1,39.28,3.89
310,174,166.90,213.57,2,28.76,9.69
310,174,166.90,213.57,3,35.08,23.05
310,174,166.90,213.57,4,3.34,30.83
310,176,62.58,179.06,0,9.72,11.16
310,176,62.58,179.06,1,39.28,3.89
310,176,62.58,179.06,2,28.76,9.69
310,176,62.58,179.06,3,35.08,23.05
310,176,62.58,179.06,4,3.34,30.83
310,177,211.23,280.91,0,9.72,11.16
310,177,211.23,280.91,1,39.28,3.89
310,177,211.23,280.91,2,28.76,9.69
310,177,211.23,280.91,3,35.08,23.05
310,177,211.23,280.91,4,3.34,30.83
310,178,251.71,98.81,0,9.72,11.16
310,178,251.71,98.81,1,39.28,3.89
310,178,251.71,98.81,2,28.76,9.69
310,178,251.71,98.81,3,35.08,23.05
310,178,251.71,98.81,4,3.34,30.83
310,179,38.30,312.90,0,9.72,11.16
310,179,38.30,312.90,1,39.28,3.89
310,179,38.30,312.90,2,28.76,9.69
310,179,38.30,312.90,3,35.08,23.05
310,179,38.30,312.90,4,3.34,30.83
310,180,223.27,142.20,0,9.72,11.16
310,180,223.27,142.20,1,39.28,3.89
310,180,223.27,142.20,2,28.76,9.69
310,180,223.27,142.20,3,35.08,23.05
310,180,223.27,142.20,4,3.34,30.83
310,181,35.71,124.89,0,9.72,11.16
310,181,35.71,124.89,1,39.28,3.89
310,181,35.71,124.89,2,28.76,9.69
310,181,35.71,124.89,3,35.08,23.05
310,181,35.71,124.89,4,3.34,30.83
310,183,86.50,119.50,0,9.72,11.16
310,183,86.50,119.50,1,39.28,3.89
310,183,86.50,119.50,2,28.76,9.69
310,183,86.50,119.50,3,35.08,23.05
310,183,86.50,119.50,4,3.34,30.83
310,184,78.63,98.28,0,9.72,11.16
310,184,78.63,98.28,1,39.28,3.89
310,184,78.63,98.28,2,28.76,9.69
310,184,78.63,98.28,3,35.08,23.05
310,184,78.63,98.28,4,3.34,30.83
310,185,54.24,300.88,0,9.72,11.16
310,185,54.24,300.88,1,39.28,3.89
310,185,54.24,300.88,2,28.76,9.69
310,185,54.24,300.88,3,35.08,23.05
310,185,54.24,300.88,4,3.34,30.83
310,186,247.24,110.18,0,9.72,11.16
310,186,247.24,110.18,1,39.28,3.89
310,186,247.24,110.18,2,28.76,9.69
310,186,247.24,110.18,3,35.08,23.05
310,186,247.24,110.18,4,3.34,30.83
310,187,109.53,313.31,0,9.72,11.16
310,187,109.53,313.31,1,39.28,3.89
310,187,109.53,313.31,2,28.76,9.69
310,187,109.53,313.31,3,35.08,23.05
310,187,109.53,313.31,4,3.34,30.83
310,188,268.10,117.78,0,9.72,11.16
310,188,268.10,117.78,1,39.28,3.89
310,188,268.10,117.78,2,28.76,9.69
310,188,268.10,117.78,3,35.08,23.05
310,188,268.10,117.78,4,3.34,30.83
310,190,59.42,78.88,0,9.72,11.16
310,190,59.42,78.88,1,39.28,3.89
310,190,59.42,78.88,2,28.76,9.69
310,190,59.42,78.88,3,35.08,23.05
310,190,59.42,78.88,4,3.34,30.83
310,191,36.65,319.06,0,9.72,11.16
310,191,36.65,319.06,1,39.28,3.89
310,191,36.65,319.06,2,28.76,9.69
310,191,36.65,319.06,3,35.08,23.05
310,191,36.65,319.06,4,3.34,30.83
310,192,270.30,95.61,0,9.72,11.16
310,192,270.30,95.61,1,39.28,3.89
310,192,270.30,95.61,2,28.76,9.69
310,192,270.30,95.61,3,35.08,23.05
310,192,270.30,95.61,4,3.34,30.83
310,193,320.73,107.25,0,9.72,11.16
310,193,320.73,107.25,1,39.28,3.89
310,193,320.73,107.25,2,28.76,9.69
310,193,320.73,107.25,3,35.08,23.05
310,193,320.73,107.25,4,3.34,30.83
310,194,67.41,123.03,0,9.72,11.16
310,194,67.41,123.03,1,39.28,3.89
310,194,67.41,123.03,2,28.76,9.69
310,194,67.41,123.03,3,35.08,23.05
310,194,67.41,123.03,4,3.34,30.83
310,195,73.37,341.74,0,9.72,11.16
310,195,73.37,341.74,1,39.28,3.89
310,195,73.37,341.74,2,28.76,9.69
310,195,73.37,341.74,3,35.08,23.05
310,195,73.37,341.74,4,3.34,30.83
310,196,78.23,110.57,0,9.72,11.16
310,196,78.23,110.57,1,39.28,3.89
310,196,78.23,110.57,2,28.76,9.69
310,196,78.23,110.57,3,35.08,23.05
310,196,78.23,110.57,4,3.34,30.83
310,198,373.64,192.88,0,9.72,11.16
310,198,373.64,192.88,1,39.28,3.89
310,198,373.64,192.88,2,28.76,9.69
310,198,373.64,192.88,3,35.08,23.05
310,198,373.64,192.88,4,3.34,30.83
310,199,48.18,147.10,0,9.72,11.16
310,199,48.18,147.10,1,39.28,3.89
310,199,48.18,147.10,2,28.76,9.69
310,199,48.18,147.10,3,35.08,23.05
310,199,48.18,147.10,4,3.34,30.83
310,200,43.39,95.77,0,9.72,11.16
310,200,43.39,95.77,1,39.28,3.89
310,200,43.39,95.77,2,28.76,9.69
310,200,43.39,95.77,3,35.08,23.05
310,200,43.39,95.77,4,3.34,30.83
310,201,381.59,188.41,0,9.72,11.16
310,201,381.59,188.41,1,39.28,3.89
310,201,381.59,188.41,2,28.76,9.69
310,201,381.59,188.41,3,35.08,23.05
310,201,381.59,188.41,4,3.34,30.83
310,203,365.06,207.30,0,9.72,11.16
310,203,365.06,207.30,1,39.28,3.89
310,203,365.06,207.30,2,28.76,9.69
310,203,365.06,207.30,3,35.08,23.05
310,203,365.06,207.30,4,3.34,30.83
310,204,37.92,317.50,0,9.72,11.16
310,204,37.92,317.50,1,39.28,3.89
310,204,37.92,317.50,2,28.76,9.69
310,204,37.92,317.50,3,35.08,23.05
310,204,37.92,317.50,4,3.34,30.83
310,206,266.96,105.82,0,9.72,11.16
310,206,266.96,105.82,1,39.28,3.89
310,206,266.96,105.82,2,28.76,9.69
310,206,266.96,105.82,3,35.08,23.05
310,206,266.96,105.82,4,3.34,30.83
310,207,21.15,299.61,0,9.72,11.16
310,207,21.15,299.61,1,39.28,3.89
310,207,21.15,299.61,2,28.76,9.69
310,207,21.15,299.61,3,35.08,23.05
310,207,21.15,299.61,4,3.34,30.83
310,208,42.31,333.62,0,9.72,11.16
310,208,42.31,333.62,1,39.28,3.89
310,208,42.31,333.62,2,28.76,9.69
310,208,42.31,333.62,3,35.08,23.05
310,208,42.31,333.62,4,3.34,30.83
310,210,283.87,101.47,0,9.72,11.16
310,210,283.87,101.47,1,39.28,3.89
310,210,283.87,101.47,2,28.76,9.69
310,210,283.87,101.47,3,35.08,23.05
310,210,283.87,101.47,4,3.34,30.83
310,211,105.45,365.74,0,9.72,11.16
310,211,105.45,365.74,1,39.28,3.89
310,211,105.45,365.74,2,28.76,9.69
310,211,105.45,365.74,3,35.08,23.05
310,211,105.45,365.74,4,3.34,30.83
310,212,385.00,249.28,0,9.72,11.16
310,212,385.00,249.28,1,39.28,3.89
310,212,385.00,249.28,2,28.76,9.69
310,212,385.00,249.28,3,35.08,23.05
310,212,385.00,249.28,4,3.34,30.83
310,213,373.49,244.68,0,9.72,11.16
310,213,373.49,244.68,1,39.28,3.89
310,213,373.49,244.68,2,28.76,9.69
310,213,373.49,244.68,3,35.08,23.05
310,213,373.49,244.68,4,3.34,30.83
310,214,259.21,80.76,0,9.72,11.16
310,214,259.21,80.76,1,39.28,3.89
310,214,259.21,80.76,2,28.76,9.69
310,214,259.21,80.76,3,35.08,23.05
310,214,259.21,80.76,4,3.34,30.83
310,215,255.70,390.47,0,9.72,11.16
310,215,255.70,390.47,1,39.28,3.89
310,215,255.70,390.47,2,28.76,9.69
310,215,255.70,390.47,3,35.08,23.05
310,215,255.70,390.47,4,3.34,30.83
310,216,245.57,393.00,0,9.72,11.16
310,216,245.57,393.00,1,39.28,3.89
310,216,245.57,393.00,2,28.76,9.69
310,216,245.57,393.00,3,35.08,23.05
310,216,245.57,393.00,4,3.34,30.83
310,217,381.15,20.37,0,9.72,11.16
310,217,381.15,20.37,1,39.28,3.89
310,217,381.15,20.37,2,28.76,9.69
310,217,381.15,20.37,3,35.08,23.05
310,217,381.15,20.37,4,3.34,30.83
310,218,280.66,390.43,0,9.72,11.16
310,218,280.66,390.43,1,39.28,3.89
310,218,280.66,390.43,2,28.76,9.69
310,218,280.66,390.43,3,35.08,23.05
310,218,280.66,390.43,4,3.34,30.83
310,219,47.95,106.61,0,9.72,11.16
310,219,47.95,106.61,1,39.28,3.89
310,219,47.95,106.61,2,28.76,9.69
310,219,47.95,106.61,3,35.08,23.05
310,219,47.95,106.61,4,3.34,30.83
310,221,347.09,226.71,0,9.72,11.16
310,221,347.09,226.71,1,39.28,3.89
310,221,347.09,226.71,2,28.76,9.69
310,221,347.09,226.71,3,35.08,23.05
310,221,347.09,226.71,4,3.34,30.83
310,223,366.11,198.68,0,9.72,11.16
310,223,366.11,198.68,1,39.28,3.89
310,223,366.11,198.68,2,28.76,9.69
310,223,366.11,198.68,3,35.08,23.05
310,223,366.11,198.68,4,3.34,30.83
310,226,297.59,152.20,0,9.72,11.16
310,226,297.59,152.20,1,39.28,3.89
310,226,297.59,152.20,2,28.76,9.69
310,226,297.59,152.20,3,35.08,23.05
310,226,297.59,152.20,4,3.34,30.83
310,227,75.53,322.67,0,9.72,11.16
310,227,75.53,322.67,1,39.28,3.89
310,227,75.53,322.67,2,28.76,9.69
310,227,75.53,322.67,3,35.08,23.05
310,227,75.53,322.67,4,3.34,30.83
310,228,267.64,79.29,0,9.72,11.16
310,228,267.64,79.29,1,39.28,3.89
310,228,267.64,79.29,2,28.76,9.69
310,228,267.64,79.29,3,35.08,23.05
310,228,267.64,79.29,4,3.34,30.83
310,229,162.38,113.36,0,9.72,11.16
310,229,162.38,113.36,1,39.28,3.89
310,229,162.38,113.36,2,28.76,9.69
310,229,162.38,113.36,3,35.08,23.05
310,229,162.38,113.36,4,3.34,30.83
310,230,153.96,58.78,0,9.72,11.16
310,230,153.96,58.78,1,39.28,3.89
310,230,153.96,58.78,2,28.76,9.69
310,230,153.96,58.78,3,35.08,23.05
310,230,153.96,58.78,4,3.34,30.83
310,231,292.90,332.23,0,9.72,11.16
310,231,292.90,332.23,1,39.28,3.89
310,231,292.90,332.23,2,28.76,9.69
310,231,292.90,332.23,3,35.08,23.05
310,231,292.90,332.23,4,3.34,30.83
310,232,375.35,38.99,0,9.72,11.16
310,232,375.35,38.99,1,39.28,3.89
310,232,375.35,38.99,2,28.76,9.69
310,232,375.35,38.99,3,35.08,23.05
310,232,375.35,38.99,4,3.34,30.83
310,233,370.97,228.93,0,9.72,11.16
310,233,370.97,228.93,1,39.28,3.89
310,233,370.97,228.93,2,28.76,9.69
310,233,370.97,228.93,3,35.08,23.05
310,233,370.97,228.93,4,3.34,30.83
310,236,278.00,106.00,0,9.72,11.16
310,236,278.00,106.00,1,39.28,3.89
310,236,278.00,106.00,2,28.76,9.69
310,236,278.00,106.00,3,35.08,23.05
310,236,278.00,106.00,4,3.34,30.83
310,237,180.08,146.72,0,9.72,11.16
310,237,180.08,146.72,1,39.28,3.89
310,237,180.08,146.72,2,28.76,9.69
310,237,180.08,146.72,3,35.08,23.05
310,237,180.08,146.72,4,3.34,30.83
310,238,24.30,306.60,0,9.72,11.16
310,238,24.30,306.60,1,39.28,3.89
310,238,24.30,306.60,2,28.76,9.69
310,238,24.30,306.60,3,35.08,23.05
310,238,24.30,306.60,4,3.34,30.83
310,239,223.47,119.41,0,9.72,11.16
310,239,223.47,119.41,1,39.28,3.89
310,239,223.47,119.41,2,28.76,9.69
310,239,223.47,119.41,3,35.08,23.05
310,239,223.47,119.41,4,3.34,30.83
310,240,121.70,242.94,0,9.72,11.16
310,240,121.70,242.94,1,39.28,3.89
310,240,121.70,242.94,2,28.76,9.69
310,240,121.70,242.94,3,35.08,23.05
310,240,121.70,242.94,4,3.34,30.83
310,241,382.01,202.06,0,9.72,11.16
310,241,382.01,202.06,1,39.28,3.89
310,241,382.01,202.06,2,28.76,9.69
310,241,382.01,202.06,3,35.08,23.05
310,241,382.01,202.06,4,3.34,30.83
310,242,199.34,229.93,0,9.72,11.16
310,242,199.34,229.93,1,39.28,3.89
310,242,199.34,229.93,2,28.76,9.69
310,242,199.34,229.93,3,35.08,23.05
310,242,199.34,229.93,4,3.34,30.83
310,243,33.98,301.54,0,9.72,11.16
310,243,33.98,301.54,1,39.28,3.89
310,243,33.98,301.54,2,28.76,9.69
310,243,33.98,301.54,3,35.08,23.05
310,243,33.98,301.54,4,3.34,30.83
310,244,171.62,330.07,0,9.72,11.16
310,244,171.62,330.07,1,39.28,3.89
310,244,171.62,330.07,2,28.76,9.69
310,244,171.62,330.07,3,35.08,23.05
310,244,171.62,330.07,4,3.34,30.83
310,245,233.86,137.81,0,9.72,11.16
310,245,233.86,137.81,1,39.28,3.89
310,245,233.86,137.81,2,28.76,9.69
310,245,233.86,137.81,3,35.08,23.05
310,245,233.86,137.81,4,3.34,30.83
310,246,351.51,224.27,0,9.72,11.16
310,246,351.51,224.27,1,39.28,3.89
310,246,351.51,224.27,2,28.76,9.69
310,246,351.51,224.27,3,35.08,23.05
310,246,351.51,224.27,4,3.34,30.83
310,248,383.32,282.84,0,9.72,11.16
310,248,383.32,282.84,1,39.28,3.89
310,248,383.32,282.84,2,28.76,9.69
310,248,383.32,282.84,3,35.08,23.05
310,248,383.32,282.84,4,3.34,30.83
310,249,370.16,392.34,0,9.72,11.16
310,249,370.16,392.34,1,39.28,3.89
310,249,370.16,392.34,2,28.76,9.69
310,249,370.16,392.34,3,35.08,23.05
310,249,370.16,392.34,4,3.34,30.83
310,250,243.20,295.25,0,9.72,11.16
310,250,243.20,295.25,1,39.28,3.89
310,250,243.20,295.25,2,28.76,9.69
310,250,243.20,295.25,3,35.08,23.05
310,250,243.20,295.25,4,3.34,30.83
310,251,56.52,306.86,0,9.72,11.16
310,251,56.52,306.86,1,39.28,3.89
310,251,56.52,306.86,2,28.76,9.69
310,251,56.52,306.86,3,35.08,23.05
310,251,56.52,306.86,4,3.34,30.83
310,252,33.35,89.56,0,9.72,11.16
310,252,33.35,89.56,1,39.28,3.89
310,252,33.35,89.56,2,28.76,9.69
310,252,33.35,89.56,3,35.08,23.05
310,252,33.35,89.56,4,3.34,30.83
310,253,344.65,190.43,0,9.72,11.16
310,253,344.65,190.43,1,39.28,3.89
310,253,344.65,190.43,2,28.76,9.69
310,253,344.65,190.43,3,35.08,23.05
310,253,344.65,190.43,4,3.34,30.83
310,254,367.54,169.88,0,9.72,11.16
310,254,367.54,169.88,1,39.28,3.89
310,254,367.54,169.88,2,28.76,9.69
310,254,367.54,169.88,3,35.08,23.05
310,254,367.54,169.88,4,3.34,30.83
310,255,24.53,311.30,0,9.72,11.16
310,255,24.53,311.30,1,39.28,3.89
310,255,24.53,311.30,2,28.76,9.69
310,255,24.53,311.30,3,35.08,23.05
310,255,24.53,311.30,4,3.34,30.83
310,256,85.44,104.89,0,9.72,11.16
310,256,85.44,104.89,1,39.28,3.89
310,256,85.44,104.89,2,28.76,9.69
310,256,85.44,104.89,3,35.08,23.05
310,256,85.44,104.89,4,3.34,30.83
310,257,378.24,189.26,0,9.72,11.16
310,257,378.24,189.26,1,39.28,3.89
310,257,378.24,189.26,2,28.76,9.69
310,257,378.24,189.26,3,35.08,23.05
310,257,378.24,189.26,4,3.34,30.83
310,258,380.37,44.67,0,9.72,11.16
310,258,380.37,44.67,1,39.28,3.89
310,258,380.37,44.67,2,28.76,9.69
310,258,380.37,44.67,3,35.08,23.05
310,258,380.37,44.67,4,3.34,30.83
310,259,91.70,105.30,0,9.72,11.16
310,259,91.70,105.30,1,39.28,3.89
310,259,91.70,105.30,2,28.76,9.69
310,259,91.70,105.30,3,35.08,23.05
310,259,91.70,105.30,4,3.34,30.83
310,260,310.72,373.22,0,9.72,11.16
310,260,310.72,373.22,1,39.28,3.89
310,260,310.72,373.22,2,28.76,9.69
310,260,310.72,373.22,3,35.08,23.05
310,260,310.72,373.22,4,3.34,30.83
310,261,53.73,336.77,0,9.72,11.16
310,261,53.73,336.77,1,39.28,3.89
310,261,53.73,336.77,2,28.76,9.69
310,261,53.73,336.77,3,35.08,23.05
310,261,53.73,336.77,4,3.34,30.83
310,262,160.39,101.95,0,9.72,11.16
310,262,160.39,101.95,1,39.28,3.89
310,262,160.39,101.95,2,28.76,9.69
310,262,160.39,101.95,3,35.08,23.05
310,262,160.39,101.95,4,3.34,30.83
310,263,160.70,87.47,0,9.72,11.16
310,263,160.70,87.47,1,39.28,3.89
310,263,160.70,87.47,2,28.76,9.69
310,263,160.70,87.47,3,35.08,23.05
310,263,160.70,87.47,4,3.34,30.83
310,264,56.84,133.90,0,9.72,11.16
310,264,56.84,133.90,1,39.28,3.89
310,264,56.84,133.90,2,28.76,9.69
310,264,56.84,133.90,3,35.08,23.05
310,264,56.84,133.90,4,3.34,30.83
310,265,222.11,327.67,0,9.72,11.16
310,265,222.11,327.67,1,39.28,3.89
310,265,222.11,327.67,2,28.76,9.69
310,265,222.11,327.67,3,35.08,23.05
310,265,222.11,327.67,4,3.34,30.83
310,266,86.83,305.97,0,9.72,11.16
310,266,86.83,305.97,1,39.28,3.89
310,266,86.83,305.97,2,28.76,9.69
310,266,86.83,305.97,3,35.08,23.05
310,266,86.83,305.97,4,3.34,30.83
310,267,208.58,72.74,0,9.72,11.16
310,267,208.58,72.74,1,39.28,3.89
310,267,208.58,72.74,2,28.76,9.69
310,267,208.58,72.74,3,35.08,23.05
310,267,208.58,72.74,4,3.34,30.83
310,268,234.73,105.07,0,9.72,11.16
310,268,234.73,105.07,1,39.28,3.89
310,268,234.73,105.07,2,28.76,9.69
310,268,234.73,105.07,3,35.08,23.05
310,268,234.73,105.07,4,3.34,30.83
310,269,36.92,132.36,0,9.72,11.16
310,269,36.92,132.36,1,39.28,3.89
310,269,36.92,132.36,2,28.76,9.69
310,269,36.92,132.36,3,35.08,23.05
310,269,36.92,132.36,4,3.34,30.83
310,270,41.59,304.57,0,9.72,11.16
310,270,41.59,304.57,1,39.28,3.89
310,270,41.59,304.57,2,28.76,9.69
310,270,41.59,304.57,3,35.08,23.05
310,270,41.59,304.57,4,3.34,30.83
310,271,68.38,114.72,0,9.72,11.16
310,271,68.38,114.72,1,39.28,3.89
310,271,68.38,114.72,2,28.76,9.69
310,271,68.38,114.72,3,35.08,23.05
310,271,68.38,114.72,4,3.34,30.83
310,273,26.21,295.46,0,9.72,11.16
310,273,26.21,295.46,1,39.28,3.89
310,273,26.21,295.46,2,28.76,9.69
310,273,26.21,295.46,3,35.08,23.05
310,273,26.21,295.46,4,3.34,30.83
310,274,98.70,33.07,0,9.72,11.16
310,274,98.70,33.07,1,39.28,3.89
310,274,98.70,33.07,2,28.76,9.69
310,274,98.70,33.07,3,35.08,23.05
310,274,98.70,33.07,4,3.34,30.83
310,275,332.05,215.71,0,9.72,11.16
310,275,332.05,215.71,1,39.28,3.89
310,275,332.05,215.71,2,28.76,9.69
310,275,332.05,215.71,3,35.08,23.05
310,275,332.05,215.71,4,3.34,30.83
310,276,337.64,222.33,0,9.72,11.16
310,276,337.64,222.33,1,39.28,3.89
310,276,337.64,222.33,2,28.76,9.69
310,276,337.64,222.33,3,35.08,23.05
310,276,337.64,222.33,4,3.34,30.83
310,277,306.80,184.69,0,9.72,11.16
310,277,306.80,184.69,1,39.28,3.89
310,277,306.80,184.69,2,28.76,9.69
310,277,306.80,184.69,3,35.08,23.05
310,277,306.80,184.69,4,3.34,30.83
310,278,65.59,361.83,0,9.72,11.16
310,278,65.59,361.83,1,39.28,3.89
310,278,65.59,361.83,2,28.76,9.69
310,278,65.59,361.83,3,35.08,23.05
310,278,65.59,361.83,4,3.34,30.83
310,279,232.03,390.68,0,9.72,11.16
310,279,232.03,390.68,1,39.28,3.89
310,279,232.03,390.68,2,28.76,9.69
310,279,232.03,390.68,3,35.08,23.05
310,279,232.03,390.68,4,3.34,30.83
310,281,242.77,65.36,0,9.72,11.16
310,281,242.77,65.36,1,39.28,3.89
310,281,242.77,65.36,2,28.76,9.69
310,281,242.77,65.36,3,35.08,23.05
310,281,242.77,65.36,4,3.34,30.83
310,282,373.58,192.00,0,9.72,11.16
310,282,373.58,192.00,1,39.28,3.89
310,282,373.58,192.00,2,28.76,9.69
310,282,373.58,192.00,3,35.08,23.05
310,282,373.58,192.00,4,3.34,30.83
310,283,349.08,181.79,0,9.72,11.16
310,283,349.08,181.79,1,39.28,3.89
310,283,349.08,181.79,2,28.76,9.69
310,283,349.08,181.79,3,35.08,23.05
310,283,349.08,181.79,4,3.34,30.83
310,284,255.61,97.39,0,9.72,11.16
310,284,255.61,97.39,1,39.28,3.89
310,284,255.61,97.39,2,28.76,9.69
310,284,255.61,97.39,3,35.08,23.05
310,284,255.61,97.39,4,3.34,30.83
310,285,222.13,352.71,0,9.72,11.16
310,285,222.13,352.71,1,39.28,3.89
310,285,222.13,352.71,2,28.76,9.69
310,285,222.13,352.71,3,35.08,23.05
310,285,222.13,352.71,4,3.34,30.83
310,286,249.00,348.66,0,9.72,11.16
310,286,249.00,348.66,1,39.28,3.89
310,286,249.00,348.66,2,28.76,9.69
310,286,249.00,348.66,3,35.08,23.05
310,286,249.00,348.66,4,3.34,30.83
310,288,101.01,22.27,0,9.72,11.16
310,288,101.01,22.27,1,39.28,3.89
310,288,101.01,22.27,2,28.76,9.69
310,288,101.01,22.27,3,35.08,23.05
310,288,101.01,22.27,4,3.34,30.83
310,289,46.76,310.71,0,9.72,11.16
310,289,46.76,310.71,1,39.28,3.89
310,289,46.76,310.71,2,28.76,9.69
310,289,46.76,310.71,3,35.08,23.05
310,289,46.76,310.71,4,3.34,30.83
310,290,331.33,243.90,0,9.72,11.16
310,290,331.33,243.90,1,39.28,3.89
310,290,331.33,243.90,2,28.76,9.69
310,290,331.33,243.90,3,35.08,23.05
310,290,331.33,243.90,4,3.34,30.83
310,291,64.19,69.54,0,9.72,11.16
310,291,64.19,69.54,1,39.28,3.89
310,291,64.19,69.54,2,28.76,9.69
310,291,64.19,69.54,3,35.08,23.05
310,291,64.19,69.54,4,3.34,30.83
310,292,266.29,300.33,0,9.72,11.16
310,292,266.29,300.33,1,39.28,3.89
310,292,266.29,300.33,2,28.76,9.69
310,292,266.29,300.33,3,35.08,23.05
310,292,266.29,300.33,4,3.34,30.83
310,293,252.22,106.84,0,9.72,11.16
310,293,252.22,106.84,1,39.28,3.89
310,293,252.22,106.84,2,28.76,9.69
310,293,252.22,106.84,3,35.08,23.05
310,293,252.22,106.84,4,3.34,30.83
310,294,73.66,335.28,0,9.72,11.16
310,294,73.66,335.28,1,39.28,3.89
310,294,73.66,335.28,2,28.76,9.69
310,294,73.66,335.28,3,35.08,23.05
310,294,73.66,335.28,4,3.34,30.83
310,296,387.59,35.06,0,9.72,11.16
310,296,387.59,35.06,1,39.28,3.89
310,296,387.59,35.06,2,28.76,9.69
310,296,387.59,35.06,3,35.08,23.05
310,296,387.59,35.06,4,3.34,30.83
310,297,378.40,169.87,0,9.72,11.16
310,297,378.40,169.87,1,39.28,3.89
310,297,378.40,169.87,2,28.76,9.69
310,297,378.40,169.87,3,35.08,23.05
310,297,378.40,169.87,4,3.34,30.83
310,298,386.48,42.98,0,9.72,11.16
310,298,386.48,42.98,1,39.28,3.89
310,298,386.48,42.98,2,28.76,9.69
310,298,386.48,42.98,3,35.08,23.05
310,298,386.48,42.98,4,3.34,30.83
310,300,212.98,340.75,0,9.72,11.16
310,300,212.98,340.75,1,39.28,3.89
310,300,212.98,340.75,2,28.76,9.69
310,300,212.98,340.75,3,35.08,23.05
310,300,212.98,340.75,4,3.34,30.83
320,2,77.80,103.15,0,9.62,10.71
320,2,77.80,103.15,1,38.60,3.48
320,2,77.80,103.15,2,28.76,9.69
320,2,77.80,103.15,3,34.74,23.46
320,2,77.80,103.15,4,3.34,30.83
320,3,187.40,285.57,0,9.62,10.71
320,3,187.40,285.57,1,38.60,3.48
320,3,187.40,285.57,2,28.76,9.69
320,3,187.40,285.57,3,34.74,23.46
320,3,187.40,285.57,4,3.34,30.83
320,6,53.65,295.52,0,9.62,10.71
320,6,53.65,295.52,1,38.60,3.48
320,6,53.65,295.52,2,28.76,9.69
320,6,53.65,295.52,3,34.74,23.46
320,6,53.65,295.52,4,3.34,30.83
320,8,96.55,366.23,0,9.62,10.71
320,8,96.55,366.23,1,38.60,3.48
320,8,96.55,366.23,2,28.76,9.69
320,8,96.55,366.23,3,34.74,23.46
320,8,96.55,366.23,4,3.34,30.83
320,9,306.83,202.82,0,9.62,10.71
320,9,306.83,202.82,1,38.60,3.48
320,9,306.83,202.82,2,28.76,9.69
320,9,306.83,202.82,3,34.74,23.46
320,9,306.83,202.82,4,3.34,30.83
320,11,185.02,109.49,0,9.62,10.71
320,11,185.02,109.49,1,38.60,3.48
320,11,185.02,109.49,2,28.76,9.69
320,11,185.02,109.49,3,34.74,23.46
320,11,185.02,109.49,4,3.34,30.83
320,13,142.74,93.60,0,9.62,10.71
320,13,142.74,93.60,1,38.60,3.48
320,13,142.74,93.60,2,28.76,9.69
320,13,142.74,93.60,3,34.74,23.46
320,13,142.74,93.60,4,3.34,30.83
320,14,17.32,332.19,0,9.62,10.71
320,14,17.32,332.19,1,38.60,3.48
320,14,17.32,332.19,2,28.76,9.69
320,14,17.32,332.19,3,34.74,23.46
320,14,17.32,332.19,4,3.34,30.83
320,15,23.18,316.44,0,9.62,10.71
320,15,23.18,316.44,1,38.60,3.48
320,15,23.18,316.44,2,28.76,9.69
320,15,23.18,316.44,3,34.74,23.46
320,15,23.18,316.44,4,3.34,30.83
320,16,348.87,245.26,0,9.62,10.71
320,16,348.87,245.26,1,38.60,3.48
320,16,348.87,245.26,2,28.76,9.69
320,16,348.87,245.26,3,34.74,23.46
320,16,348.87,245.26,4,3.34,30.83
320,18,154.05,336.94,0,9.62,10.71
320,18,154.05,336.94,1,38.60,3.48
320,18,154.05,336.94,2,28.76,9.69
320,18,154.05,336.94,3,34.74,23.46
320,18,154.05,336.94,4,3.34,30.83
320,19,42.04,313.60,0,9.62,10.71
320,19,42.04,313.60,1,38.60,3.48
320,19,42.04,313.60,2,28.76,9.69
320,19,42.04,313.60,3,34.74,23.46
320,19,42.04,313.60,4,3.34,30.83
320,20,212.77,393.51,0,9.62,10.71
320,20,212.77,393.51,1,38.60,3.48
320,20,212.77,393.51,2,28.76,9.69
320,20,212.77,393.51,3,34.74,23.46
320,20,212.77,393.51,4,3.34,30.83
320,21,383.61,165.34,0,9.62,10.71
320,21,383.61,165.34,1,38.60,3.48
320,21,383.61,165.34,2,28.76,9.69
320,21,383.61,165.34,3,34.74,23.46
320,21,383.61,165.34,4,3.34,30.83
320,22,298.60,375.60,0,9.62,10.71
320,22,298.60,375.60,1,38.60,3.48
320,22,298.60,375.60,2,28.76,9.69
320,22,298.60,375.60,3,34.74,23.46
320,22,298.60,375.60,4,3.34,30.83
320,23,360.18,222.34,0,9.62,10.71
320,23,360.18,222.34,1,38.60,3.48
320,23,360.18,222.34,2,28.76,9.69
320,23,360.18,222.34,3,34.74,23.46
320,23,360.18,222.34,4,3.34,30.83
320,24,133.33,93.50,0,9.62,10.71
320,24,133.33,93.50,1,38.60,3.48
320,24,133.33,93.50,2,28.76,9.69
320,24,133.33,93.50,3,34.74,23.46
320,24,133.33,93.50,4,3.34,30.83
320,25,35.86,312.43,0,9.62,10.71
320,25,35.86,312.43,1,38.60,3.48
320,25,35.86,312.43,2,28.76,9.69
320,25,35.86,312.43,3,34.74,23.46
320,25,35.86,312.43,4,3.34,30.83
320,26,292.89,59.42,0,9.62,10.71
320,26,292.89,59.42,1,38.60,3.48
320,26,292.89,59.42,2,28.76,9.69
320,26,292.89,59.42,3,34.74,23.46
320,26,292.89,59.42,4,3.34,30.83
320,28,386.25,336.99,0,9.62,10.71
320,28,386.25,336.99,1,38.60,3.48
320,28,386.25,336.99,2,28.76,9.69
320,28,386.25,336.99,3,34.74,23.46
320,28,386.25,336.99,4,3.34,30.83
320,29,114.39,284.29,0,9.62,10.71
320,29,114.39,284.29,1,38.60,3.48
320,29,114.39,284.29,2,28.76,9.69
320,29,114.39,284.29,3,34.74,23.46
320,29,114.39,284.29,4,3.34,30.83
320,31,236.36,67.77,0,9.62,10.71
320,31,236.36,67.77,1,38.60,3.48
320,31,236.36,67.77,2,28.76,9.69
320,31,236.36,67.77,3,34.74,23.46
320,31,236.36,67.77,4,3.34,30.83
320,34,247.63,103.40,0,9.62,10.71
320,34,247.63,103.40,1,38.60,3.48
320,34,247.63,103.40,2,28.76,9.69
320,34,247.63,103.40,3,34.74,23.46
320,34,247.63,103.40,4,3.34,30.83
320,35,354.26,203.67,0,9.62,10.71
320,35,354.26,203.67,1,38.60,3.48
320,35,354.26,203.67,2,28.76,9.69
320,35,354.26,203.67,3,34.74,23.46
320,35,354.26,203.67,4,3.34,30.83
320,36,51.24,319.50,0,9.62,10.71
320,36,51.24,319.50,1,38.60,3.48
320,36,51.24,319.50,2,28.76,9.69
320,36,51.24,319.50,3,34.74,23.46
320,36,51.24,319.50,4,3.34,30.83
320,37,342.27,240.98,0,9.62,10.71
320,37,342.27,240.98,1,38.60,3.48
320,37,342.27,240.98,2,28.76,9.69
320,37,342.27,240.98,3,34.74,23.46
320,37,342.27,240.98,4,3.34,30.83
320,38,101.53,243.79,0,9.62,10.71
320,38,101.53,243.79,1,38.60,3.48
320,38,101.53,243.79,2,28.76,9.69
320,38,101.53,243.79,3,34.74,23.46
320,38,101.53,243.79,4,3.34,30.83
320,39,96.76,165.70,0,9.62,10.71
320,39,96.76,165.70,1,38.60,3.48
320,39,96.76,165.70,2,28.76,9.69
320,39,96.76,165.70,3,34.74,23.46
320,39,96.76,165.70,4,3.34,30.83
320,40,291.08,101.15,0,9.62,10.71
320,40,291.08,101.15,1,38.60,3.48
320,40,291.08,101.15,2,28.76,9.69
320,40,291.08,101.15,3,34.74,23.46
320,40,291.08,101.15,4,3.34,30.83
320,41,272.47,285.88,0,9.62,10.71
320,41,272.47,285.88,1,38.60,3.48
320,41,272.47,285.88,2,28.76,9.69
320,41,272.47,285.88,3,34.74,23.46
320,41,272.47,285.88,4,3.34,30.83
320,42,365.82,218.36,0,9.62,10.71
320,42,365.82,218.36,1,38.60,3.48
320,42,365.82,218.36,2,28.76,9.69
320,42,365.82,218.36,3,34.74,23.46
320,42,365.82,218.36,4,3.34,30.83
320,43,267.90,93.67,0,9.62,10.71
320,43,267.90,93.67,1,38.60,3.48
320,43,267.90,93.67,2,28.76,9.69
320,43,267.90,93.67,3,34.74,23.46
320,43,267.90,93.67,4,3.34,30.83
320,46,44.61,322.64,0,9.62,10.71
320,46,44.61,322.64,1,38.60,3.48
320,46,44.61,322.64,2,28.76,9.69
320,46,44.61,322.64,3,34.74,23.46
320,46,44.61,322.64,4,3.34,30.83
320,49,240.94,110.01,0,9.62,10.71
320,49,240.94,110.01,1,38.60,3.48
320,49,240.94,110.01,2,28.76,9.69
320,49,240.94,110.01,3,34.74,23.46
320,49,240.94,110.01,4,3.34,30.83
320,50,330.24,289.38,0,9.62,10.71
320,50,330.24,289.38,1,38.60,3.48
320,50,330.24,289.38,2,28.76,9.69
320,50,330.24,289.38,3,34.74,23.46
320,50,330.24,289.38,4,3.34,30.83
320,53,313.81,220.71,0,9.62,10.71
320,53,313.81,220.71,1,38.60,3.48
320,53,313.81,220.71,2,28.76,9.69
320,53,313.81,220.71,3,34.74,23.46
320,53,313.81,220.71,4,3.34,30.83
320,54,372.14,33.43,0,9.62,10.71
320,54,372.14,33.43,1,38.60,3.48
320,54,372.14,33.43,2,28.76,9.69
320,54,372.14,33.43,3,34.74,23.46
320,54,372.14,33.43,4,3.34,30.83
320,55,319.11,229.76,0,9.62,10.71
320,55,319.11,229.76,1,38.60,3.48
320,55,319.11,229.76,2,28.76,9.69
320,55,319.11,229.76,3,34.74,23.46
320,55,319.11,229.76,4,3.34,30.83
320,56,356.81,194.54,0,9.62,10.71
320,56,356.81,194.54,1,38.60,3.48
320,56,356.81,194.54,2,28.76,9.69
320,56,356.81,194.54,3,34.74,23.46
320,56,356.81,194.54,4,3.34,30.83
320,57,82.68,146.29,0,9.62,10.71
320,57,82.68,146.29,1,38.60,3.48
320,57,82.68,146.29,2,28.76,9.69
320,57,82.68,146.29,3,34.74,23.46
320,57,82.68,146.29,4,3.34,30.83
320,60,158.99,291.03,0,9.62,10.71
320,60,158.99,291.03,1,38.60,3.48
320,60,158.99,291.03,2,28.76,9.69
320,60,158.99,291.03,3,34.74,23.46
320,60,158.99,291.03,4,3.34,30.83
320,61,74.14,128.19,0,9.62,10.71
320,61,74.14,128.19,1,38.60,3.48
320,61,74.14,128.19,2,28.76,9.69
320,61,74.14,128.19,3,34.74,23.46
320,61,74.14,128.19,4,3.34,30.83
320,62,32.53,338.53,0,9.62,10.71
320,62,32.53,338.53,1,38.60,3.48
320,62,32.53,338.53,2,28.76,9.69
320,62,32.53,338.53,3,34.74,23.46
320,62,32.53,338.53,4,3.34,30.83
320,63,93.50,139.97,0,9.62,10.71
320,63,93.50,139.97,1,38.60,3.48
320,63,93.50,139.97,2,28.76,9.69
320,63,93.50,139.97,3,34.74,23.46
320,63,93.50,139.97,4,3.34,30.83
320,65,352.56,233.53,0,9.62,10.71
320,65,352.56,233.53,1,38.60,3.48
320,65,352.56,233.53,2,28.76,9.69
320,65,352.56,233.53,3,34.74,23.46
320,65,352.56,233.53,4,3.34,30.83
320,66,67.12,348.19,0,9.62,10.71
320,66,67.12,348.19,1,38.60,3.48
320,66,67.12,348.19,2,28.76,9.69
320,66,67.12,348.19,3,34.74,23.46
320,66,67.12,348.19,4,3.34,30.83
320,67,57.25,188.71,0,9.62,10.71
320,67,57.25,188.71,1,38.60,3.48
320,67,57.25,188.71,2,28.76,9.69
320,67,57.25,188.71,3,34.74,23.46
320,67,57.25,188.71,4,3.34,30.83
320,68,211.61,331.31,0,9.62,10.71
320,68,211.61,331.31,1,38.60,3.48
320,68,211.61,331.31,2,28.76,9.69
320,68,211.61,331.31,3,34.74,23.46
320,68,211.61,331.31,4,3.34,30.83
320,69,385.47,326.84,0,9.62,10.71
320,69,385.47,326.84,1,38.60,3.48
320,69,385.47,326.84,2,28.76,9.69
320,69,385.47,326.84,3,34.74,23.46
320,69,385.47,326.84,4,3.34,30.83
320,70,275.00,101.11,0,9.62,10.71
320,70,275.00,101.11,1,38.60,3.48
320,70,275.00,101.11,2,28.76,9.69
320,70,275.00,101.11,3,34.74,23.46
320,70,275.00,101.11,4,3.34,30.83
320,71,34.98,329.36,0,9.62,10.71
320,71,34.98,329.36,1,38.60,3.48
320,71,34.98,329.36,2,28.76,9.69
320,71,34.98,329.36,3,34.74,23.46
320,71,34.98,329.36,4,3.34,30.83
320,72,23.50,338.15,0,9.62,10.71
320,72,23.50,338.15,1,38.60,3.48
320,72,23.50,338.15,2,28.76,9.69
320,72,23.50,338.15,3,34.74,23.46
320,72,23.50,338.15,4,3.34,30.83
320,73,381.22,196.19,0,9.62,10.71
320,73,381.22,196.19,1,38.60,3.48
320,73,381.22,196.19,2,28.76,9.69
320,73,381.22,196.19,3,34.74,23.46
320,73,381.22,196.19,4,3.34,30.83
320,74,260.99,88.89,0,9.62,10.71
320,74,260.99,88.89,1,38.60,3.48
320,74,260.99,88.89,2,28.76,9.69
320,74,260.99,88.89,3,34.74,23.46
320,74,260.99,88.89,4,3.34,30.83
320,75,235.70,95.56,0,9.62,10.71
320,75,235.70,95.56,1,38.60,3.48
320,75,235.70,95.56,2,28.76,9.69
320,75,235.70,95.56,3,34.74,23.46
320,75,235.70,95.56,4,3.34,30.83
320,76,377.10,177.25,0,9.62,10.71
320,76,377.10,177.25,1,38.60,3.48
320,76,377.10,177.25,2,28.76,9.69
320,76,377.10,177.25,3,34.74,23.46
320,76,377.10,177.25,4,3.34,30.83
320,77,83.36,126.98,0,9.62,10.71
320,77,83.36,126.98,1,38.60,3.48
320,77,83.36,126.98,2,28.76,9.69
320,77,83.36,126.98,3,34.74,23.46
320,77,83.36,126.98,4,3.34,30.83
320,78,201.19,379.50,0,9.62,10.71
320,78,201.19,379.50,1,38.60,3.48
320,78,201.19,379.50,2,28.76,9.69
320,78,201.19,379.50,3,34.74,23.46
320,78,201.19,379.50,4,3.34,30.83
320,79,371.00,205.00,0,9.62,10.71
320,79,371.00,205.00,1,38.60,3.48
320,79,371.00,205.00,2,28.76,9.69
320,79,371.00,205.00,3,34.74,23.46
320,79,371.00,205.00,4,3.34,30.83
320,81,258.66,355.83,0,9.62,10.71
320,81,258.66,355.83,1,38.60,3.48
320,81,258.66,355.83,2,28.76,9.69
320,81,258.66,355.83,3,34.74,23.46
320,81,258.66,355.83,4,3.34,30.83
320,82,335.24,139.61,0,9.62,10.71
320,82,335.24,139.61,1,38.60,3.48
320,82,335.24,139.61,2,28.76,9.69
320,82,335.24,139.61,3,34.74,23.46
320,82,335.24,139.61,4,3.34,30.83
320,83,208.02,55.40,0,9.62,10.71
320,83,208.02,55.40,1,38.60,3.48
320,83,208.02,55.40,2,28.76,9.69
320,83,208.02,55.40,3,34.74,23.46
320,83,208.02,55.40,4,3.34,30.83
320,84,221.23,291.14,0,9.62,10.71
320,84,221.23,291.14,1,38.60,3.48
320,84,221.23,291.14,2,28.76,9.69
320,84,221.23,291.14,3,34.74,23.46
320,84,221.23,291.14,4,3.34,30.83
320,85,367.66,184.08,0,9.62,10.71
320,85,367.66,184.08,1,38.60,3.48
320,85,367.66,184.08,2,28.76,9.69
320,85,367.66,184.08,3,34.74,23.46
320,85,367.66,184.08,4,3.34,30.83
320,86,66.84,121.01,0,9.62,10.71
320,86,66.84,121.01,1,38.60,3.48
320,86,66.84,121.01,2,28.76,9.69
320,86,66.84,121.01,3,34.74,23.46
320,86,66.84,121.01,4,3.34,30.83
320,87,389.37,25.32,0,9.62,10.71
320,87,389.37,25.32,1,38.60,3.48
320,87,389.37,25.32,2,28.76,9.69
320,87,389.37,25.32,3,34.74,23.46
320,87,389.37,25.32,4,3.34,30.83
320,88,153.90,304.15,0,9.62,10.71
320,88,153.90,304.15,1,38.60,3.48
320,88,153.90,304.15,2,28.76,9.69
320,88,153.90,304.15,3,34.74,23.46
320,88,153.90,304.15,4,3.34,30.83
320,89,297.23,82.69,0,9.62,10.71
320,89,297.23,82.69,1,38.60,3.48
320,89,297.23,82.69,2,28.76,9.69
320,89,297.23,82.69,3,34.74,23.46
320,89,297.23,82.69,4,3.34,30.83
320,90,229.35,74.00,0,9.62,10.71
320,90,229.35,74.00,1,38.60,3.48
320,90,229.35,74.00,2,28.76,9.69
320,90,229.35,74.00,3,34.74,23.46
320,90,229.35,74.00,4,3.34,30.83
320,92,290.00,91.50,0,9.62,10.71
320,92,290.00,91.50,1,38.60,3.48
320,92,290.00,91.50,2,28.76,9.69
320,92,290.00,91.50,3,34.74,23.46
320,92,290.00,91.50,4,3.34,30.83
320,93,275.42,89.56,0,9.62,10.71
320,93,275.42,89.56,1,38.60,3.48
320,93,275.42,89.56,2,28.76,9.69
320,93,275.42,89.56,3,34.74,23.46
320,93,275.42,89.56,4,3.34,30.83
320,94,22.04,323.77,0,9.62,10.71
320,94,22.04,323.77,1,38.60,3.48
320,94,22.04,323.77,2,28.76,9.69
320,94,22.04,323.77,3,34.74,23.46
320,94,22.04,323.77,4,3.34,30.83
320,95,359.73,187.15,0,9.62,10.71
320,95,359.73,187.15,1,38.60,3.48
320,95,359.73,187.15,2,28.76,9.69
320,95,359.73,187.15,3,34.74,23.46
320,95,359.73,187.15,4,3.34,30.83
320,96,76.07,139.33,0,9.62,10.71
320,96,76.07,139.33,1,38.60,3.48
320,96,76.07,139.33,2,28.76,9.69
320,96,76.07,139.33,3,34.74,23.46
320,96,76.07,139.33,4,3.34,30.83
320,97,268.02,126.56,0,9.62,10.71
320,97,268.02,126.56,1,38.60,3.48
320,97,268.02,126.56,2,28.76,9.69
320,97,268.02,126.56,3,34.74,23.46
320,97,268.02,126.56,4,3.34,30.83
320,98,374.61,27.61,0,9.62,10.71
320,98,374.61,27.61,1,38.60,3.48
320,98,374.61,27.61,2,28.76,9.69
320,98,374.61,27.61,3,34.74,23.46
320,98,374.61,27.61,4,3.34,30.83
320,102,66.37,142.03,0,9.62,10.71
320,102,66.37,142.03,1,38.60,3.48
320,102,66.37,142.03,2,28.76,9.69
320,102,66.37,142.03,3,34.74,23.46
320,102,66.37,142.03,4,3.34,30.83
320,103,83.25,359.39,0,9.62,10.71
320,103,83.25,359.39,1,38.60,3.48
320,103,83.25,359.39,2,28.76,9.69
320,103,83.25,359.39,3,34.74,23.46
320,103,83.25,359.39,4,3.34,30.83
320,104,376.39,22.98,0,9.62,10.71
320,104,376.39,22.98,1,38.60,3.48
320,104,376.39,22.98,2,28.76,9.69
320,104,376.39,22.98,3,34.74,23.46
320,104,376.39,22.98,4,3.34,30.83
320,105,33.95,323.86,0,9.62,10.71
320,105,33.95,323.86,1,38.60,3.48
320,105,33.95,323.86,2,28.76,9.69
320,105,33.95,323.86,3,34.74,23.46
320,105,33.95,323.86,4,3.34,30.83
320,106,41.43,297.14,0,9.62,10.71
320,106,41.43,297.14,1,38.60,3.48
320,106,41.43,297.14,2,28.76,9.69
320,106,41.43,297.14,3,34.74,23.46
320,106,41.43,297.14,4,3.34,30.83
320,107,281.58,109.43,0,9.62,10.71
320,107,281.58,109.43,1,38.60,3.48
320,107,281.58,109.43,2,28.76,9.69
320,107,281.58,109.43,3,34.74,23.46
320,107,281.58,109.43,4,3.34,30.83
320,108,32.25,78.38,0,9.62,10.71
320,108,32.25,78.38,1,38.60,3.48
320,108,32.25,78.38,2,28.76,9.69
320,108,32.25,78.38,3,34.74,23.46
320,108,32.25,78.38,4,3.34,30.83
320,110,86.43,320.92,0,9.62,10.71
320,110,86.43,320.92,1,38.60,3.48
320,110,86.43,320.92,2,28.76,9.69
320,110,86.43,320.92,3,34.74,23.46
320,110,86.43,320.92,4,3.34,30.83
320,111,389.00,48.46,0,9.62,10.71
320,111,389.00,48.46,1,38.60,3.48
320,111,389.00,48.46,2,28.76,9.69
320,111,389.00,48.46,3,34.74,23.46
320,111,389.00,48.46,4,3.34,30.83
320,112,228.91,104.62,0,9.62,10.71
320,112,228.91,104.62,1,38.60,3.48
320,112,228.91,104.62,2,28.76,9.69
320,112,228.91,104.62,3,34.74,23.46
320,112,228.91,104.62,4,3.34,30.83
320,113,93.74,117.08,0,9.62,10.71
320,113,93.74,117.08,1,38.60,3.48
320,113,93.74,117.08,2,28.76,9.69
320,113,93.74,117.08,3,34.74,23.46
320,113,93.74,117.08,4,3.34,30.83
320,114,167.45,47.83,0,9.62,10.71
320,114,167.45,47.83,1,38.60,3.48
320,114,167.45,47.83,2,28.76,9.69
320,114,167.45,47.83,3,34.74,23.46
320,114,167.45,47.83,4,3.34,30.83
320,115,372.69,211.11,0,9.62,10.71
320,115,372.69,211.11,1,38.60,3.48
320,115,372.69,211.11,2,28.76,9.69
320,115,372.69,211.11,3,34.74,23.46
320,115,372.69,211.11,4,3.34,30.83
320,116,250.19,120.44,0,9.62,10.71
320,116,250.19,120.44,1,38.60,3.48
320,116,250.19,120.44,2,28.76,9.69
320,116,250.19,120.44,3,34.74,23.46
320,116,250.19,120.44,4,3.34,30.83
320,117,365.02,150.09,0,9.62,10.71
320,117,365.02,150.09,1,38.60,3.48
320,117,365.02,150.09,2,28.76,9.69
320,117,365.02,150.09,3,34.74,23.46
320,117,365.02,150.09,4,3.34,30.83
320,118,88.85,169.89,0,9.62,10.71
320,118,88.85,169.89,1,38.60,3.48
320,118,88.85,169.89,2,28.76,9.69
320,118,88.85,169.89,3,34.74,23.46
320,118,88.85,169.89,4,3.34,30.83
320,119,311.43,117.56,0,9.62,10.71
320,119,311.43,117.56,1,38.60,3.48
320,119,311.43,117.56,2,28.76,9.69
320,119,311.43,117.56,3,34.74,23.46
320,119,311.43,117.56,4,3.34,30.83
320,120,183.31,219.80,0,9.62,10.71
320,120,183.31,219.80,1,38.60,3.48
320,120,183.31,219.80,2,28.76,9.69
320,120,183.31,219.80,3,34.74,23.46
320,120,183.31,219.80,4,3.34,30.83
320,121,97.33,110.33,0,9.62,10.71
320,121,97.33,110.33,1,38.60,3.48
320,121,97.33,110.33,2,28.76,9.69
320,121,97.33,110.33,3,34.74,23.46
320,121,97.33,110.33,4,3.34,30.83
320,122,114.92,250.14,0,9.62,10.71
320,122,114.92,250.14,1,38.60,3.48
320,122,114.92,250.14,2,28.76,9.69
320,122,114.92,250.14,3,34.74,23.46
320,122,114.92,250.14,4,3.34,30.83
320,123,134.36,317.70,0,9.62,10.71
320,123,134.36,317.70,1,38.60,3.48
320,123,134.36,317.70,2,28.76,9.69
320,123,134.36,317.70,3,34.74,23.46
320,123,134.36,317.70,4,3.34,30.83
320,124,106.49,66.39,0,9.62,10.71
320,124,106.49,66.39,1,38.60,3.48
320,124,106.49,66.39,2,28.76,9.69
320,124,106.49,66.39,3,34.74,23.46
320,124,106.49,66.39,4,3.34,30.83
320,125,367.23,136.34,0,9.62,10.71
320,125,367.23,136.34,1,38.60,3.48
320,125,367.23,136.34,2,28.76,9.69
320,125,367.23,136.34,3,34.74,23.46
320,125,367.23,136.34,4,3.34,30.83
320,126,63.69,105.77,0,9.62,10.71
320,126,63.69,105.77,1,38.60,3.48
320,126,63.69,105.77,2,28.76,9.69
320,126,63.69,105.77,3,34.74,23.46
320,126,63.69,105.77,4,3.34,30.83
320,127,27.46,331.39,0,9.62,10.71
320,127,27.46,331.39,1,38.60,3.48
320,127,27.46,331.39,2,28.76,9.69
320,127,27.46,331.39,3,34.74,23.46
320,127,27.46,331.39,4,3.34,30.83
320,128,238.32,349.81,0,9.62,10.71
320,128,238.32,349.81,1,38.60,3.48
320,128,238.32,349.81,2,28.76,9.69
320,128,238.32,349.81,3,34.74,23.46
320,128,238.32,349.81,4,3.34,30.83
320,129,319.13,170.34,0,9.62,10.71
320,129,319.13,170.34,1,38.60,3.48
320,129,319.13,170.34,2,28.76,9.69
320,129,319.13,170.34,3,34.74,23.46
320,129,319.13,170.34,4,3.34,30.83
320,131,287.70,93.70,0,9.62,10.71
320,131,287.70,93.70,1,38.60,3.48
320,131,287.70,93.70,2,28.76,9.69
320,131,287.70,93.70,3,34.74,23.46
320,131,287.70,93.70,4,3.34,30.83
320,132,375.18,251.64,0,9.62,10.71
320,132,375.18,251.64,1,38.60,3.48
320,132,375.18,251.64,2,28.76,9.69
320,132,375.18,251.64,3,34.74,23.46
320,132,375.18,251.64,4,3.34,30.83
320,133,55.18,113.15,0,9.62,10.71
320,133,55.18,113.15,1,38.60,3.48
320,133,55.18,113.15,2,28.76,9.69
320,133,55.18,113.15,3,34.74,23.46
320,133,55.18,113.15,4,3.34,30.83
320,135,57.81,289.59,0,9.62,10.71
320,135,57.81,289.59,1,38.60,3.48
320,135,57.81,289.59,2,28.76,9.69
320,135,57.81,289.59,3,34.74,23.46
320,135,57.81,289.59,4,3.34,30.83
320,137,281.14,91.23,0,9.62,10.71
320,137,281.14,91.23,1,38.60,3.48
320,137,281.14,91.23,2,28.76,9.69
320,137,281.14,91.23,3,34.74,23.46
320,137,281.14,91.23,4,3.34,30.83
320,139,365.98,157.18,0,9.62,10.71
320,139,365.98,157.18,1,38.60,3.48
320,139,365.98,157.18,2,28.76,9.69
320,139,365.98,157.18,3,34.74,23.46
320,139,365.98,157.18,4,3.34,30.83
320,140,389.33,35.00,0,9.62,10.71
320,140,389.33,35.00,1,38.60,3.48
320,140,389.33,35.00,2,28.76,9.69
320,140,389.33,35.00,3,34.74,23.46
320,140,389.33,35.00,4,3.34,30.83
320,141,338.22,385.12,0,9.62,10.71
320,141,338.22,385.12,1,38.60,3.48
320,141,338.22,385.12,2,28.76,9.69
320,141,338.22,385.12,3,34.74,23.46
320,141,338.22,385.12,4,3.34,30.83
320,142,268.00,111.60,0,9.62,10.71
320,142,268.00,111.60,1,38.60,3.48
320,142,268.00,111.60,2,28.76,9.69
320,142,268.00,111.60,3,34.74,23.46
320,142,268.00,111.60,4,3.34,30.83
320,143,334.20,323.81,0,9.62,10.71
320,143,334.20,323.81,1,38.60,3.48
320,143,334.20,323.81,2,28.76,9.69
320,143,334.20,323.81,3,34.74,23.46
320,143,334.20,323.81,4,3.34,30.83
320,145,232.56,331.12,0,9.62,10.71
320,145,232.56,331.12,1,38.60,3.48
320,145,232.56,331.12,2,28.76,9.69
320,145,232.56,331.12,3,34.74,23.46
320,145,232.56,331.12,4,3.34,30.83
320,146,103.97,164.47,0,9.62,10.71
320,146,103.97,164.47,1,38.60,3.48
320,146,103.97,164.47,2,28.76,9.69
320,146,103.97,164.47,3,34.74,23.46
320,146,103.97,164.47,4,3.34,30.83
320,148,331.94,209.20,0,9.62,10.71
320,148,331.94,209.20,1,38.60,3.48
320,148,331.94,209.20,2,28.76,9.69
320,148,331.94,209.20,3,34.74,23.46
320,148,331.94,209.20,4,3.34,30.83
320,149,360.48,233.34,0,9.62,10.71
320,149,360.48,233.34,1,38.60,3.48
320,149,360.48,233.34,2,28.76,9.69
320,149,360.48,233.34,3,34.74,23.46
320,149,360.48,233.34,4,3.34,30.83
320,150,289.92,123.17,0,9.62,10.71
320,150,289.92,123.17,1,38.60,3.48
320,150,289.92,123.17,2,28.76,9.69
320,150,289.92,123.17,3,34.74,23.46
320,150,289.92,123.17,4,3.34,30.83
320,151,242.16,91.60,0,9.62,10.71
320,151,242.16,91.60,1,38.60,3.48
320,151,242.16,91.60,2,28.76,9.69
320,151,242.16,91.60,3,34.74,23.46
320,151,242.16,91.60,4,3.34,30.83
320,152,69.34,105.38,0,9.62,10.71
320,152,69.34,105.38,1,38.60,3.48
320,152,69.34,105.38,2,28.76,9.69
320,152,69.34,105.38,3,34.74,23.46
320,152,69.34,105.38,4,3.34,30.83
320,155,238.11,122.21,0,9.62,10.71
320,155,238.11,122.21,1,38.60,3.48
320,155,238.11,122.21,2,28.76,9.69
320,155,238.11,122.21,3,34.74,23.46
320,155,238.11,122.21,4,3.34,30.83
320,156,361.95,287.87,0,9.62,10.71
320,156,361.95,287.87,1,38.60,3.48
320,156,361.95,287.87,2,28.76,9.69
320,156,361.95,287.87,3,34.74,23.46
320,156,361.95,287.87,4,3.34,30.83
320,157,247.17,96.79,0,9.62,10.71
320,157,247.17,96.79,1,38.60,3.48
320,157,247.17,96.79,2,28.76,9.69
320,157,247.17,96.79,3,34.74,23.46
320,157,247.17,96.79,4,3.34,30.83
320,159,367.74,269.79,0,9.62,10.71
320,159,367.74,269.79,1,38.60,3.48
320,159,367.74,269.79,2,28.76,9.69
320,159,367.74,269.79,3,34.74,23.46
320,159,367.74,269.79,4,3.34,30.83
320,160,315.91,389.50,0,9.62,10.71
320,160,315.91,389.50,1,38.60,3.48
320,160,315.91,389.50,2,28.76,9.69
320,160,315.91,389.50,3,34.74,23.46
320,160,315.91,389.50,4,3.34,30.83
320,161,181.84,139.13,0,9.62,10.71
320,161,181.84,139.13,1,38.60,3.48
320,161,181.84,139.13,2,28.76,9.69
320,161,181.84,139.13,3,34.74,23.46
320,161,181.84,139.13,4,3.34,30.83
320,162,284.59,352.14,0,9.62,10.71
320,162,284.59,352.14,1,38.60,3.48
320,162,284.59,352.14,2,28.76,9.69
320,162,284.59,352.14,3,34.74,23.46
320,162,284.59,352.14,4,3.34,30.83
320,163,187.95,132.56,0,9.62,10.71
320,163,187.95,132.56,1,38.60,3.48
320,163,187.95,132.56,2,28.76,9.69
320,163,187.95,132.56,3,34.74,23.46
320,163,187.95,132.56,4,3.34,30.83
320,164,49.88,56.63,0,9.62,10.71
320,164,49.88,56.63,1,38.60,3.48
320,164,49.88,56.63,2,28.76,9.69
320,164,49.88,56.63,3,34.74,23.46
320,164,49.88,56.63,4,3.34,30.83
320,165,91.74,100.62,0,9.62,10.71
320,165,91.74,100.62,1,38.60,3.48
320,165,91.74,100.62,2,28.76,9.69
320,165,91.74,100.62,3,34.74,23.46
320,165,91.74,100.62,4,3.34,30.83
320,166,288.05,372.35,0,9.62,10.71
320,166,288.05,372.35,1,38.60,3.48
320,166,288.05,372.35,2,28.76,9.69
320,166,288.05,372.35,3,34.74,23.46
320,166,288.05,372.35,4,3.34,30.83
320,167,382.58,297.59,0,9.62,10.71
320,167,382.58,297.59,1,38.60,3.48
320,167,382.58,297.59,2,28.76,9.69
320,167,382.58,297.59,3,34.74,23.46
320,167,382.58,297.59,4,3.34,30.83
320,168,192.87,278.36,0,9.62,10.71
320,168,192.87,278.36,1,38.60,3.48
320,168,192.87,278.36,2,28.76,9.69
320,168,192.87,278.36,3,34.74,23.46
320,168,192.87,278.36,4,3.34,30.83
320,169,237.06,85.10,0,9.62,10.71
320,169,237.06,85.10,1,38.60,3.48
320,169,237.06,85.10,2,28.76,9.69
320,169,237.06,85.10,3,34.74,23.46
320,169,237.06,85.10,4,3.34,30.83
320,170,326.15,242.45,0,9.62,10.71
320,170,326.15,242.45,1,38.60,3.48
320,170,326.15,242.45,2,28.76,9.69
320,170,326.15,242.45,3,34.74,23.46
320,170,326.15,242.45,4,3.34,30.83
320,171,88.70,112.80,0,9.62,10.71
320,171,88.70,112.80,1,38.60,3.48
320,171,88.70,112.80,2,28.76,9.69
320,171,88.70,112.80,3,34.74,23.46
320,171,88.70,112.80,4,3.34,30.83
320,172,380.06,201.00,0,9.62,10.71
320,172,380.06,201.00,1,38.60,3.48
320,172,380.06,201.00,2,28.76,9.69
320,172,380.06,201.00,3,34.74,23.46
320,172,380.06,201.00,4,3.34,30.83
320,173,384.58,182.40,0,9.62,10.71
320,173,384.58,182.40,1,38.60,3.48
320,173,384.58,182.40,2,28.76,9.69
320,173,384.58,182.40,3,34.74,23.46
320,173,384.58,182.40,4,3.34,30.83
320,174,166.58,212.09,0,9.62,10.71
320,174,166.58,212.09,1,38.60,3.48
320,174,166.58,212.09,2,28.76,9.69
320,174,166.58,212.09,3,34.74,23.46
320,174,166.58,212.09,4,3.34,30.83
320,176,64.22,174.38,0,9.62,10.71
320,176,64.22,174.38,1,38.60,3.48
320,176,64.22,174.38,2,28.76,9.69
320,176,64.22,174.38,3,34.74,23.46
320,176,64.22,174.38,4,3.34,30.83
320,177,209.88,281.49,0,9.62,10.71
320,177,209.88,281.49,1,38.60,3.48
320,177,209.88,281.49,2,28.76,9.69
320,177,209.88,281.49,3,34.74,23.46
320,177,209.88,281.49,4,3.34,30.83
320,178,254.63,98.88,0,9.62,10.71
320,178,254.63,98.88,1,38.60,3.48
320,178,254.63,98.88,2,28.76,9.69
320,178,254.63,98.88,3,34.74,23.46
320,178,254.63,98.88,4,3.34,30.83
320,180,226.94,141.60,0,9.62,10.71
320,180,226.94,141.60,1,38.60,3.48
320,180,226.94,141.60,2,28.76,9.69
320,180,226.94,141.60,3,34.74,23.46
320,180,226.94,141.60,4,3.34,30.83
320,181,37.42,124.26,0,9.62,10.71
320,181,37.42,124.26,1,38.60,3.48
320,181,37.42,124.26,2,28.76,9.69
320,181,37.42,124.26,3,34.74,23.46
320,181,37.42,124.26,4,3.34,30.83
320,183,88.93,119.19,0,9.62,10.71
320,183,88.93,119.19,1,38.60,3.48
320,183,88.93,119.19,2,28.76,9.69
320,183,88.93,119.19,3,34.74,23.46
320,183,88.93,119.19,4,3.34,30.83
320,184,81.52,98.18,0,9.62,10.71
320,184,81.52,98.18,1,38.60,3.48
320,184,81.52,98.18,2,28.76,9.69
320,184,81.52,98.18,3,34.74,23.46
320,184,81.52,98.18,4,3.34,30.83
320,185,50.61,302.84,0,9.62,10.71
320,185,50.61,302.84,1,38.60,3.48
320,185,50.61,302.84,2,28.76,9.69
320,185,50.61,302.84,3,34.74,23.46
320,185,50.61,302.84,4,3.34,30.83
320,186,250.37,109.89,0,9.62,10.71
320,186,250.37,109.89,1,38.60,3.48
320,186,250.37,109.89,2,28.76,9.69
320,186,250.37,109.89,3,34.74,23.46
320,186,250.37,109.89,4,3.34,30.83
320,187,107.47,312.84,0,9.62,10.71
320,187,107.47,312.84,1,38.60,3.48
320,187,107.47,312.84,2,28.76,9.69
320,187,107.47,312.84,3,34.74,23.46
320,187,107.47,312.84,4,3.34,30.83
320,188,268.25,116.96,0,9.62,10.71
320,188,268.25,116.96,1,38.60,3.48
320,188,268.25,116.96,2,28.76,9.69
320,188,268.25,116.96,3,34.74,23.46
320,188,268.25,116.96,4,3.34,30.83
320,190,61.15,81.62,0,9.62,10.71
320,190,61.15,81.62,1,38.60,3.48
320,190,61.15,81.62,2,28.76,9.69
320,190,61.15,81.62,3,34.74,23.46
320,190,61.15,81.62,4,3.34,30.83
320,191,35.29,315.63,0,9.62,10.71
320,191,35.29,315.63,1,38.60,3.48
320,191,35.29,315.63,2,28.76,9.69
320,191,35.29,315.63,3,34.74,23.46
320,191,35.29,315.63,4,3.34,30.83
320,192,275.42,95.47,0,9.62,10.71
320,192,275.42,95.47,1,38.60,3.48
320,192,275.42,95.47,2,28.76,9.69
320,192,275.42,95.47,3,34.74,23.46
320,192,275.42,95.47,4,3.34,30.83
320,193,318.12,106.73,0,9.62,10.71
320,193,318.12,106.73,1,38.60,3.48
320,193,318.12,106.73,2,28.76,9.69
320,193,318.12,106.73,3,34.74,23.46
320,193,318.12,106.73,4,3.34,30.83
320,194,71.08,119.94,0,9.62,10.71
320,194,71.08,119.94,1,38.60,3.48
320,194,71.08,119.94,2,28.76,9.69
320,194,71.08,119.94,3,34.74,23.46
320,194,71.08,119.94,4,3.34,30.83
320,195,71.92,341.16,0,9.62,10.71
320,195,71.92,341.16,1,38.60,3.48
320,195,71.92,341.16,2,28.76,9.69
320,195,71.92,341.16,3,34.74,23.46
320,195,71.92,341.16,4,3.34,30.83
320,196,81.84,112.00,0,9.62,10.71
320,196,81.84,112.00,1,38.60,3.48
320,196,81.84,112.00,2,28.76,9.69
320,196,81.84,112.00,3,34.74,23.46
320,196,81.84,112.00,4,3.34,30.83
320,198,370.25,195.08,0,9.62,10.71
320,198,370.25,195.08,1,38.60,3.48
320,198,370.25,195.08,2,28.76,9.69
320,198,370.25,195.08,3,34.74,23.46
320,198,370.25,195.08,4,3.34,30.83
320,199,50.23,145.17,0,9.62,10.71
320,199,50.23,145.17,1,38.60,3.48
320,199,50.23,145.17,2,28.76,9.69
320,199,50.23,145.17,3,34.74,23.46
320,199,50.23,145.17,4,3.34,30.83
320,200,45.53,96.56,0,9.62,10.71
320,200,45.53,96.56,1,38.60,3.48
320,200,45.53,96.56,2,28.76,9.69
320,200,45.53,96.56,3,34.74,23.46
320,200,45.53,96.56,4,3.34,30.83
320,201,375.84,189.40,0,9.62,10.71
320,201,375.84,189.40,1,38.60,3.48
320,201,375.84,189.40,2,28.76,9.69
320,201,375.84,189.40,3,34.74,23.46
320,201,375.84,189.40,4,3.34,30.83
320,203,364.72,209.99,0,9.62,10.71
320,203,364.72,209.99,1,38.60,3.48
320,203,364.72,209.99,2,28.76,9.69
320,203,364.72,209.99,3,34.74,23.46
320,203,364.72,209.99,4,3.34,30.83
320,204,35.82,313.73,0,9.62,10.71
320,204,35.82,313.73,1,38.60,3.48
320,204,35.82,313.73,2,28.76,9.69
320,204,35.82,313.73,3,34.74,23.46
320,204,35.82,313.73,4,3.34,30.83
320,206,269.76,105.09,0,9.62,10.71
320,206,269.76,105.09,1,38.60,3.48
320,206,269.76,105.09,2,28.76,9.69
320,206,269.76,105.09,3,34.74,23.46
320,206,269.76,105.09,4,3.34,30.83
320,207,20.79,299.47,0,9.62,10.71
320,207,20.79,299.47,1,38.60,3.48
320,207,20.79,299.47,2,28.76,9.69
320,207,20.79,299.47,3,34.74,23.46
320,207,20.79,299.47,4,3.34,30.83
320,208,39.44,327.26,0,9.62,10.71
320,208,39.44,327.26,1,38.60,3.48
320,208,39.44,327.26,2,28.76,9.69
320,208,39.44,327.26,3,34.74,23.46
320,208,39.44,327.26,4,3.34,30.83
320,210,285.20,100.40,0,9.62,10.71
320,210,285.20,100.40,1,38.60,3.48
320,210,285.20,100.40,2,28.76,9.69
320,210,285.20,100.40,3,34.74,23.46
320,210,285.20,100.40,4,3.34,30.83
320,211,104.70,364.70,0,9.62,10.71
320,211,104.70,364.70,1,38.60,3.48
320,211,104.70,364.70,2,28.76,9.69
320,211,104.70,364.70,3,34.74,23.46
320,211,104.70,364.70,4,3.34,30.83
320,212,381.32,248.84,0,9.62,10.71
320,212,381.32,248.84,1,38.60,3.48
320,212,381.32,248.84,2,28.76,9.69
320,212,381.32,248.84,3,34.74,23.46
320,212,381.32,248.84,4,3.34,30.83
320,213,371.10,244.74,0,9.62,10.71
320,213,371.10,244.74,1,38.60,3.48
320,213,371.10,244.74,2,28.76,9.69
320,213,371.10,244.74,3,34.74,23.46
320,213,371.10,244.74,4,3.34,30.83
320,214,261.25,80.44,0,9.62,10.71
320,214,261.25,80.44,1,38.60,3.48
320,214,261.25,80.44,2,28.76,9.69
320,214,261.25,80.44,3,34.74,23.46
320,214,261.25,80.44,4,3.34,30.83
320,215,255.98,391.62,0,9.62,10.71
320,215,255.98,391.62,1,38.60,3.48
320,215,255.98,391.62,2,28.76,9.69
320,215,255.98,391.62,3,34.74,23.46
320,215,255.98,391.62,4,3.34,30.83
320,216,246.04,393.78,0,9.62,10.71
320,216,246.04,393.78,1,38.60,3.48
320,216,246.04,393.78,2,28.76,9.69
320,216,246.04,393.78,3,34.74,23.46
320,216,246.04,393.78,4,3.34,30.83
320,217,382.09,21.49,0,9.62,10.71
320,217,382.09,21.49,1,38.60,3.48
320,217,382.09,21.49,2,28.76,9.69
320,217,382.09,21.49,3,34.74,23.46
320,217,382.09,21.49,4,3.34,30.83
320,218,277.90,389.00,0,9.62,10.71
320,218,277.90,389.00,1,38.60,3.48
320,218,277.90,389.00,2,28.76,9.69
320,218,277.90,389.00,3,34.74,23.46
320,218,277.90,389.00,4,3.34,30.83
320,219,49.42,106.91,0,9.62,10.71
320,219,49.42,106.91,1,38.60,3.48
320,219,49.42,106.91,2,28.76,9.69
320,219,49.42,106.91,3,34.74,23.46
320,219,49.42,106.91,4,3.34,30.83
320,221,346.06,229.57,0,9.62,10.71
320,221,346.06,229.57,1,38.60,3.48
320,221,346.06,229.57,2,28.76,9.69
320,221,346.06,229.57,3,34.74,23.46
320,221,346.06,229.57,4,3.34,30.83
320,223,364.73,201.45,0,9.62,10.71
320,223,364.73,201.45,1,38.60,3.48
320,223,364.73,201.45,2,28.76,9.69
320,223,364.73,201.45,3,34.74,23.46
320,223,364.73,201.45,4,3.34,30.83
320,226,297.64,150.67,0,9.62,10.71
320,226,297.64,150.67,1,38.60,3.48
320,226,297.64,150.67,2,28.76,9.69
320,226,297.64,150.67,3,34.74,23.46
320,226,297.64,150.67,4,3.34,30.83
320,227,73.74,322.06,0,9.62,10.71
320,227,73.74,322.06,1,38.60,3.48
320,227,73.74,322.06,2,28.76,9.69
320,227,73.74,322.06,3,34.74,23.46
320,227,73.74,322.06,4,3.34,30.83
320,228,268.05,79.24,0,9.62,10.71
320,228,268.05,79.24,1,38.60,3.48
320,228,268.05,79.24,2,28.76,9.69
320,228,268.05,79.24,3,34.74,23.46
320,228,268.05,79.24,4,3.34,30.83
320,229,161.33,113.15,0,9.62,10.71
320,229,161.33,113.15,1,38.60,3.48
320,229,161.33,113.15,2,28.76,9.69
320,229,161.33,113.15,3,34.74,23.46
320,229,161.33,113.15,4,3.34,30.83
320,230,151.59,60.01,0,9.62,10.71
320,230,151.59,60.01,1,38.60,3.48
320,230,151.59,60.01,2,28.76,9.69
320,230,151.59,60.01,3,34.74,23.46
320,230,151.59,60.01,4,3.34,30.83
320,231,293.74,329.07,0,9.62,10.71
320,231,293.74,329.07,1,38.60,3.48
320,231,293.74,329.07,2,28.76,9.69
320,231,293.74,329.07,3,34.74,23.46
320,231,293.74,329.07,4,3.34,30.83
320,232,377.12,39.92,0,9.62,10.71
320,232,377.12,39.92,1,38.60,3.48
320,232,377.12,39.92,2,28.76,9.69
320,232,377.12,39.92,3,34.74,23.46
320,232,377.12,39.92,4,3.34,30.83
320,233,368.78,228.80,0,9.62,10.71
320,233,368.78,228.80,1,38.60,3.48
320,233,368.78,228.80,2,28.76,9.69
320,233,368.78,228.80,3,34.74,23.46
320,233,368.78,228.80,4,3.34,30.83
320,237,176.79,145.89,0,9.62,10.71
320,237,176.79,145.89,1,38.60,3.48
320,237,176.79,145.89,2,28.76,9.69
320,237,176.79,145.89,3,34.74,23.46
320,237,176.79,145.89,4,3.34,30.83
320,238,24.09,307.06,0,9.62,10.71
320,238,24.09,307.06,1,38.60,3.48
320,238,24.09,307.06,2,28.76,9.69
320,238,24.09,307.06,3,34.74,23.46
320,238,24.09,307.06,4,3.34,30.83
320,239,226.36,118.99,0,9.62,10.71
320,239,226.36,118.99,1,38.60,3.48
320,239,226.36,118.99,2,28.76,9.69
320,239,226.36,118.99,3,34.74,23.46
320,239,226.36,118.99,4,3.34,30.83
320,240,118.94,242.88,0,9.62,10.71
320,240,118.94,242.88,1,38.60,3.48
320,240,118.94,242.88,2,28.76,9.69
320,240,118.94,242.88,3,34.74,23.46
320,240,118.94,242.88,4,3.34,30.83
320,241,381.14,204.83,0,9.62,10.71
320,241,381.14,204.83,1,38.60,3.48
320,241,381.14,204.83,2,28.76,9.69
320,241,381.14,204.83,3,34.74,23.46
320,241,381.14,204.83,4,3.34,30.83
320,242,201.56,228.01,0,9.62,10.71
320,242,201.56,228.01,1,38.60,3.48
320,242,201.56,228.01,2,28.76,9.69
320,242,201.56,228.01,3,34.74,23.46
320,242,201.56,228.01,4,3.34,30.83
320,243,34.11,301.30,0,9.62,10.71
320,243,34.11,301.30,1,38.60,3.48
320,243,34.11,301.30,2,28.76,9.69
320,243,34.11,301.30,3,34.74,23.46
320,243,34.11,301.30,4,3.34,30.83
320,244,168.33,328.88,0,9.62,10.71
320,244,168.33,328.88,1,38.60,3.48
320,244,168.33,328.88,2,28.76,9.69
320,244,168.33,328.88,3,34.74,23.46
320,244,168.33,328.88,4,3.34,30.83
320,245,236.23,136.16,0,9.62,10.71
320,245,236.23,136.16,1,38.60,3.48
320,245,236.23,136.16,2,28.76,9.69
320,245,236.23,136.16,3,34.74,23.46
320,245,236.23,136.16,4,3.34,30.83
320,246,352.41,222.85,0,9.62,10.71
320,246,352.41,222.85,1,38.60,3.48
320,246,352.41,222.85,2,28.76,9.69
320,246,352.41,222.85,3,34.74,23.46
320,246,352.41,222.85,4,3.34,30.83
320,248,381.39,279.87,0,9.62,10.71
320,248,381.39,279.87,1,38.60,3.48
320,248,381.39,279.87,2,28.76,9.69
320,248,381.39,279.87,3,34.74,23.46
320,248,381.39,279.87,4,3.34,30.83
320,249,371.80,393.08,0,9.62,10.71
320,249,371.80,393.08,1,38.60,3.48
320,249,371.80,393.08,2,28.76,9.69
320,249,371.80,393.08,3,34.74,23.46
320,249,371.80,393.08,4,3.34,30.83
320,250,246.09,295.67,0,9.62,10.71
320,250,246.09,295.67,1,38.60,3.48
320,250,246.09,295.67,2,28.76,9.69
320,250,246.09,295.67,3,34.74,23.46
320,250,246.09,295.67,4,3.34,30.83
320,251,55.11,306.75,0,9.62,10.71
320,251,55.11,306.75,1,38.60,3.48
320,251,55.11,306.75,2,28.76,9.69
320,251,55.11,306.75,3,34.74,23.46
320,251,55.11,306.75,4,3.34,30.83
320,252,36.69,90.84,0,9.62,10.71
320,252,36.69,90.84,1,38.60,3.48
320,252,36.69,90.84,2,28.76,9.69
320,252,36.69,90.84,3,34.74,23.46
320,252,36.69,90.84,4,3.34,30.83
320,253,343.84,193.34,0,9.62,10.71
320,253,343.84,193.34,1,38.60,3.48
320,253,343.84,193.34,2,28.76,9.69
320,253,343.84,193.34,3,34.74,23.46
320,253,343.84,193.34,4,3.34,30.83
320,254,367.27,173.87,0,9.62,10.71
320,254,367.27,173.87,1,38.60,3.48
320,254,367.27,173.87,2,28.76,9.69
320,254,367.27,173.87,3,34.74,23.46
320,254,367.27,173.87,4,3.34,30.83
320,255,25.08,311.36,0,9.62,10.71
320,255,25.08,311.36,1,38.60,3.48
320,255,25.08,311.36,2,28.76,9.69
320,255,25.08,311.36,3,34.74,23.46
320,255,25.08,311.36,4,3.34,30.83
320,256,89.46,106.43,0,9.62,10.71
320,256,89.46,106.43,1,38.60,3.48
320,256,89.46,106.43,2,28.76,9.69
320,256,89.46,106.43,3,34.74,23.46
320,256,89.46,106.43,4,3.34,30.83
320,257,378.45,192.33,0,9.62,10.71
320,257,378.45,192.33,1,38.60,3.48
320,257,378.45,192.33,2,28.76,9.69
320,257,378.45,192.33,3,34.74,23.46
320,257,378.45,192.33,4,3.34,30.83
320,258,380.49,45.72,0,9.62,10.71
320,258,380.49,45.72,1,38.60,3.48
320,258,380.49,45.72,2,28.76,9.69
320,258,380.49,45.72,3,34.74,23.46
320,258,380.49,45.72,4,3.34,30.83
320,259,93.32,105.18,0,9.62,10.71
320,259,93.32,105.18,1,38.60,3.48
320,259,93.32,105.18,2,28.76,9.69
320,259,93.32,105.18,3,34.74,23.46
320,259,93.32,105.18,4,3.34,30.83
320,260,312.21,372.16,0,9.62,10.71
320,260,312.21,372.16,1,38.60,3.48
320,260,312.21,372.16,2,28.76,9.69
320,260,312.21,372.16,3,34.74,23.46
320,260,312.21,372.16,4,3.34,30.83
320,261,52.66,333.71,0,9.62,10.71
320,261,52.66,333.71,1,38.60,3.48
320,261,52.66,333.71,2,28.76,9.69
320,261,52.66,333.71,3,34.74,23.46
320,261,52.66,333.71,4,3.34,30.83
320,262,157.62,101.90,0,9.62,10.71
320,262,157.62,101.90,1,38.60,3.48
320,262,157.62,101.90,2,28.76,9.69
320,262,157.62,101.90,3,34.74,23.46
320,262,157.62,101.90,4,3.34,30.83
320,263,160.48,86.70,0,9.62,10.71
320,263,160.48,86.70,1,38.60,3.48
320,263,160.48,86.70,2,28.76,9.69
320,263,160.48,86.70,3,34.74,23.46
320,263,160.48,86.70,4,3.34,30.83
320,264,60.48,133.50,0,9.62,10.71
320,264,60.48,133.50,1,38.60,3.48
320,264,60.48,133.50,2,28.76,9.69
320,264,60.48,133.50,3,34.74,23.46
320,264,60.48,133.50,4,3.34,30.83
320,265,222.64,329.19,0,9.62,10.71
320,265,222.64,329.19,1,38.60,3.48
320,265,222.64,329.19,2,28.76,9.69
320,265,222.64,329.19,3,34.74,23.46
320,265,222.64,329.19,4,3.34,30.83
320,266,84.26,305.58,0,9.62,10.71
320,266,84.26,305.58,1,38.60,3.48
320,266,84.26,305.58,2,28.76,9.69
320,266,84.26,305.58,3,34.74,23.46
320,266,84.26,305.58,4,3.34,30.83
320,267,211.04,73.34,0,9.62,10.71
320,267,211.04,73.34,1,38.60,3.48
320,267,211.04,73.34,2,28.76,9.69
320,267,211.04,73.34,3,34.74,23.46
320,267,211.04,73.34,4,3.34,30.83
320,268,239.22,103.69,0,9.62,10.71
320,268,239.22,103.69,1,38.60,3.48
320,268,239.22,103.69,2,28.76,9.69
320,268,239.22,103.69,3,34.74,23.46
320,268,239.22,103.69,4,3.34,30.83
320,269,40.98,131.25,0,9.62,10.71
320,269,40.98,131.25,1,38.60,3.48
320,269,40.98,131.25,2,28.76,9.69
320,269,40.98,131.25,3,34.74,23.46
320,269,40.98,131.25,4,3.34,30.83
320,270,39.90,305.00,0,9.62,10.71
320,270,39.90,305.00,1,38.60,3.48
320,270,39.90,305.00,2,28.76,9.69
320,270,39.90,305.00,3,34.74,23.46
320,270,39.90,305.00,4,3.34,30.83
320,271,69.68,115.74,0,9.62,10.71
320,271,69.68,115.74,1,38.60,3.48
320,271,69.68,115.74,2,28.76,9.69
320,271,69.68,115.74,3,34.74,23.46
320,271,69.68,115.74,4,3.34,30.83
320,273,26.70,296.16,0,9.62,10.71
320,273,26.70,296.16,1,38.60,3.48
320,273,26.70,296.16,2,28.76,9.69
320,273,26.70,296.16,3,34.74,23.46
320,273,26.70,296.16,4,3.34,30.83
320,274,99.32,35.42,0,9.62,10.71
320,274,99.32,35.42,1,38.60,3.48
320,274,99.32,35.42,2,28.76,9.69
320,274,99.32,35.42,3,34.74,23.46
320,274,99.32,35.42,4,3.34,30.83
320,275,334.27,217.54,0,9.62,10.71
320,275,334.27,217.54,1,38.60,3.48
320,275,334.27,217.54,2,28.76,9.69
320,275,334.27,217.54,3,34.74,23.46
320,275,334.27,217.54,4,3.34,30.83
320,276,340.20,224.35,0,9.62,10.71
320,276,340.20,224.35,1,38.60,3.48
320,276,340.20,224.35,2,28.76,9.69
320,276,340.20,224.35,3,34.74,23.46
320,276,340.20,224.35,4,3.34,30.83
320,277,307.76,187.41,0,9.62,10.71
320,277,307.76,187.41,1,38.60,3.48
320,277,307.76,187.41,2,28.76,9.69
320,277,307.76,187.41,3,34.74,23.46
320,277,307.76,187.41,4,3.34,30.83
320,278,63.98,361.10,0,9.62,10.71
320,278,63.98,361.10,1,38.60,3.48
320,278,63.98,361.10,2,28.76,9.69
320,278,63.98,361.10,3,34.74,23.46
320,278,63.98,361.10,4,3.34,30.83
320,279,228.41,390.98,0,9.62,10.71
320,279,228.41,390.98,1,38.60,3.48
320,279,228.41,390.98,2,28.76,9.69
320,279,228.41,390.98,3,34.74,23.46
320,279,228.41,390.98,4,3.34,30.83
320,281,245.14,66.17,0,9.62,10.71
320,281,245.14,66.17,1,38.60,3.48
320,281,245.14,66.17,2,28.76,9.69
320,281,245.14,66.17,3,34.74,23.46
320,281,245.14,66.17,4,3.34,30.83
320,282,371.77,195.68,0,9.62,10.71
320,282,371.77,195.68,1,38.60,3.48
320,282,371.77,195.68,2,28.76,9.69
320,282,371.77,195.68,3,34.74,23.46
320,282,371.77,195.68,4,3.34,30.83
320,283,348.53,184.39,0,9.62,10.71
320,283,348.53,184.39,1,38.60,3.48
320,283,348.53,184.39,2,28.76,9.69
320,283,348.53,184.39,3,34.74,23.46
320,283,348.53,184.39,4,3.34,30.83
320,284,259.70,96.52,0,9.62,10.71
320,284,259.70,96.52,1,38.60,3.48
320,284,259.70,96.52,2,28.76,9.69
320,284,259.70,96.52,3,34.74,23.46
320,284,259.70,96.52,4,3.34,30.83
320,285,222.47,353.13,0,9.62,10.71
320,285,222.47,353.13,1,38.60,3.48
320,285,222.47,353.13,2,28.76,9.69
320,285,222.47,353.13,3,34.74,23.46
320,285,222.47,353.13,4,3.34,30.83
320,286,248.28,348.66,0,9.62,10.71
320,286,248.28,348.66,1,38.60,3.48
320,286,248.28,348.66,2,28.76,9.69
320,286,248.28,348.66,3,34.74,23.46
320,286,248.28,348.66,4,3.34,30.83
320,288,99.68,24.82,0,9.62,10.71
320,288,99.68,24.82,1,38.60,3.48
320,288,99.68,24.82,2,28.76,9.69
320,288,99.68,24.82,3,34.74,23.46
320,288,99.68,24.82,4,3.34,30.83
320,289,48.74,310.90,0,9.62,10.71
320,289,48.74,310.90,1,38.60,3.48
320,289,48.74,310.90,2,28.76,9.69
320,289,48.74,310.90,3,34.74,23.46
320,289,48.74,310.90,4,3.34,30.83
320,290,334.61,243.15,0,9.62,10.71
320,290,334.61,243.15,1,38.60,3.48
320,290,334.61,243.15,2,28.76,9.69
320,290,334.61,243.15,3,34.74,23.46
320,290,334.61,243.15,4,3.34,30.83
320,291,66.53,71.50,0,9.62,10.71
320,291,66.53,71.50,1,38.60,3.48
320,291,66.53,71.50,2,28.76,9.69
320,291,66.53,71.50,3,34.74,23.46
320,291,66.53,71.50,4,3.34,30.83
320,292,277.80,299.91,0,9.62,10.71
320,292,277.80,299.91,1,38.60,3.48
320,292,277.80,299.91,2,28.76,9.69
320,292,277.80,299.91,3,34.74,23.46
320,292,277.80,299.91,4,3.34,30.83
320,293,256.56,104.31,0,9.62,10.71
320,293,256.56,104.31,1,38.60,3.48
320,293,256.56,104.31,2,28.76,9.69
320,293,256.56,104.31,3,34.74,23.46
320,293,256.56,104.31,4,3.34,30.83
320,294,72.00,334.09,0,9.62,10.71
320,294,72.00,334.09,1,38.60,3.48
320,294,72.00,334.09,2,28.76,9.69
320,294,72.00,334.09,3,34.74,23.46
320,294,72.00,334.09,4,3.34,30.83
320,297,375.58,173.26,0,9.62,10.71
320,297,375.58,173.26,1,38.60,3.48
320,297,375.58,173.26,2,28.76,9.69
320,297,375.58,173.26,3,34.74,23.46
320,297,375.58,173.26,4,3.34,30.83
320,298,386.06,42.06,0,9.62,10.71
320,298,386.06,42.06,1,38.60,3.48
320,298,386.06,42.06,2,28.76,9.69
320,298,386.06,42.06,3,34.74,23.46
320,298,386.06,42.06,4,3.34,30.83
320,300,213.78,340.06,0,9.62,10.71
320,300,213.78,340.06,1,38.60,3.48
320,300,213.78,340.06,2,28.76,9.69
320,300,213.78,340.06,3,34.74,23.46
320,300,213.78,340.06,4,3.34,30.83
330,2,82.20,103.48,0,9.49,10.29
330,2,82.20,103.48,1,38.60,2.88
330,2,82.20,103.48,2,28.81,9.69
330,2,82.20,103.48,3,34.74,23.46
330,2,82.20,103.48,4,3.34,30.83
330,3,185.46,284.86,0,9.49,10.29
330,3,185.46,284.86,1,38.60,2.88
330,3,185.46,284.86,2,28.81,9.69
330,3,185.46,284.86,3,34.74,23.46
330,3,185.46,284.86,4,3.34,30.83
330,6,52.71,297.33,0,9.49,10.29
330,6,52.71,297.33,1,38.60,2.88
330,6,52.71,297.33,2,28.81,9.69
330,6,52.71,297.33,3,34.74,23.46
330,6,52.71,297.33,4,3.34,30.83
330,8,94.91,366.03,0,9.49,10.29
330,8,94.91,366.03,1,38.60,2.88
330,8,94.91,366.03,2,28.81,9.69
330,8,94.91,366.03,3,34.74,23.46
330,8,94.91,366.03,4,3.34,30.83
330,9,309.93,204.04,0,9.49,10.29
330,9,309.93,204.04,1,38.60,2.88
330,9,309.93,204.04,2,28.81,9.69
330,9,309.93,204.04,3,34.74,23.46
330,9,309.93,204.04,4,3.34,30.83
330,11,178.02,109.59,0,9.49,10.29
330,11,178.02,109.59,1,38.60,2.88
330,11,178.02,109.59,2,28.81,9.69
330,11,178.02,109.59,3,34.74,23.46
330,11,178.02,109.59,4,3.34,30.83
330,13,141.15,95.44,0,9.49,10.29
330,13,141.15,95.44,1,38.60,2.88
330,13,141.15,95.44,2,28.81,9.69
330,13,141.15,95.44,3,34.74,23.46
330,13,141.15,95.44,4,3.34,30.83
330,14,16.63,331.26,0,9.49,10.29
330,14,16.63,331.26,1,38.60,2.88
330,14,16.63,331.26,2,28.81,9.69
330,14,16.63,331.26,3,34.74,23.46
330,14,16.63,331.26,4,3.34,30.83
330,15,22.92,315.32,0,9.49,10.29
330,15,22.92,315.32,1,38.60,2.88
330,15,22.92,315.32,2,28.81,9.69
330,15,22.92,315.32,3,34.74,23.46
330,15,22.92,315.32,4,3.34,30.83
330,16,350.33,244.24,0,9.49,10.29
330,16,350.33,244.24,1,38.60,2.88
330,16,350.33,244.24,2,28.81,9.69
330,16,350.33,244.24,3,34.74,23.46
330,16,350.33,244.24,4,3.34,30.83
330,18,151.26,335.91,0,9.49,10.29
330,18,151.26,335.91,1,38.60,2.88
330,18,151.26,335.91,2,28.81,9.69
330,18,151.26,335.91,3,34.74,23.46
330,18,151.26,335.91,4,3.34,30.83
330,19,40.51,313.32,0,9.49,10.29
330,19,40.51,313.32,1,38.60,2.88
330,19,40.51,313.32,2,28.81,9.69
330,19,40.51,313.32,3,34.74,23.46
330,19,40.51,313.32,4,3.34,30.83
330,20,211.62,393.33,0,9.49,10.29
330,20,211.62,393.33,1,38.60,2.88
330,20,211.62,393.33,2,28.81,9.69
330,20,211.62,393.33,3,34.74,23.46
330,20,211.62,393.33,4,3.34,30.83
330,21,381.42,168.38,0,9.49,10.29
330,21,381.42,168.38,1,38.60,2.88
330,21,381.42,168.38,2,28.81,9.69
330,21,381.42,168.38,3,34.74,23.46
330,21,381.42,168.38,4,3.34,30.83
330,22,297.63,375.26,0,9.49,10.29
330,22,297.63,375.26,1,38.60,2.88
330,22,297.63,375.26,2,28.81,9.69
330,22,297.63,375.26,3,34.74,23.46
330,22,297.63,375.26,4,3.34,30.83
330,23,358.20,224.45,0,9.49,10.29
330,23,358.20,224.45,1,38.60,2.88
330,23,358.20,224.45,2,28.81,9.69
330,23,358.20,224.45,3,34.74,23.46
330,23,358.20,224.45,4,3.34,30.83
330,24,129.53,93.01,0,9.49,10.29
330,24,129.53,93.01,1,38.60,2.88
330,24,129.53,93.01,2,28.81,9.69
330,24,129.53,93.01,3,34.74,23.46
330,24,129.53,93.01,4,3.34,30.83
330,26,291.90,62.36,0,9.49,10.29
330,26,291.90,62.36,1,38.60,2.88
330,26,291.90,62.36,2,28.81,9.69
330,26,291.90,62.36,3,34.74,23.46
330,26,291.90,62.36,4,3.34,30.83
330,28,384.57,332.93,0,9.49,10.29
330,28,384.57,332.93,1,38.60,2.88
330,28,384.57,332.93,2,28.81,9.69
330,28,384.57,332.93,3,34.74,23.46
330,28,384.57,332.93,4,3.34,30.83
330,29,112.55,285.77,0,9.49,10.29
330,29,112.55,285.77,1,38.60,2.88
330,29,112.55,285.77,2,28.81,9.69
330,29,112.55,285.77,3,34.74,23.46
330,29,112.55,285.77,4,3.34,30.83
330,31,237.36,67.80,0,9.49,10.29
330,31,237.36,67.80,1,38.60,2.88
330,31,237.36,67.80,2,28.81,9.69
330,31,237.36,67.80,3,34.74,23.46
330,31,237.36,67.80,4,3.34,30.83
330,34,251.00,103.07,0,9.49,10.29
330,34,251.00,103.07,1,38.60,2.88
330,34,251.00,103.07,2,28.81,9.69
330,34,251.00,103.07,3,34.74,23.46
330,34,251.00,103.07,4,3.34,30.83
330,35,352.32,208.12,0,9.49,10.29
330,35,352.32,208.12,1,38.60,2.88
330,35,352.32,208.12,2,28.81,9.69
330,35,352.32,208.12,3,34.74,23.46
330,35,352.32,208.12,4,3.34,30.83
330,36,50.15,319.24,0,9.49,10.29
330,36,50.15,319.24,1,38.60,2.88
330,36,50.15,319.24,2,28.81,9.69
330,36,50.15,319.24,3,34.74,23.46
330,36,50.15,319.24,4,3.34,30.83
330,37,343.27,238.97,0,9.49,10.29
330,37,343.27,238.97,1,38.60,2.88
330,37,343.27,238.97,2,28.81,9.69
330,37,343.27,238.97,3,34.74,23.46
330,37,343.27,238.97,4,3.34,30.83
330,38,100.79,245.28,0,9.49,10.29
330,38,100.79,245.28,1,38.60,2.88
330,38,100.79,245.28,2,28.81,9.69
330,38,100.79,245.28,3,34.74,23.46
330,38,100.79,245.28,4,3.34,30.83
330,39,97.53,163.45,0,9.49,10.29
330,39,97.53,163.45,1,38.60,2.88
330,39,97.53,163.45,2,28.81,9.69
330,39,97.53,163.45,3,34.74,23.46
330,39,97.53,163.45,4,3.34,30.83
330,40,291.72,100.47,0,9.49,10.29
330,40,291.72,100.47,1,38.60,2.88
330,40,291.72,100.47,2,28.81,9.69
330,40,291.72,100.47,3,34.74,23.46
330,40,291.72,100.47,4,3.34,30.83
330,41,273.32,285.29,0,9.49,10.29
330,41,273.32,285.29,1,38.60,2.88
330,41,273.32,285.29,2,28.81,9.69
330,41,273.32,285.29,3,34.74,23.46
330,41,273.32,285.29,4,3.34,30.83
330,42,364.30,221.49,0,9.49,10.29
330,42,364.30,221.49,1,38.60,2.88
330,42,364.30,221.49,2,28.81,9.69
330,42,364.30,221.49,3,34.74,23.46
330,42,364.30,221.49,4,3.34,30.83
330,43,269.19,94.72,0,9.49,10.29
330,43,269.19,94.72,1,38.60,2.88
330,43,269.19,94.72,2,28.81,9.69
330,43,269.19,94.72,3,34.74,23.46
330,43,269.19,94.72,4,3.34,30.83
330,46,44.22,321.14,0,9.49,10.29
330,46,44.22,321.14,1,38.60,2.88
330,46,44.22,321.14,2,28.81,9.69
330,46,44.22,321.14,3,34.74,23.46
330,46,44.22,321.14,4,3.34,30.83
330,49,246.11,109.82,0,9.49,10.29
330,49,246.11,109.82,1,38.60,2.88
330,49,246.11,109.82,2,28.81,9.69
330,49,246.11,109.82,3,34.74,23.46
330,49,246.11,109.82,4,3.34,30.83
330,50,331.47,286.56,0,9.49,10.29
330,50,331.47,286.56,1,38.60,2.88
330,50,331.47,286.56,2,28.81,9.69
330,50,331.47,286.56,3,34.74,23.46
330,50,331.47,286.56,4,3.34,30.83
330,53,316.32,222.93,0,9.49,10.29
330,53,316.32,222.93,1,38.60,2.88
330,53,316.32,222.93,2,28.81,9.69
330,53,316.32,222.93,3,34.74,23.46
330,53,316.32,222.93,4,3.34,30.83
330,54,373.33,32.57,0,9.49,10.29
330,54,373.33,32.57,1,38.60,2.88
330,54,373.33,32.57,2,28.81,9.69
330,54,373.33,32.57,3,34.74,23.46
330,54,373.33,32.57,4,3.34,30.83
330,55,321.00,230.13,0,9.49,10.29
330,55,321.00,230.13,1,38.60,2.88
330,55,321.00,230.13,2,28.81,9.69
330,55,321.00,230.13,3,34.74,23.46
330,55,321.00,230.13,4,3.34,30.83
330,56,354.12,199.01,0,9.49,10.29
330,56,354.12,199.01,1,38.60,2.88
330,56,354.12,199.01,2,28.81,9.69
330,56,354.12,199.01,3,34.74,23.46
330,56,354.12,199.01,4,3.34,30.83
330,57,83.03,144.63,0,9.49,10.29
330,57,83.03,144.63,1,38.60,2.88
330,57,83.03,144.63,2,28.81,9.69
330,57,83.03,144.63,3,34.74,23.46
330,57,83.03,144.63,4,3.34,30.83
330,60,155.90,291.39,0,9.49,10.29
330,60,155.90,291.39,1,38.60,2.88
330,60,155.90,291.39,2,28.81,9.69
330,60,155.90,291.39,3,34.74,23.46
330,60,155.90,291.39,4,3.34,30.83
330,61,75.76,126.04,0,9.49,10.29
330,61,75.76,126.04,1,38.60,2.88
330,61,75.76,126.04,2,28.81,9.69
330,61,75.76,126.04,3,34.74,23.46
330,61,75.76,126.04,4,3.34,30.83
330,62,33.17,336.98,0,9.49,10.29
330,62,33.17,336.98,1,38.60,2.88
330,62,33.17,336.98,2,28.81,9.69
330,62,33.17,336.98,3,34.74,23.46
330,62,33.17,336.98,4,3.34,30.83
330,63,93.19,137.05,0,9.49,10.29
330,63,93.19,137.05,1,38.60,2.88
330,63,93.19,137.05,2,28.81,9.69
330,63,93.19,137.05,3,34.74,23.46
330,63,93.19,137.05,4,3.34,30.83
330,65,351.77,235.50,0,9.49,10.29
330,65,351.77,235.50,1,38.60,2.88
330,65,351.77,235.50,2,28.81,9.69
330,65,351.77,235.50,3,34.74,23.46
330,65,351.77,235.50,4,3.34,30.83
330,66,66.28,345.72,0,9.49,10.29
330,66,66.28,345.72,1,38.60,2.88
330,66,66.28,345.72,2,28.81,9.69
330,66,66.28,345.72,3,34.74,23.46
330,66,66.28,345.72,4,3.34,30.83
330,67,58.17,188.93,0,9.49,10.29
330,67,58.17,188.93,1,38.60,2.88
330,67,58.17,188.93,2,28.81,9.69
330,67,58.17,188.93,3,34.74,23.46
330,67,58.17,188.93,4,3.34,30.83
330,68,209.78,332.50,0,9.49,10.29
330,68,209.78,332.50,1,38.60,2.88
330,68,209.78,332.50,2,28.81,9.69
330,68,209.78,332.50,3,34.74,23.46
330,68,209.78,332.50,4,3.34,30.83
330,69,384.58,323.96,0,9.49,10.29
330,69,384.58,323.96,1,38.60,2.88
330,69,384.58,323.96,2,28.81,9.69
330,69,384.58,323.96,3,34.74,23.46
330,69,384.58,323.96,4,3.34,30.83
330,70,277.94,98.82,0,9.49,10.29
330,70,277.94,98.82,1,38.60,2.88
330,70,277.94,98.82,2,28.81,9.69
330,70,277.94,98.82,3,34.74,23.46
330,70,277.94,98.82,4,3.34,30.83
330,71,34.50,325.81,0,9.49,10.29
330,71,34.50,325.81,1,38.60,2.88
330,71,34.50,325.81,2,28.81,9.69
330,71,34.50,325.81,3,34.74,23.46
330,71,34.50,325.81,4,3.34,30.83
330,72,25.83,335.82,0,9.49,10.29
330,72,25.83,335.82,1,38.60,2.88
330,72,25.83,335.82,2,28.81,9.69
330,72,25.83,335.82,3,34.74,23.46
330,72,25.83,335.82,4,3.34,30.83
330,73,382.67,199.04,0,9.49,10.29
330,73,382.67,199.04,1,38.60,2.88
330,73,382.67,199.04,2,28.81,9.69
330,73,382.67,199.04,3,34.74,23.46
330,73,382.67,199.04,4,3.34,30.83
330,74,263.34,89.66,0,9.49,10.29
330,74,263.34,89.66,1,38.60,2.88
330,74,263.34,89.66,2,28.81,9.69
330,74,263.34,89.66,3,34.74,23.46
330,74,263.34,89.66,4,3.34,30.83
330,75,238.52,96.49,0,9.49,10.29
330,75,238.52,96.49,1,38.60,2.88
330,75,238.52,96.49,2,28.81,9.69
330,75,238.52,96.49,3,34.74,23.46
330,75,238.52,96.49,4,3.34,30.83
330,76,375.74,181.73,0,9.49,10.29
330,76,375.74,181.73,1,38.60,2.88
330,76,375.74,181.73,2,28.81,9.69
330,76,375.74,181.73,3,34.74,23.46
330,76,375.74,181.73,4,3.34,30.83
330,77,84.78,125.56,0,9.49,10.29
330,77,84.78,125.56,1,38.60,2.88
330,77,84.78,125.56,2,28.81,9.69
330,77,84.78,125.56,3,34.74,23.46
330,77,84.78,125.56,4,3.34,30.83
330,78,199.03,378.70,0,9.49,10.29
330,78,199.03,378.70,1,38.60,2.88
330,78,199.03,378.70,2,28.81,9.69
330,78,199.03,378.70,3,34.74,23.46
330,78,199.03,378.70,4,3.34,30.83
330,81,259.94,355.13,0,9.49,10.29
330,81,259.94,355.13,1,38.60,2.88
330,81,259.94,355.13,2,28.81,9.69
330,81,259.94,355.13,3,34.74,23.46
330,81,259.94,355.13,4,3.34,30.83
330,82,334.53,140.26,0,9.49,10.29
330,82,334.53,140.26,1,38.60,2.88
330,82,334.53,140.26,2,28.81,9.69
330,82,334.53,140.26,3,34.74,23.46
330,82,334.53,140.26,4,3.34,30.83
330,83,211.18,58.11,0,9.49,10.29
330,83,211.18,58.11,1,38.60,2.88
330,83,211.18,58.11,2,28.81,9.69
330,83,211.18,58.11,3,34.74,23.46
330,83,211.18,58.11,4,3.34,30.83
330,84,221.19,290.14,0,9.49,10.29
330,84,221.19,290.14,1,38.60,2.88
330,84,221.19,290.14,2,28.81,9.69
330,84,221.19,290.14,3,34.74,23.46
330,84,221.19,290.14,4,3.34,30.83
330,85,363.59,183.61,0,9.49,10.29
330,85,363.59,183.61,1,38.60,2.88
330,85,363.59,183.61,2,28.81,9.69
330,85,363.59,183.61,3,34.74,23.46
330,85,363.59,183.61,4,3.34,30.83
330,86,67.61,117.53,0,9.49,10.29
330,86,67.61,117.53,1,38.60,2.88
330,86,67.61,117.53,2,28.81,9.69
330,86,67.61,117.53,3,34.74,23.46
330,86,67.61,117.53,4,3.34,30.83
330,87,389.75,24.52,0,9.49,10.29
330,87,389.75,24.52,1,38.60,2.88
330,87,389.75,24.52,2,28.81,9.69
330,87,389.75,24.52,3,34.74,23.46
330,87,389.75,24.52,4,3.34,30.83
330,88,151.17,305.17,0,9.49,10.29
330,88,151.17,305.17,1,38.60,2.88
330,88,151.17,305.17,2,28.81,9.69
330,88,151.17,305.17,3,34.74,23.46
330,88,151.17,305.17,4,3.34,30.83
330,89,295.48,84.87,0,9.49,10.29
330,89,295.48,84.87,1,38.60,2.88
330,89,295.48,84.87,2,28.81,9.69
330,89,295.48,84.87,3,34.74,23.46
330,89,295.48,84.87,4,3.34,30.83
330,90,231.00,76.43,0,9.49,10.29
330,90,231.00,76.43,1,38.60,2.88
330,90,231.00,76.43,2,28.81,9.69
330,90,231.00,76.43,3,34.74,23.46
330,90,231.00,76.43,4,3.34,30.83
330,93,278.87,89.54,0,9.49,10.29
330,93,278.87,89.54,1,38.60,2.88
330,93,278.87,89.54,2,28.81,9.69
330,93,278.87,89.54,3,34.74,23.46
330,93,278.87,89.54,4,3.34,30.83
330,94,22.15,322.01,0,9.49,10.29
330,94,22.15,322.01,1,38.60,2.88
330,94,22.15,322.01,2,28.81,9.69
330,94,22.15,322.01,3,34.74,23.46
330,94,22.15,322.01,4,3.34,30.83
330,95,358.97,191.65,0,9.49,10.29
330,95,358.97,191.65,1,38.60,2.88
330,95,358.97,191.65,2,28.81,9.69
330,95,358.97,191.65,3,34.74,23.46
330,95,358.97,191.65,4,3.34,30.83
330,96,76.66,137.47,0,9.49,10.29
330,96,76.66,137.47,1,38.60,2.88
330,96,76.66,137.47,2,28.81,9.69
330,96,76.66,137.47,3,34.74,23.46
330,96,76.66,137.47,4,3.34,30.83
330,97,268.79,125.40,0,9.49,10.29
330,97,268.79,125.40,1,38.60,2.88
330,97,268.79,125.40,2,28.81,9.69
330,97,268.79,125.40,3,34.74,23.46
330,97,268.79,125.40,4,3.34,30.83
330,98,375.62,26.88,0,9.49,10.29
330,98,375.62,26.88,1,38.60,2.88
330,98,375.62,26.88,2,28.81,9.69
330,98,375.62,26.88,3,34.74,23.46
330,98,375.62,26.88,4,3.34,30.83
330,102,66.75,142.14,0,9.49,10.29
330,102,66.75,142.14,1,38.60,2.88
330,102,66.75,142.14,2,28.81,9.69
330,102,66.75,142.14,3,34.74,23.46
330,102,66.75,142.14,4,3.34,30.83
330,103,81.52,357.71,0,9.49,10.29
330,103,81.52,357.71,1,38.60,2.88
330,103,81.52,357.71,2,28.81,9.69
330,103,81.52,357.71,3,34.74,23.46
330,103,81.52,357.71,4,3.34,30.83
330,104,374.81,19.93,0,9.49,10.29
330,104,374.81,19.93,1,38.60,2.88
330,104,374.81,19.93,2,28.81,9.69
330,104,374.81,19.93,3,34.74,23.46
330,104,374.81,19.93,4,3.34,30.83
330,105,33.00,322.00,0,9.49,10.29
330,105,33.00,322.00,1,38.60,2.88
330,105,33.00,322.00,2,28.81,9.69
330,105,33.00,322.00,3,34.74,23.46
330,105,33.00,322.00,4,3.34,30.83
330,106,41.05,296.90,0,9.49,10.29
330,106,41.05,296.90,1,38.60,2.88
330,106,41.05,296.90,2,28.81,9.69
330,106,41.05,296.90,3,34.74,23.46
330,106,41.05,296.90,4,3.34,30.83
330,107,283.06,108.20,0,9.49,10.29
330,107,283.06,108.20,1,38.60,2.88
330,107,283.06,108.20,2,28.81,9.69
330,107,283.06,108.20,3,34.74,23.46
330,107,283.06,108.20,4,3.34,30.83
330,108,34.26,78.81,0,9.49,10.29
330,108,34.26,78.81,1,38.60,2.88
330,108,34.26,78.81,2,28.81,9.69
330,108,34.26,78.81,3,34.74,23.46
330,108,34.26,78.81,4,3.34,30.83
330,110,84.58,319.73,0,9.49,10.29
330,110,84.58,319.73,1,38.60,2.88
330,110,84.58,319.73,2,28.81,9.69
330,110,84.58,319.73,3,34.74,23.46
330,110,84.58,319.73,4,3.34,30.83
330,111,388.95,47.62,0,9.49,10.29
330,111,388.95,47.62,1,38.60,2.88
330,111,388.95,47.62,2,28.81,9.69
330,111,388.95,47.62,3,34.74,23.46
330,111,388.95,47.62,4,3.34,30.83
330,112,232.27,104.56,0,9.49,10.29
330,112,232.27,104.56,1,38.60,2.88
330,112,232.27,104.56,2,28.81,9.69
330,112,232.27,104.56,3,34.74,23.46
330,112,232.27,104.56,4,3.34,30.83
330,113,96.09,115.62,0,9.49,10.29
330,113,96.09,115.62,1,38.60,2.88
330,113,96.09,115.62,2,28.81,9.69
330,113,96.09,115.62,3,34.74,23.46
330,113,96.09,115.62,4,3.34,30.83
330,114,166.34,50.21,0,9.49,10.29
330,114,166.34,50.21,1,38.60,2.88
330,114,166.34,50.21,2,28.81,9.69
330,114,166.34,50.21,3,34.74,23.46
330,114,166.34,50.21,4,3.34,30.83
330,115,369.95,214.09,0,9.49,10.29
330,115,369.95,214.09,1,38.60,2.88
330,115,369.95,214.09,2,28.81,9.69
330,115,369.95,214.09,3,34.74,23.46
330,115,369.95,214.09,4,3.34,30.83
330,116,252.46,119.80,0,9.49,10.29
330,116,252.46,119.80,1,38.60,2.88
330,116,252.46,119.80,2,28.81,9.69
330,116,252.46,119.80,3,34.74,23.46
330,116,252.46,119.80,4,3.34,30.83
330,117,363.19,152.93,0,9.49,10.29
330,117,363.19,152.93,1,38.60,2.88
330,117,363.19,152.93,2,28.81,9.69
330,117,363.19,152.93,3,34.74,23.46
330,117,363.19,152.93,4,3.34,30.83
330,118,89.04,167.53,0,9.49,10.29
330,118,89.04,167.53,1,38.60,2.88
330,118,89.04,167.53,2,28.81,9.69
330,118,89.04,167.53,3,34.74,23.46
330,118,89.04,167.53,4,3.34,30.83
330,119,309.20,115.71,0,9.49,10.29
330,119,309.20,115.71,1,38.60,2.88
330,119,309.20,115.71,2,28.81,9.69
330,119,309.20,115.71,3,34.74,23.46
330,119,309.20,115.71,4,3.34,30.83
330,120,183.64,218.92,0,9.49,10.29
330,120,183.64,218.92,1,38.60,2.88
330,120,183.64,218.92,2,28.81,9.69
330,120,183.64,218.92,3,34.74,23.46
330,120,183.64,218.92,4,3.34,30.83
330,121,96.83,109.25,0,9.49,10.29
330,121,96.83,109.25,1,38.60,2.88
330,121,96.83,109.25,2,28.81,9.69
330,121,96.83,109.25,3,34.74,23.46
330,121,96.83,109.25,4,3.34,30.83
330,122,113.57,253.07,0,9.49,10.29
330,122,113.57,253.07,1,38.60,2.88
330,122,113.57,253.07,2,28.81,9.69
330,122,113.57,253.07,3,34.74,23.46
330,122,113.57,253.07,4,3.34,30.83
330,123,131.40,319.07,0,9.49,10.29
330,123,131.40,319.07,1,38.60,2.88
330,123,131.40,319.07,2,28.81,9.69
330,123,131.40,319.07,3,34.74,23.46
330,123,131.40,319.07,4,3.34,30.83
330,124,106.20,69.25,0,9.49,10.29
330,124,106.20,69.25,1,38.60,2.88
330,124,106.20,69.25,2,28.81,9.69
330,124,106.20,69.25,3,34.74,23.46
330,124,106.20,69.25,4,3.34,30.83
330,125,366.71,138.32,0,9.49,10.29
330,125,366.71,138.32,1,38.60,2.88
330,125,366.71,138.32,2,28.81,9.69
330,125,366.71,138.32,3,34.74,23.46
330,125,366.71,138.32,4,3.34,30.83
330,126,64.47,105.35,0,9.49,10.29
330,126,64.47,105.35,1,38.60,2.88
330,126,64.47,105.35,2,28.81,9.69
330,126,64.47,105.35,3,34.74,23.46
330,126,64.47,105.35,4,3.34,30.83
330,127,27.13,328.86,0,9.49,10.29
330,127,27.13,328.86,1,38.60,2.88
330,127,27.13,328.86,2,28.81,9.69
330,127,27.13,328.86,3,34.74,23.46
330,127,27.13,328.86,4,3.34,30.83
330,128,237.41,351.22,0,9.49,10.29
330,128,237.41,351.22,1,38.60,2.88
330,128,237.41,351.22,2,28.81,9.69
330,128,237.41,351.22,3,34.74,23.46
330,128,237.41,351.22,4,3.34,30.83
330,129,318.97,173.32,0,9.49,10.29
330,129,318.97,173.32,1,38.60,2.88
330,129,318.97,173.32,2,28.81,9.69
330,129,318.97,173.32,3,34.74,23.46
330,129,318.97,173.32,4,3.34,30.83
330,131,287.70,90.15,0,9.49,10.29
330,131,287.70,90.15,1,38.60,2.88
330,131,287.70,90.15,2,28.81,9.69
330,131,287.70,90.15,3,34.74,23.46
330,131,287.70,90.15,4,3.34,30.83
330,132,372.68,250.40,0,9.49,10.29
330,132,372.68,250.40,1,38.60,2.88
330,132,372.68,250.40,2,28.81,9.69
330,132,372.68,250.40,3,34.74,23.46
330,132,372.68,250.40,4,3.34,30.83
330,133,56.44,112.97,0,9.49,10.29
330,133,56.44,112.97,1,38.60,2.88
330,133,56.44,112.97,2,28.81,9.69
330,133,56.44,112.97,3,34.74,23.46
330,133,56.44,112.97,4,3.34,30.83
330,135,55.27,291.72,0,9.49,10.29
330,135,55.27,291.72,1,38.60,2.88
330,135,55.27,291.72,2,28.81,9.69
330,135,55.27,291.72,3,34.74,23.46
330,135,55.27,291.72,4,3.34,30.83
330,137,284.63,94.07,0,9.49,10.29
330,137,284.63,94.07,1,38.60,2.88
330,137,284.63,94.07,2,28.81,9.69
330,137,284.63,94.07,3,34.74,23.46
330,137,284.63,94.07,4,3.34,30.83
330,139,364.71,159.49,0,9.49,10.29
330,139,364.71,159.49,1,38.60,2.88
330,139,364.71,159.49,2,28.81,9.69
330,139,364.71,159.49,3,34.74,23.46
330,139,364.71,159.49,4,3.34,30.83
330,140,389.50,34.50,0,9.49,10.29
330,140,389.50,34.50,1,38.60,2.88
330,140,389.50,34.50,2,28.81,9.69
330,140,389.50,34.50,3,34.74,23.46
330,140,389.50,34.50,4,3.34,30.83
330,141,340.34,385.79,0,9.49,10.29
330,141,340.34,385.79,1,38.60,2.88
330,141,340.34,385.79,2,28.81,9.69
330,141,340.34,385.79,3,34.74,23.46
330,141,340.34,385.79,4,3.34,30.83
330,142,269.87,110.50,0,9.49,10.29
330,142,269.87,110.50,1,38.60,2.88
330,142,269.87,110.50,2,28.81,9.69
330,142,269.87,110.50,3,34.74,23.46
330,142,269.87,110.50,4,3.34,30.83
330,143,335.34,322.13,0,9.49,10.29
330,143,335.34,322.13,1,38.60,2.88
330,143,335.34,322.13,2,28.81,9.69
330,143,335.34,322.13,3,34.74,23.46
330,143,335.34,322.13,4,3.34,30.83
330,145,231.46,327.97,0,9.49,10.29
330,145,231.46,327.97,1,38.60,2.88
330,145,231.46,327.97,2,28.81,9.69
330,145,231.46,327.97,3,34.74,23.46
330,145,231.46,327.97,4,3.34,30.83
330,146,104.34,162.32,0,9.49,10.29
330,146,104.34,162.32,1,38.60,2.88
330,146,104.34,162.32,2,28.81,9.69
330,146,104.34,162.32,3,34.74,23.46
330,146,104.34,162.32,4,3.34,30.83
330,148,332.25,210.40,0,9.49,10.29
330,148,332.25,210.40,1,38.60,2.88
330,148,332.25,210.40,2,28.81,9.69
330,148,332.25,210.40,3,34.74,23.46
330,148,332.25,210.40,4,3.34,30.83
330,149,358.05,234.57,0,9.49,10.29
330,149,358.05,234.57,1,38.60,2.88
330,149,358.05,234.57,2,28.81,9.69
330,149,358.05,234.57,3,34.74,23.46
330,149,358.05,234.57,4,3.34,30.83
330,150,289.76,122.44,0,9.49,10.29
330,150,289.76,122.44,1,38.60,2.88
330,150,289.76,122.44,2,28.81,9.69
330,150,289.76,122.44,3,34.74,23.46
330,150,289.76,122.44,4,3.34,30.83
330,151,241.94,92.82,0,9.49,10.29
330,151,241.94,92.82,1,38.60,2.88
330,151,241.94,92.82,2,28.81,9.69
330,151,241.94,92.82,3,34.74,23.46
330,151,241.94,92.82,4,3.34,30.83
330,152,71.21,103.63,0,9.49,10.29
330,152,71.21,103.63,1,38.60,2.88
330,152,71.21,103.63,2,28.81,9.69
330,152,71.21,103.63,3,34.74,23.46
330,152,71.21,103.63,4,3.34,30.83
330,155,240.20,122.55,0,9.49,10.29
330,155,240.20,122.55,1,38.60,2.88
330,155,240.20,122.55,2,28.81,9.69
330,155,240.20,122.55,3,34.74,23.46
330,155,240.20,122.55,4,3.34,30.83
330,156,361.32,285.67,0,9.49,10.29
330,156,361.32,285.67,1,38.60,2.88
330,156,361.32,285.67,2,28.81,9.69
330,156,361.32,285.67,3,34.74,23.46
330,156,361.32,285.67,4,3.34,30.83
330,157,246.56,97.52,0,9.49,10.29
330,157,246.56,97.52,1,38.60,2.88
330,157,246.56,97.52,2,28.81,9.69
330,157,246.56,97.52,3,34.74,23.46
330,157,246.56,97.52,4,3.34,30.83
330,159,367.35,267.46,0,9.49,10.29
330,159,367.35,267.46,1,38.60,2.88
330,159,367.35,267.46,2,28.81,9.69
330,159,367.35,267.46,3,34.74,23.46
330,159,367.35,267.46,4,3.34,30.83
330,160,315.96,390.20,0,9.49,10.29
330,160,315.96,390.20,1,38.60,2.88
330,160,315.96,390.20,2,28.81,9.69
330,160,315.96,390.20,3,34.74,23.46
330,160,315.96,390.20,4,3.34,30.83
330,161,179.38,138.63,0,9.49,10.29
330,161,179.38,138.63,1,38.60,2.88
330,161,179.38,138.63,2,28.81,9.69
330,161,179.38,138.63,3,34.74,23.46
330,161,179.38,138.63,4,3.34,30.83
330,162,286.68,351.07,0,9.49,10.29
330,162,286.68,351.07,1,38.60,2.88
330,162,286.68,351.07,2,28.81,9.69
330,162,286.68,351.07,3,34.74,23.46
330,162,286.68,351.07,4,3.34,30.83
330,163,191.30,130.78,0,9.49,10.29
330,163,191.30,130.78,1,38.60,2.88
330,163,191.30,130.78,2,28.81,9.69
330,163,191.30,130.78,3,34.74,23.46
330,163,191.30,130.78,4,3.34,30.83
330,164,51.45,58.80,0,9.49,10.29
330,164,51.45,58.80,1,38.60,2.88
330,164,51.45,58.80,2,28.81,9.69
330,164,51.45,58.80,3,34.74,23.46
330,164,51.45,58.80,4,3.34,30.83
330,165,93.24,98.63,0,9.49,10.29
330,165,93.24,98.63,1,38.60,2.88
330,165,93.24,98.63,2,28.81,9.69
330,165,93.24,98.63,3,34.74,23.46
330,165,93.24,98.63,4,3.34,30.83
330,166,289.47,370.08,0,9.49,10.29
330,166,289.47,370.08,1,38.60,2.88
330,166,289.47,370.08,2,28.81,9.69
330,166,289.47,370.08,3,34.74,23.46
330,166,289.47,370.08,4,3.34,30.83
330,167,381.89,295.30,0,9.49,10.29
330,167,381.89,295.30,1,38.60,2.88
330,167,381.89,295.30,2,28.81,9.69
330,167,381.89,295.30,3,34.74,23.46
330,167,381.89,295.30,4,3.34,30.83
330,168,193.14,279.45,0,9.49,10.29
330,168,193.14,279.45,1,38.60,2.88
330,168,193.14,279.45,2,28.81,9.69
330,168,193.14,279.45,3,34.74,23.46
330,168,193.14,279.45,4,3.34,30.83
330,169,241.46,87.13,0,9.49,10.29
330,169,241.46,87.13,1,38.60,2.88
330,169,241.46,87.13,2,28.81,9.69
330,169,241.46,87.13,3,34.74,23.46
330,169,241.46,87.13,4,3.34,30.83
330,170,329.05,242.11,0,9.49,10.29
330,170,329.05,242.11,1,38.60,2.88
330,170,329.05,242.11,2,28.81,9.69
330,170,329.05,242.11,3,34.74,23.46
330,170,329.05,242.11,4,3.34,30.83
330,171,90.20,109.90,0,9.49,10.29
330,171,90.20,109.90,1,38.60,2.88
330,171,90.20,109.90,2,28.81,9.69
330,171,90.20,109.90,3,34.74,23.46
330,171,90.20,109.90,4,3.34,30.83
330,172,379.29,205.07,0,9.49,10.29
330,172,379.29,205.07,1,38.60,2.88
330,172,379.29,205.07,2,28.81,9.69
330,172,379.29,205.07,3,34.74,23.46
330,172,379.29,205.07,4,3.34,30.83
330,173,382.83,186.04,0,9.49,10.29
330,173,382.83,186.04,1,38.60,2.88
330,173,382.83,186.04,2,28.81,9.69
330,173,382.83,186.04,3,34.74,23.46
330,173,382.83,186.04,4,3.34,30.83
330,174,165.97,211.52,0,9.49,10.29
330,174,165.97,211.52,1,38.60,2.88
330,174,165.97,211.52,2,28.81,9.69
330,174,165.97,211.52,3,34.74,23.46
330,174,165.97,211.52,4,3.34,30.83
330,176,65.48,171.58,0,9.49,10.29
330,176,65.48,171.58,1,38.60,2.88
330,176,65.48,171.58,2,28.81,9.69
330,176,65.48,171.58,3,34.74,23.46
330,176,65.48,171.58,4,3.34,30.83
330,177,207.85,280.25,0,9.49,10.29
330,177,207.85,280.25,1,38.60,2.88
330,177,207.85,280.25,2,28.81,9.69
330,177,207.85,280.25,3,34.74,23.46
330,177,207.85,280.25,4,3.34,30.83
330,178,254.00,99.67,0,9.49,10.29
330,178,254.00,99.67,1,38.60,2.88
330,178,254.00,99.67,2,28.81,9.69
330,178,254.00,99.67,3,34.74,23.46
330,178,254.00,99.67,4,3.34,30.83
330,180,230.89,140.46,0,9.49,10.29
330,180,230.89,140.46,1,38.60,2.88
330,180,230.89,140.46,2,28.81,9.69
330,180,230.89,140.46,3,34.74,23.46
330,180,230.89,140.46,4,3.34,30.83
330,181,38.79,123.28,0,9.49,10.29
330,181,38.79,123.28,1,38.60,2.88
330,181,38.79,123.28,2,28.81,9.69
330,181,38.79,123.28,3,34.74,23.46
330,181,38.79,123.28,4,3.34,30.83
330,183,91.13,118.37,0,9.49,10.29
330,183,91.13,118.37,1,38.60,2.88
330,183,91.13,118.37,2,28.81,9.69
330,183,91.13,118.37,3,34.74,23.46
330,183,91.13,118.37,4,3.34,30.83
330,184,83.41,97.06,0,9.49,10.29
330,184,83.41,97.06,1,38.60,2.88
330,184,83.41,97.06,2,28.81,9.69
330,184,83.41,97.06,3,34.74,23.46
330,184,83.41,97.06,4,3.34,30.83
330,185,51.33,302.93,0,9.49,10.29
330,185,51.33,302.93,1,38.60,2.88
330,185,51.33,302.93,2,28.81,9.69
330,185,51.33,302.93,3,34.74,23.46
330,185,51.33,302.93,4,3.34,30.83
330,186,254.90,108.77,0,9.49,10.29
330,186,254.90,108.77,1,38.60,2.88
330,186,254.90,108.77,2,28.81,9.69
330,186,254.90,108.77,3,34.74,23.46
330,186,254.90,108.77,4,3.34,30.83
330,187,105.15,313.32,0,9.49,10.29
330,187,105.15,313.32,1,38.60,2.88
330,187,105.15,313.32,2,28.81,9.69
330,187,105.15,313.32,3,34.74,23.46
330,187,105.15,313.32,4,3.34,30.83
330,188,268.68,116.47,0,9.49,10.29
330,188,268.68,116.47,1,38.60,2.88
330,188,268.68,116.47,2,28.81,9.69
330,188,268.68,116.47,3,34.74,23.46
330,188,268.68,116.47,4,3.34,30.83
330,190,62.56,82.63,0,9.49,10.29
330,190,62.56,82.63,1,38.60,2.88
330,190,62.56,82.63,2,28.81,9.69
330,190,62.56,82.63,3,34.74,23.46
330,190,62.56,82.63,4,3.34,30.83
330,191,34.56,312.81,0,9.49,10.29
330,191,34.56,312.81,1,38.60,2.88
330,191,34.56,312.81,2,28.81,9.69
330,191,34.56,312.81,3,34.74,23.46
330,191,34.56,312.81,4,3.34,30.83
330,192,274.10,96.87,0,9.49,10.29
330,192,274.10,96.87,1,38.60,2.88
330,192,274.10,96.87,2,28.81,9.69
330,192,274.10,96.87,3,34.74,23.46
330,192,274.10,96.87,4,3.34,30.83
330,193,315.28,106.85,0,9.49,10.29
330,193,315.28,106.85,1,38.60,2.88
330,193,315.28,106.85,2,28.81,9.69
330,193,315.28,106.85,3,34.74,23.46
330,193,315.28,106.85,4,3.34,30.83
330,194,73.07,117.85,0,9.49,10.29
330,194,73.07,117.85,1,38.60,2.88
330,194,73.07,117.85,2,28.81,9.69
330,194,73.07,117.85,3,34.74,23.46
330,194,73.07,117.85,4,3.34,30.83
330,195,70.53,339.71,0,9.49,10.29
330,195,70.53,339.71,1,38.60,2.88
330,195,70.53,339.71,2,28.81,9.69
330,195,70.53,339.71,3,34.74,23.46
330,195,70.53,339.71,4,3.34,30.83
330,196,85.78,110.48,0,9.49,10.29
330,196,85.78,110.48,1,38.60,2.88
330,196,85.78,110.48,2,28.81,9.69
330,196,85.78,110.48,3,34.74,23.46
330,196,85.78,110.48,4,3.34,30.83
330,198,368.81,197.99,0,9.49,10.29
330,198,368.81,197.99,1,38.60,2.88
330,198,368.81,197.99,2,28.81,9.69
330,198,368.81,197.99,3,34.74,23.46
330,198,368.81,197.99,4,3.34,30.83
330,199,52.45,142.61,0,9.49,10.29
330,199,52.45,142.61,1,38.60,2.88
330,199,52.45,142.61,2,28.81,9.69
330,199,52.45,142.61,3,34.74,23.46
330,199,52.45,142.61,4,3.34,30.83
330,200,47.45,96.60,0,9.49,10.29
330,200,47.45,96.60,1,38.60,2.88
330,200,47.45,96.60,2,28.81,9.69
330,200,47.45,96.60,3,34.74,23.46
330,200,47.45,96.60,4,3.34,30.83
330,201,376.13,199.07,0,9.49,10.29
330,201,376.13,199.07,1,38.60,2.88
330,201,376.13,199.07,2,28.81,9.69
330,201,376.13,199.07,3,34.74,23.46
330,201,376.13,199.07,4,3.34,30.83
330,203,362.90,213.48,0,9.49,10.29
330,203,362.90,213.48,1,38.60,2.88
330,203,362.90,213.48,2,28.81,9.69
330,203,362.90,213.48,3,34.74,23.46
330,203,362.90,213.48,4,3.34,30.83
330,204,35.38,312.81,0,9.49,10.29
330,204,35.38,312.81,1,38.60,2.88
330,204,35.38,312.81,2,28.81,9.69
330,204,35.38,312.81,3,34.74,23.46
330,204,35.38,312.81,4,3.34,30.83
330,206,273.21,103.95,0,9.49,10.29
330,206,273.21,103.95,1,38.60,2.88
330,206,273.21,103.95,2,28.81,9.69
330,206,273.21,103.95,3,34.74,23.46
330,206,273.21,103.95,4,3.34,30.83
330,207,22.15,300.49,0,9.49,10.29
330,207,22.15,300.49,1,38.60,2.88
330,207,22.15,300.49,2,28.81,9.69
330,207,22.15,300.49,3,34.74,23.46
330,207,22.15,300.49,4,3.34,30.83
330,208,37.57,324.86,0,9.49,10.29
330,208,37.57,324.86,1,38.60,2.88
330,208,37.57,324.86,2,28.81,9.69
330,208,37.57,324.86,3,34.74,23.46
330,208,37.57,324.86,4,3.34,30.83
330,211,101.51,363.13,0,9.49,10.29
330,211,101.51,363.13,1,38.60,2.88
330,211,101.51,363.13,2,28.81,9.69
330,211,101.51,363.13,3,34.74,23.46
330,211,101.51,363.13,4,3.34,30.83
330,212,379.81,247.25,0,9.49,10.29
330,212,379.81,247.25,1,38.60,2.88
330,212,379.81,247.25,2,28.81,9.69
330,212,379.81,247.25,3,34.74,23.46
330,212,379.81,247.25,4,3.34,30.83
330,213,368.84,245.31,0,9.49,10.29
330,213,368.84,245.31,1,38.60,2.88
330,213,368.84,245.31,2,28.81,9.69
330,213,368.84,245.31,3,34.74,23.46
330,213,368.84,245.31,4,3.34,30.83
330,214,264.74,81.29,0,9.49,10.29
330,214,264.74,81.29,1,38.60,2.88
330,214,264.74,81.29,2,28.81,9.69
330,214,264.74,81.29,3,34.74,23.46
330,214,264.74,81.29,4,3.34,30.83
330,215,256.76,392.51,0,9.49,10.29
330,215,256.76,392.51,1,38.60,2.88
330,215,256.76,392.51,2,28.81,9.69
330,215,256.76,392.51,3,34.74,23.46
330,215,256.76,392.51,4,3.34,30.83
330,216,245.27,393.58,0,9.49,10.29
330,216,245.27,393.58,1,38.60,2.88
330,216,245.27,393.58,2,28.81,9.69
330,216,245.27,393.58,3,34.74,23.46
330,216,245.27,393.58,4,3.34,30.83
330,217,383.31,22.70,0,9.49,10.29
330,217,383.31,22.70,1,38.60,2.88
330,217,383.31,22.70,2,28.81,9.69
330,217,383.31,22.70,3,34.74,23.46
330,217,383.31,22.70,4,3.34,30.83
330,218,275.89,386.88,0,9.49,10.29
330,218,275.89,386.88,1,38.60,2.88
330,218,275.89,386.88,2,28.81,9.69
330,218,275.89,386.88,3,34.74,23.46
330,218,275.89,386.88,4,3.34,30.83
330,219,50.83,105.83,0,9.49,10.29
330,219,50.83,105.83,1,38.60,2.88
330,219,50.83,105.83,2,28.81,9.69
330,219,50.83,105.83,3,34.74,23.46
330,219,50.83,105.83,4,3.34,30.83
330,221,344.17,230.55,0,9.49,10.29
330,221,344.17,230.55,1,38.60,2.88
330,221,344.17,230.55,2,28.81,9.69
330,221,344.17,230.55,3,34.74,23.46
330,221,344.17,230.55,4,3.34,30.83
330,223,362.71,205.12,0,9.49,10.29
330,223,362.71,205.12,1,38.60,2.88
330,223,362.71,205.12,2,28.81,9.69
330,223,362.71,205.12,3,34.74,23.46
330,223,362.71,205.12,4,3.34,30.83
330,226,297.56,149.57,0,9.49,10.29
330,226,297.56,149.57,1,38.60,2.88
330,226,297.56,149.57,2,28.81,9.69
330,226,297.56,149.57,3,34.74,23.46
330,226,297.56,149.57,4,3.34,30.83
330,227,72.30,322.01,0,9.49,10.29
330,227,72.30,322.01,1,38.60,2.88
330,227,72.30,322.01,2,28.81,9.69
330,227,72.30,322.01,3,34.74,23.46
330,227,72.30,322.01,4,3.34,30.83
330,228,269.50,79.04,0,9.49,10.29
330,228,269.50,79.04,1,38.60,2.88
330,228,269.50,79.04,2,28.81,9.69
330,228,269.50,79.04,3,34.74,23.46
330,228,269.50,79.04,4,3.34,30.83
330,229,157.43,112.65,0,9.49,10.29
330,229,157.43,112.65,1,38.60,2.88
330,229,157.43,112.65,2,28.81,9.69
330,229,157.43,112.65,3,34.74,23.46
330,229,157.43,112.65,4,3.34,30.83
330,230,149.14,60.44,0,9.49,10.29
330,230,149.14,60.44,1,38.60,2.88
330,230,149.14,60.44,2,28.81,9.69
330,230,149.14,60.44,3,34.74,23.46
330,230,149.14,60.44,4,3.34,30.83
330,231,294.67,324.24,0,9.49,10.29
330,231,294.67,324.24,1,38.60,2.88
330,231,294.67,324.24,2,28.81,9.69
330,231,294.67,324.24,3,34.74,23.46
330,231,294.67,324.24,4,3.34,30.83
330,232,378.08,38.29,0,9.49,10.29
330,232,378.08,38.29,1,38.60,2.88
330,232,378.08,38.29,2,28.81,9.69
330,232,378.08,38.29,3,34.74,23.46
330,232,378.08,38.29,4,3.34,30.83
330,233,366.91,229.17,0,9.49,10.29
330,233,366.91,229.17,1,38.60,2.88
330,233,366.91,229.17,2,28.81,9.69
330,233,366.91,229.17,3,34.74,23.46
330,233,366.91,229.17,4,3.34,30.83
330,237,175.26,145.10,0,9.49,10.29
330,237,175.26,145.10,1,38.60,2.88
330,237,175.26,145.10,2,28.81,9.69
330,237,175.26,145.10,3,34.74,23.46
330,237,175.26,145.10,4,3.34,30.83
330,238,23.64,307.96,0,9.49,10.29
330,238,23.64,307.96,1,38.60,2.88
330,238,23.64,307.96,2,28.81,9.69
330,238,23.64,307.96,3,34.74,23.46
330,238,23.64,307.96,4,3.34,30.83
330,239,229.28,118.19,0,9.49,10.29
330,239,229.28,118.19,1,38.60,2.88
330,239,229.28,118.19,2,28.81,9.69
330,239,229.28,118.19,3,34.74,23.46
330,239,229.28,118.19,4,3.34,30.83
330,240,116.05,244.74,0,9.49,10.29
330,240,116.05,244.74,1,38.60,2.88
330,240,116.05,244.74,2,28.81,9.69
330,240,116.05,244.74,3,34.74,23.46
330,240,116.05,244.74,4,3.34,30.83
330,241,379.72,207.18,0,9.49,10.29
330,241,379.72,207.18,1,38.60,2.88
330,241,379.72,207.18,2,28.81,9.69
330,241,379.72,207.18,3,34.74,23.46
330,241,379.72,207.18,4,3.34,30.83
330,242,201.91,227.24,0,9.49,10.29
330,242,201.91,227.24,1,38.60,2.88
330,242,201.91,227.24,2,28.81,9.69
330,242,201.91,227.24,3,34.74,23.46
330,242,201.91,227.24,4,3.34,30.83
330,243,34.39,302.24,0,9.49,10.29
330,243,34.39,302.24,1,38.60,2.88
330,243,34.39,302.24,2,28.81,9.69
330,243,34.39,302.24,3,34.74,23.46
330,243,34.39,302.24,4,3.34,30.83
330,244,163.73,327.74,0,9.49,10.29
330,244,163.73,327.74,1,38.60,2.88
330,244,163.73,327.74,2,28.81,9.69
330,244,163.73,327.74,3,34.74,23.46
330,244,163.73,327.74,4,3.34,30.83
330,245,238.71,135.80,0,9.49,10.29
330,245,238.71,135.80,1,38.60,2.88
330,245,238.71,135.80,2,28.81,9.69
330,245,238.71,135.80,3,34.74,23.46
330,245,238.71,135.80,4,3.34,30.83
330,246,352.05,222.49,0,9.49,10.29
330,246,352.05,222.49,1,38.60,2.88
330,246,352.05,222.49,2,28.81,9.69
330,246,352.05,222.49,3,34.74,23.46
330,246,352.05,222.49,4,3.34,30.83
330,248,380.59,277.51,0,9.49,10.29
330,248,380.59,277.51,1,38.60,2.88
330,248,380.59,277.51,2,28.81,9.69
330,248,380.59,277.51,3,34.74,23.46
330,248,380.59,277.51,4,3.34,30.83
330,249,372.91,392.94,0,9.49,10.29
330,249,372.91,392.94,1,38.60,2.88
330,249,372.91,392.94,2,28.81,9.69
330,249,372.91,392.94,3,34.74,23.46
330,249,372.91,392.94,4,3.34,30.83
330,250,248.39,295.75,0,9.49,10.29
330,250,248.39,295.75,1,38.60,2.88
330,250,248.39,295.75,2,28.81,9.69
330,250,248.39,295.75,3,34.74,23.46
330,250,248.39,295.75,4,3.34,30.83
330,251,53.14,308.07,0,9.49,10.29
330,251,53.14,308.07,1,38.60,2.88
330,251,53.14,308.07,2,28.81,9.69
330,251,53.14,308.07,3,34.74,23.46
330,251,53.14,308.07,4,3.34,30.83
330,252,38.77,91.37,0,9.49,10.29
330,252,38.77,91.37,1,38.60,2.88
330,252,38.77,91.37,2,28.81,9.69
330,252,38.77,91.37,3,34.74,23.46
330,252,38.77,91.37,4,3.34,30.83
330,253,345.26,195.46,0,9.49,10.29
330,253,345.26,195.46,1,38.60,2.88
330,253,345.26,195.46,2,28.81,9.69
330,253,345.26,195.46,3,34.74,23.46
330,253,345.26,195.46,4,3.34,30.83
330,254,367.42,176.64,0,9.49,10.29
330,254,367.42,176.64,1,38.60,2.88
330,254,367.42,176.64,2,28.81,9.69
330,254,367.42,176.64,3,34.74,23.46
330,254,367.42,176.64,4,3.34,30.83
330,255,21.67,310.83,0,9.49,10.29
330,255,21.67,310.83,1,38.60,2.88
330,255,21.67,310.83,2,28.81,9.69
330,255,21.67,310.83,3,34.74,23.46
330,255,21.67,310.83,4,3.34,30.83
330,256,92.62,104.08,0,9.49,10.29
330,256,92.62,104.08,1,38.60,2.88
330,256,92.62,104.08,2,28.81,9.69
330,256,92.62,104.08,3,34.74,23.46
330,256,92.62,104.08,4,3.34,30.83
330,257,376.70,194.59,0,9.49,10.29
330,257,376.70,194.59,1,38.60,2.88
330,257,376.70,194.59,2,28.81,9.69
330,257,376.70,194.59,3,34.74,23.46
330,257,376.70,194.59,4,3.34,30.83
330,258,381.04,44.26,0,9.49,10.29
330,258,381.04,44.26,1,38.60,2.88
330,258,381.04,44.26,2,28.81,9.69
330,258,381.04,44.26,3,34.74,23.46
330,258,381.04,44.26,4,3.34,30.83
330,259,97.00,105.42,0,9.49,10.29
330,259,97.00,105.42,1,38.60,2.88
330,259,97.00,105.42,2,28.81,9.69
330,259,97.00,105.42,3,34.74,23.46
330,259,97.00,105.42,4,3.34,30.83
330,260,314.95,370.69,0,9.49,10.29
330,260,314.95,370.69,1,38.60,2.88
330,260,314.95,370.69,2,28.81,9.69
330,260,314.95,370.69,3,34.74,23.46
330,260,314.95,370.69,4,3.34,30.83
330,261,50.94,331.75,0,9.49,10.29
330,261,50.94,331.75,1,38.60,2.88
330,261,50.94,331.75,2,28.81,9.69
330,261,50.94,331.75,3,34.74,23.46
330,261,50.94,331.75,4,3.34,30.83
330,262,156.19,100.90,0,9.49,10.29
330,262,156.19,100.90,1,38.60,2.88
330,262,156.19,100.90,2,28.81,9.69
330,262,156.19,100.90,3,34.74,23.46
330,262,156.19,100.90,4,3.34,30.83
330,263,158.63,87.02,0,9.49,10.29
330,263,158.63,87.02,1,38.60,2.88
330,263,158.63,87.02,2,28.81,9.69
330,263,158.63,87.02,3,34.74,23.46
330,263,158.63,87.02,4,3.34,30.83
330,264,62.60,131.59,0,9.49,10.29
330,264,62.60,131.59,1,38.60,2.88
330,264,62.60,131.59,2,28.81,9.69
330,264,62.60,131.59,3,34.74,23.46
330,264,62.60,131.59,4,3.34,30.83
330,265,222.56,330.30,0,9.49,10.29
330,265,222.56,330.30,1,38.60,2.88
330,265,222.56,330.30,2,28.81,9.69
330,265,222.56,330.30,3,34.74,23.46
330,265,222.56,330.30,4,3.34,30.83
330,266,81.89,304.93,0,9.49,10.29
330,266,81.89,304.93,1,38.60,2.88
330,266,81.89,304.93,2,28.81,9.69
330,266,81.89,304.93,3,34.74,23.46
330,266,81.89,304.93,4,3.34,30.83
330,267,213.33,73.10,0,9.49,10.29
330,267,213.33,73.10,1,38.60,2.88
330,267,213.33,73.10,2,28.81,9.69
330,267,213.33,73.10,3,34.74,23.46
330,267,213.33,73.10,4,3.34,30.83
330,268,243.60,102.93,0,9.49,10.29
330,268,243.60,102.93,1,38.60,2.88
330,268,243.60,102.93,2,28.81,9.69
330,268,243.60,102.93,3,34.74,23.46
330,268,243.60,102.93,4,3.34,30.83
330,269,43.41,130.64,0,9.49,10.29
330,269,43.41,130.64,1,38.60,2.88
330,269,43.41,130.64,2,28.81,9.69
330,269,43.41,130.64,3,34.74,23.46
330,269,43.41,130.64,4,3.34,30.83
330,270,38.92,306.38,0,9.49,10.29
330,270,38.92,306.38,1,38.60,2.88
330,270,38.92,306.38,2,28.81,9.69
330,270,38.92,306.38,3,34.74,23.46
330,270,38.92,306.38,4,3.34,30.83
330,271,73.30,114.58,0,9.49,10.29
330,271,73.30,114.58,1,38.60,2.88
330,271,73.30,114.58,2,28.81,9.69
330,271,73.30,114.58,3,34.74,23.46
330,271,73.30,114.58,4,3.34,30.83
330,273,28.12,296.69,0,9.49,10.29
330,273,28.12,296.69,1,38.60,2.88
330,273,28.12,296.69,2,28.81,9.69
330,273,28.12,296.69,3,34.74,23.46
330,273,28.12,296.69,4,3.34,30.83
330,274,98.23,38.70,0,9.49,10.29
330,274,98.23,38.70,1,38.60,2.88
330,274,98.23,38.70,2,28.81,9.69
330,274,98.23,38.70,3,34.74,23.46
330,274,98.23,38.70,4,3.34,30.83
330,275,336.30,219.65,0,9.49,10.29
330,275,336.30,219.65,1,38.60,2.88
330,275,336.30,219.65,2,28.81,9.69
330,275,336.30,219.65,3,34.74,23.46
330,275,336.30,219.65,4,3.34,30.83
330,276,341.97,226.10,0,9.49,10.29
330,276,341.97,226.10,1,38.60,2.88
330,276,341.97,226.10,2,28.81,9.69
330,276,341.97,226.10,3,34.74,23.46
330,276,341.97,226.10,4,3.34,30.83
330,277,310.02,190.13,0,9.49,10.29
330,277,310.02,190.13,1,38.60,2.88
330,277,310.02,190.13,2,28.81,9.69
330,277,310.02,190.13,3,34.74,23.46
330,277,310.02,190.13,4,3.34,30.83
330,278,62.66,358.59,0,9.49,10.29
330,278,62.66,358.59,1,38.60,2.88
330,278,62.66,358.59,2,28.81,9.69
330,278,62.66,358.59,3,34.74,23.46
330,278,62.66,358.59,4,3.34,30.83
330,279,224.86,391.06,0,9.49,10.29
330,279,224.86,391.06,1,38.60,2.88
330,279,224.86,391.06,2,28.81,9.69
330,279,224.86,391.06,3,34.74,23.46
330,279,224.86,391.06,4,3.34,30.83
330,281,247.78,67.12,0,9.49,10.29
330,281,247.78,67.12,1,38.60,2.88
330,281,247.78,67.12,2,28.81,9.69
330,281,247.78,67.12,3,34.74,23.46
330,281,247.78,67.12,4,3.34,30.83
330,282,370.69,197.91,0,9.49,10.29
330,282,370.69,197.91,1,38.60,2.88
330,282,370.69,197.91,2,28.81,9.69
330,282,370.69,197.91,3,34.74,23.46
330,282,370.69,197.91,4,3.34,30.83
330,283,347.39,186.56,0,9.49,10.29
330,283,347.39,186.56,1,38.60,2.88
330,283,347.39,186.56,2,28.81,9.69
330,283,347.39,186.56,3,34.74,23.46
330,283,347.39,186.56,4,3.34,30.83
330,284,264.78,96.81,0,9.49,10.29
330,284,264.78,96.81,1,38.60,2.88
330,284,264.78,96.81,2,28.81,9.69
330,284,264.78,96.81,3,34.74,23.46
330,284,264.78,96.81,4,3.34,30.83
330,285,222.74,353.18,0,9.49,10.29
330,285,222.74,353.18,1,38.60,2.88
330,285,222.74,353.18,2,28.81,9.69
330,285,222.74,353.18,3,34.74,23.46
330,285,222.74,353.18,4,3.34,30.83
330,286,249.82,348.13,0,9.49,10.29
330,286,249.82,348.13,1,38.60,2.88
330,286,249.82,348.13,2,28.81,9.69
330,286,249.82,348.13,3,34.74,23.46
330,286,249.82,348.13,4,3.34,30.83
330,288,98.79,28.49,0,9.49,10.29
330,288,98.79,28.49,1,38.60,2.88
330,288,98.79,28.49,2,28.81,9.69
330,288,98.79,28.49,3,34.74,23.46
330,288,98.79,28.49,4,3.34,30.83
330,289,47.41,311.24,0,9.49,10.29
330,289,47.41,311.24,1,38.60,2.88
330,289,47.41,311.24,2,28.81,9.69
330,289,47.41,311.24,3,34.74,23.46
330,289,47.41,311.24,4,3.34,30.83
330,290,336.59,243.39,0,9.49,10.29
330,290,336.59,243.39,1,38.60,2.88
330,290,336.59,243.39,2,28.81,9.69
330,290,336.59,243.39,3,34.74,23.46
330,290,336.59,243.39,4,3.34,30.83
330,291,65.89,73.19,0,9.49,10.29
330,291,65.89,73.19,1,38.60,2.88
330,291,65.89,73.19,2,28.81,9.69
330,291,65.89,73.19,3,34.74,23.46
330,291,65.89,73.19,4,3.34,30.83
330,292,282.80,298.72,0,9.49,10.29
330,292,282.80,298.72,1,38.60,2.88
330,292,282.80,298.72,2,28.81,9.69
330,292,282.80,298.72,3,34.74,23.46
330,292,282.80,298.72,4,3.34,30.83
330,293,260.13,104.32,0,9.49,10.29
330,293,260.13,104.32,1,38.60,2.88
330,293,260.13,104.32,2,28.81,9.69
330,293,260.13,104.32,3,34.74,23.46
330,293,260.13,104.32,4,3.34,30.83
330,294,70.46,333.30,0,9.49,10.29
330,294,70.46,333.30,1,38.60,2.88
330,294,70.46,333.30,2,28.81,9.69
330,294,70.46,333.30,3,34.74,23.46
330,294,70.46,333.30,4,3.34,30.83
330,297,373.89,177.80,0,9.49,10.29
330,297,373.89,177.80,1,38.60,2.88
330,297,373.89,177.80,2,28.81,9.69
330,297,373.89,177.80,3,34.74,23.46
330,297,373.89,177.80,4,3.34,30.83
330,298,385.51,40.02,0,9.49,10.29
330,298,385.51,40.02,1,38.60,2.88
330,298,385.51,40.02,2,28.81,9.69
330,298,385.51,40.02,3,34.74,23.46
330,298,385.51,40.02,4,3.34,30.83
330,300,213.85,340.06,0,9.49,10.29
330,300,213.85,340.06,1,38.60,2.88
330,300,213.85,340.06,2,28.81,9.69
330,300,213.85,340.06,3,34.74,23.46
330,300,213.85,340.06,4,3.34,30.83
340,2,84.48,103.48,0,9.49,10.29
340,2,84.48,103.48,1,38.65,2.11
340,2,84.48,103.48,2,28.92,9.68
340,2,84.48,103.48,3,34.74,23.46
340,2,84.48,103.48,4,3.34,30.83
340,3,184.64,285.21,0,9.49,10.29
340,3,184.64,285.21,1,38.65,2.11
340,3,184.64,285.21,2,28.92,9.68
340,3,184.64,285.21,3,34.74,23.46
340,3,184.64,285.21,4,3.34,30.83
340,6,52.01,298.69,0,9.49,10.29
340,6,52.01,298.69,1,38.65,2.11
340,6,52.01,298.69,2,28.92,9.68
340,6,52.01,298.69,3,34.74,23.46
340,6,52.01,298.69,4,3.34,30.83
340,8,93.54,366.01,0,9.49,10.29
340,8,93.54,366.01,1,38.65,2.11
340,8,93.54,366.01,2,28.92,9.68
340,8,93.54,366.01,3,34.74,23.46
340,8,93.54,366.01,4,3.34,30.83
340,9,312.57,205.33,0,9.49,10.29
340,9,312.57,205.33,1,38.65,2.11
340,9,312.57,205.33,2,28.92,9.68
340,9,312.57,205.33,3,34.74,23.46
340,9,312.57,205.33,4,3.34,30.83
340,11,170.69,109.71,0,9.49,10.29
340,11,170.69,109.71,1,38.65,2.11
340,11,170.69,109.71,2,28.92,9.68
340,11,170.69,109.71,3,34.74,23.46
340,11,170.69,109.71,4,3.34,30.83
340,13,139.04,95.53,0,9.49,10.29
340,13,139.04,95.53,1,38.65,2.11
340,13,139.04,95.53,2,28.92,9.68
340,13,139.04,95.53,3,34.74,23.46
340,13,139.04,95.53,4,3.34,30.83
340,14,18.37,329.86,0,9.49,10.29
340,14,18.37,329.86,1,38.65,2.11
340,14,18.37,329.86,2,28.92,9.68
340,14,18.37,329.86,3,34.74,23.46
340,14,18.37,329.86,4,3.34,30.83
340,15,23.93,314.25,0,9.49,10.29
340,15,23.93,314.25,1,38.65,2.11
340,15,23.93,314.25,2,28.92,9.68
340,15,23.93,314.25,3,34.74,23.46
340,15,23.93,314.25,4,3.34,30.83
340,16,350.92,243.75,0,9.49,10.29
340,16,350.92,243.75,1,38.65,2.11
340,16,350.92,243.75,2,28.92,9.68
340,16,350.92,243.75,3,34.74,23.46
340,16,350.92,243.75,4,3.34,30.83
340,18,149.78,335.40,0,9.49,10.29
340,18,149.78,335.40,1,38.65,2.11
340,18,149.78,335.40,2,28.92,9.68
340,18,149.78,335.40,3,34.74,23.46
340,18,149.78,335.40,4,3.34,30.83
340,19,38.64,312.64,0,9.49,10.29
340,19,38.64,312.64,1,38.65,2.11
340,19,38.64,312.64,2,28.92,9.68
340,19,38.64,312.64,3,34.74,23.46
340,19,38.64,312.64,4,3.34,30.83
340,20,212.38,392.53,0,9.49,10.29
340,20,212.38,392.53,1,38.65,2.11
340,20,212.38,392.53,2,28.92,9.68
340,20,212.38,392.53,3,34.74,23.46
340,20,212.38,392.53,4,3.34,30.83
340,21,381.26,169.71,0,9.49,10.29
340,21,381.26,169.71,1,38.65,2.11
340,21,381.26,169.71,2,28.92,9.68
340,21,381.26,169.71,3,34.74,23.46
340,21,381.26,169.71,4,3.34,30.83
340,22,297.18,374.57,0,9.49,10.29
340,22,297.18,374.57,1,38.65,2.11
340,22,297.18,374.57,2,28.92,9.68
340,22,297.18,374.57,3,34.74,23.46
340,22,297.18,374.57,4,3.34,30.83
340,23,355.73,224.87,0,9.49,10.29
340,23,355.73,224.87,1,38.65,2.11
340,23,355.73,224.87,2,28.92,9.68
340,23,355.73,224.87,3,34.74,23.46
340,23,355.73,224.87,4,3.34,30.83
340,24,127.71,94.13,0,9.49,10.29
340,24,127.71,94.13,1,38.65,2.11
340,24,127.71,94.13,2,28.92,9.68
340,24,127.71,94.13,3,34.74,23.46
340,24,127.71,94.13,4,3.34,30.83
340,26,290.94,64.19,0,9.49,10.29
340,26,290.94,64.19,1,38.65,2.11
340,26,290.94,64.19,2,28.92,9.68
340,26,290.94,64.19,3,34.74,23.46
340,26,290.94,64.19,4,3.34,30.83
340,28,383.18,329.13,0,9.49,10.29
340,28,383.18,329.13,1,38.65,2.11
340,28,383.18,329.13,2,28.92,9.68
340,28,383.18,329.13,3,34.74,23.46
340,28,383.18,329.13,4,3.34,30.83
340,29,110.88,286.13,0,9.49,10.29
340,29,110.88,286.13,1,38.65,2.11
340,29,110.88,286.13,2,28.92,9.68
340,29,110.88,286.13,3,34.74,23.46
340,29,110.88,286.13,4,3.34,30.83
340,31,240.52,69.03,0,9.49,10.29
340,31,240.52,69.03,1,38.65,2.11
340,31,240.52,69.03,2,28.92,9.68
340,31,240.52,69.03,3,34.74,23.46
340,31,240.52,69.03,4,3.34,30.83
340,34,256.86,104.76,0,9.49,10.29
340,34,256.86,104.76,1,38.65,2.11
340,34,256.86,104.76,2,28.92,9.68
340,34,256.86,104.76,3,34.74,23.46
340,34,256.86,104.76,4,3.34,30.83
340,35,351.44,212.27,0,9.49,10.29
340,35,351.44,212.27,1,38.65,2.11
340,35,351.44,212.27,2,28.92,9.68
340,35,351.44,212.27,3,34.74,23.46
340,35,351.44,212.27,4,3.34,30.83
340,36,47.65,317.70,0,9.49,10.29
340,36,47.65,317.70,1,38.65,2.11
340,36,47.65,317.70,2,28.92,9.68
340,36,47.65,317.70,3,34.74,23.46
340,36,47.65,317.70,4,3.34,30.83
340,37,344.77,238.52,0,9.49,10.29
340,37,344.77,238.52,1,38.65,2.11
340,37,344.77,238.52,2,28.92,9.68
340,37,344.77,238.52,3,34.74,23.46
340,37,344.77,238.52,4,3.34,30.83
340,38,99.81,246.39,0,9.49,10.29
340,38,99.81,246.39,1,38.65,2.11
340,38,99.81,246.39,2,28.92,9.68
340,38,99.81,246.39,3,34.74,23.46
340,38,99.81,246.39,4,3.34,30.83
340,39,98.09,161.75,0,9.49,10.29
340,39,98.09,161.75,1,38.65,2.11
340,39,98.09,161.75,2,28.92,9.68
340,39,98.09,161.75,3,34.74,23.46
340,39,98.09,161.75,4,3.34,30.83
340,40,292.17,99.58,0,9.49,10.29
340,40,292.17,99.58,1,38.65,2.11
340,40,292.17,99.58,2,28.92,9.68
340,40,292.17,99.58,3,34.74,23.46
340,40,292.17,99.58,4,3.34,30.83
340,41,275.50,285.84,0,9.49,10.29
340,41,275.50,285.84,1,38.65,2.11
340,41,275.50,285.84,2,28.92,9.68
340,41,275.50,285.84,3,34.74,23.46
340,41,275.50,285.84,4,3.34,30.83
340,42,362.91,223.77,0,9.49,10.29
340,42,362.91,223.77,1,38.65,2.11
340,42,362.91,223.77,2,28.92,9.68
340,42,362.91,223.77,3,34.74,23.46
340,42,362.91,223.77,4,3.34,30.83
340,43,266.36,95.18,0,9.49,10.29
340,43,266.36,95.18,1,38.65,2.11
340,43,266.36,95.18,2,28.92,9.68
340,43,266.36,95.18,3,34.74,23.46
340,43,266.36,95.18,4,3.34,30.83
340,46,41.42,318.61,0,9.49,10.29
340,46,41.42,318.61,1,38.65,2.11
340,46,41.42,318.61,2,28.92,9.68
340,46,41.42,318.61,3,34.74,23.46
340,46,41.42,318.61,4,3.34,30.83
340,49,248.32,109.08,0,9.49,10.29
340,49,248.32,109.08,1,38.65,2.11
340,49,248.32,109.08,2,28.92,9.68
340,49,248.32,109.08,3,34.74,23.46
340,49,248.32,109.08,4,3.34,30.83
340,50,332.47,283.84,0,9.49,10.29
340,50,332.47,283.84,1,38.65,2.11
340,50,332.47,283.84,2,28.92,9.68
340,50,332.47,283.84,3,34.74,23.46
340,50,332.47,283.84,4,3.34,30.83
340,53,317.94,222.95,0,9.49,10.29
340,53,317.94,222.95,1,38.65,2.11
340,53,317.94,222.95,2,28.92,9.68
340,53,317.94,222.95,3,34.74,23.46
340,53,317.94,222.95,4,3.34,30.83
340,54,373.49,30.88,0,9.49,10.29
340,54,373.49,30.88,1,38.65,2.11
340,54,373.49,30.88,2,28.92,9.68
340,54,373.49,30.88,3,34.74,23.46
340,54,373.49,30.88,4,3.34,30.83
340,55,323.57,230.88,0,9.49,10.29
340,55,323.57,230.88,1,38.65,2.11
340,55,323.57,230.88,2,28.92,9.68
340,55,323.57,230.88,3,34.74,23.46
340,55,323.57,230.88,4,3.34,30.83
340,56,352.13,201.17,0,9.49,10.29
340,56,352.13,201.17,1,38.65,2.11
340,56,352.13,201.17,2,28.92,9.68
340,56,352.13,201.17,3,34.74,23.46
340,56,352.13,201.17,4,3.34,30.83
340,57,82.61,140.89,0,9.49,10.29
340,57,82.61,140.89,1,38.65,2.11
340,57,82.61,140.89,2,28.92,9.68
340,57,82.61,140.89,3,34.74,23.46
340,57,82.61,140.89,4,3.34,30.83
340,60,152.34,292.10,0,9.49,10.29
340,60,152.34,292.10,1,38.65,2.11
340,60,152.34,292.10,2,28.92,9.68
340,60,152.34,292.10,3,34.74,23.46
340,60,152.34,292.10,4,3.34,30.83
340,61,80.97,118.94,0,9.49,10.29
340,61,80.97,118.94,1,38.65,2.11
340,61,80.97,118.94,2,28.92,9.68
340,61,80.97,118.94,3,34.74,23.46
340,61,80.97,118.94,4,3.34,30.83
340,62,33.49,337.02,0,9.49,10.29
340,62,33.49,337.02,1,38.65,2.11
340,62,33.49,337.02,2,28.92,9.68
340,62,33.49,337.02,3,34.74,23.46
340,62,33.49,337.02,4,3.34,30.83
340,63,93.00,134.43,0,9.49,10.29
340,63,93.00,134.43,1,38.65,2.11
340,63,93.00,134.43,2,28.92,9.68
340,63,93.00,134.43,3,34.74,23.46
340,63,93.00,134.43,4,3.34,30.83
340,65,351.00,233.29,0,9.49,10.29
340,65,351.00,233.29,1,38.65,2.11
340,65,351.00,233.29,2,28.92,9.68
340,65,351.00,233.29,3,34.74,23.46
340,65,351.00,233.29,4,3.34,30.83
340,66,64.43,344.06,0,9.49,10.29
340,66,64.43,344.06,1,38.65,2.11
340,66,64.43,344.06,2,28.92,9.68
340,66,64.43,344.06,3,34.74,23.46
340,66,64.43,344.06,4,3.34,30.83
340,67,59.17,188.56,0,9.49,10.29
340,67,59.17,188.56,1,38.65,2.11
340,67,59.17,188.56,2,28.92,9.68
340,67,59.17,188.56,3,34.74,23.46
340,67,59.17,188.56,4,3.34,30.83
340,68,209.23,332.21,0,9.49,10.29
340,68,209.23,332.21,1,38.65,2.11
340,68,209.23,332.21,2,28.92,9.68
340,68,209.23,332.21,3,34.74,23.46
340,68,209.23,332.21,4,3.34,30.83
340,69,384.55,320.58,0,9.49,10.29
340,69,384.55,320.58,1,38.65,2.11
340,69,384.55,320.58,2,28.92,9.68
340,69,384.55,320.58,3,34.74,23.46
340,69,384.55,320.58,4,3.34,30.83
340,70,279.00,98.67,0,9.49,10.29
340,70,279.00,98.67,1,38.65,2.11
340,70,279.00,98.67,2,28.92,9.68
340,70,279.00,98.67,3,34.74,23.46
340,70,279.00,98.67,4,3.34,30.83
340,71,33.18,324.72,0,9.49,10.29
340,71,33.18,324.72,1,38.65,2.11
340,71,33.18,324.72,2,28.92,9.68
340,71,33.18,324.72,3,34.74,23.46
340,71,33.18,324.72,4,3.34,30.83
340,72,25.77,336.65,0,9.49,10.29
340,72,25.77,336.65,1,38.65,2.11
340,72,25.77,336.65,2,28.92,9.68
340,72,25.77,336.65,3,34.74,23.46
340,72,25.77,336.65,4,3.34,30.83
340,73,384.01,199.35,0,9.49,10.29
340,73,384.01,199.35,1,38.65,2.11
340,73,384.01,199.35,2,28.92,9.68
340,73,384.01,199.35,3,34.74,23.46
340,73,384.01,199.35,4,3.34,30.83
340,74,267.22,90.71,0,9.49,10.29
340,74,267.22,90.71,1,38.65,2.11
340,74,267.22,90.71,2,28.92,9.68
340,74,267.22,90.71,3,34.74,23.46
340,74,267.22,90.71,4,3.34,30.83
340,75,239.62,96.93,0,9.49,10.29
340,75,239.62,96.93,1,38.65,2.11
340,75,239.62,96.93,2,28.92,9.68
340,75,239.62,96.93,3,34.74,23.46
340,75,239.62,96.93,4,3.34,30.83
340,76,373.45,183.91,0,9.49,10.29
340,76,373.45,183.91,1,38.65,2.11
340,76,373.45,183.91,2,28.92,9.68
340,76,373.45,183.91,3,34.74,23.46
340,76,373.45,183.91,4,3.34,30.83
340,77,84.52,123.54,0,9.49,10.29
340,77,84.52,123.54,1,38.65,2.11
340,77,84.52,123.54,2,28.92,9.68
340,77,84.52,123.54,3,34.74,23.46
340,77,84.52,123.54,4,3.34,30.83
340,78,197.71,378.56,0,9.49,10.29
340,78,197.71,378.56,1,38.65,2.11
340,78,197.71,378.56,2,28.92,9.68
340,78,197.71,378.56,3,34.74,23.46
340,78,197.71,378.56,4,3.34,30.83
340,81,261.90,355.83,0,9.49,10.29
340,81,261.90,355.83,1,38.65,2.11
340,81,261.90,355.83,2,28.92,9.68
340,81,261.90,355.83,3,34.74,23.46
340,81,261.90,355.83,4,3.34,30.83
340,82,334.46,141.30,0,9.49,10.29
340,82,334.46,141.30,1,38.65,2.11
340,82,334.46,141.30,2,28.92,9.68
340,82,334.46,141.30,3,34.74,23.46
340,82,334.46,141.30,4,3.34,30.83
340,83,214.70,59.09,0,9.49,10.29
340,83,214.70,59.09,1,38.65,2.11
340,83,214.70,59.09,2,28.92,9.68
340,83,214.70,59.09,3,34.74,23.46
340,83,214.70,59.09,4,3.34,30.83
340,84,222.60,289.41,0,9.49,10.29
340,84,222.60,289.41,1,38.65,2.11
340,84,222.60,289.41,2,28.92,9.68
340,84,222.60,289.41,3,34.74,23.46
340,84,222.60,289.41,4,3.34,30.83
340,85,363.21,185.37,0,9.49,10.29
340,85,363.21,185.37,1,38.65,2.11
340,85,363.21,185.37,2,28.92,9.68
340,85,363.21,185.37,3,34.74,23.46
340,85,363.21,185.37,4,3.34,30.83
340,86,67.32,114.44,0,9.49,10.29
340,86,67.32,114.44,1,38.65,2.11
340,86,67.32,114.44,2,28.92,9.68
340,86,67.32,114.44,3,34.74,23.46
340,86,67.32,114.44,4,3.34,30.83
340,87,390.55,24.18,0,9.49,10.29
340,87,390.55,24.18,1,38.65,2.11
340,87,390.55,24.18,2,28.92,9.68
340,87,390.55,24.18,3,34.74,23.46
340,87,390.55,24.18,4,3.34,30.83
340,88,149.33,304.02,0,9.49,10.29
340,88,149.33,304.02,1,38.65,2.11
340,88,149.33,304.02,2,28.92,9.68
340,88,149.33,304.02,3,34.74,23.46
340,88,149.33,304.02,4,3.34,30.83
340,89,294.54,85.49,0,9.49,10.29
340,89,294.54,85.49,1,38.65,2.11
340,89,294.54,85.49,2,28.92,9.68
340,89,294.54,85.49,3,34.74,23.46
340,89,294.54,85.49,4,3.34,30.83
340,90,232.20,75.20,0,9.49,10.29
340,90,232.20,75.20,1,38.65,2.11
340,90,232.20,75.20,2,28.92,9.68
340,90,232.20,75.20,3,34.74,23.46
340,90,232.20,75.20,4,3.34,30.83
340,93,282.16,89.28,0,9.49,10.29
340,93,282.16,89.28,1,38.65,2.11
340,93,282.16,89.28,2,28.92,9.68
340,93,282.16,89.28,3,34.74,23.46
340,93,282.16,89.28,4,3.34,30.83
340,94,21.32,321.18,0,9.49,10.29
340,94,21.32,321.18,1,38.65,2.11
340,94,21.32,321.18,2,28.92,9.68
340,94,21.32,321.18,3,34.74,23.46
340,94,21.32,321.18,4,3.34,30.83
340,95,358.00,195.46,0,9.49,10.29
340,95,358.00,195.46,1,38.65,2.11
340,95,358.00,195.46,2,28.92,9.68
340,95,358.00,195.46,3,34.74,23.46
340,95,358.00,195.46,4,3.34,30.83
340,96,77.70,134.22,0,9.49,10.29
340,96,77.70,134.22,1,38.65,2.11
340,96,77.70,134.22,2,28.92,9.68
340,96,77.70,134.22,3,34.74,23.46
340,96,77.70,134.22,4,3.34,30.83
340,97,269.83,123.38,0,9.49,10.29
340,97,269.83,123.38,1,38.65,2.11
340,97,269.83,123.38,2,28.92,9.68
340,97,269.83,123.38,3,34.74,23.46
340,97,269.83,123.38,4,3.34,30.83
340,98,376.85,25.73,0,9.49,10.29
340,98,376.85,25.73,1,38.65,2.11
340,98,376.85,25.73,2,28.92,9.68
340,98,376.85,25.73,3,34.74,23.46
340,98,376.85,25.73,4,3.34,30.83
340,102,69.12,138.48,0,9.49,10.29
340,102,69.12,138.48,1,38.65,2.11
340,102,69.12,138.48,2,28.92,9.68
340,102,69.12,138.48,3,34.74,23.46
340,102,69.12,138.48,4,3.34,30.83
340,103,80.13,356.76,0,9.49,10.29
340,103,80.13,356.76,1,38.65,2.11
340,103,80.13,356.76,2,28.92,9.68
340,103,80.13,356.76,3,34.74,23.46
340,103,80.13,356.76,4,3.34,30.83
340,104,376.22,19.83,0,9.49,10.29
340,104,376.22,19.83,1,38.65,2.11
340,104,376.22,19.83,2,28.92,9.68
340,104,376.22,19.83,3,34.74,23.46
340,104,376.22,19.83,4,3.34,30.83
340,106,40.60,296.36,0,9.49,10.29
340,106,40.60,296.36,1,38.65,2.11
340,106,40.60,296.36,2,28.92,9.68
340,106,40.60,296.36,3,34.74,23.46
340,106,40.60,296.36,4,3.34,30.83
340,107,283.38,107.38,0,9.49,10.29
340,107,283.38,107.38,1,38.65,2.11
340,107,283.38,107.38,2,28.92,9.68
340,107,283.38,107.38,3,34.74,23.46
340,107,283.38,107.38,4,3.34,30.83
340,108,35.93,80.75,0,9.49,10.29
340,108,35.93,80.75,1,38.65,2.11
340,108,35.93,80.75,2,28.92,9.68
340,108,35.93,80.75,3,34.74,23.46
340,108,35.93,80.75,4,3.34,30.83
340,110,82.42,319.15,0,9.49,10.29
340,110,82.42,319.15,1,38.65,2.11
340,110,82.42,319.15,2,28.92,9.68
340,110,82.42,319.15,3,34.74,23.46
340,110,82.42,319.15,4,3.34,30.83
340,111,389.79,46.44,0,9.49,10.29
340,111,389.79,46.44,1,38.65,2.11
340,111,389.79,46.44,2,28.92,9.68
340,111,389.79,46.44,3,34.74,23.46
340,111,389.79,46.44,4,3.34,30.83
340,112,234.83,103.82,0,9.49,10.29
340,112,234.83,103.82,1,38.65,2.11
340,112,234.83,103.82,2,28.92,9.68
340,112,234.83,103.82,3,34.74,23.46
340,112,234.83,103.82,4,3.34,30.83
340,113,97.57,114.68,0,9.49,10.29
340,113,97.57,114.68,1,38.65,2.11
340,113,97.57,114.68,2,28.92,9.68
340,113,97.57,114.68,3,34.74,23.46
340,113,97.57,114.68,4,3.34,30.83
340,114,163.94,52.11,0,9.49,10.29
340,114,163.94,52.11,1,38.65,2.11
340,114,163.94,52.11,2,28.92,9.68
340,114,163.94,52.11,3,34.74,23.46
340,114,163.94,52.11,4,3.34,30.83
340,115,369.15,216.48,0,9.49,10.29
340,115,369.15,216.48,1,38.65,2.11
340,115,369.15,216.48,2,28.92,9.68
340,115,369.15,216.48,3,34.74,23.46
340,115,369.15,216.48,4,3.34,30.83
340,116,254.33,118.37,0,9.49,10.29
340,116,254.33,118.37,1,38.65,2.11
340,116,254.33,118.37,2,28.92,9.68
340,116,254.33,118.37,3,34.74,23.46
340,116,254.33,118.37,4,3.34,30.83
340,117,361.72,155.73,0,9.49,10.29
340,117,361.72,155.73,1,38.65,2.11
340,117,361.72,155.73,2,28.92,9.68
340,117,361.72,155.73,3,34.74,23.46
340,117,361.72,155.73,4,3.34,30.83
340,118,89.96,164.69,0,9.49,10.29
340,118,89.96,164.69,1,38.65,2.11
340,118,89.96,164.69,2,28.92,9.68
340,118,89.96,164.69,3,34.74,23.46
340,118,89.96,164.69,4,3.34,30.83
340,119,307.60,115.22,0,9.49,10.29
340,119,307.60,115.22,1,38.65,2.11
340,119,307.60,115.22,2,28.92,9.68
340,119,307.60,115.22,3,34.74,23.46
340,119,307.60,115.22,4,3.34,30.83
340,120,183.79,217.50,0,9.49,10.29
340,120,183.79,217.50,1,38.65,2.11
340,120,183.79,217.50,2,28.92,9.68
340,120,183.79,217.50,3,34.74,23.46
340,120,183.79,217.50,4,3.34,30.83
340,121,95.50,106.28,0,9.49,10.29
340,121,95.50,106.28,1,38.65,2.11
340,121,95.50,106.28,2,28.92,9.68
340,121,95.50,106.28,3,34.74,23.46
340,121,95.50,106.28,4,3.34,30.83
340,122,111.54,255.22,0,9.49,10.29
340,122,111.54,255.22,1,38.65,2.11
340,122,111.54,255.22,2,28.92,9.68
340,122,111.54,255.22,3,34.74,23.46
340,122,111.54,255.22,4,3.34,30.83
340,123,129.23,318.32,0,9.49,10.29
340,123,129.23,318.32,1,38.65,2.11
340,123,129.23,318.32,2,28.92,9.68
340,123,129.23,318.32,3,34.74,23.46
340,123,129.23,318.32,4,3.34,30.83
340,124,106.53,72.18,0,9.49,10.29
340,124,106.53,72.18,1,38.65,2.11
340,124,106.53,72.18,2,28.92,9.68
340,124,106.53,72.18,3,34.74,23.46
340,124,106.53,72.18,4,3.34,30.83
340,125,366.47,139.78,0,9.49,10.29
340,125,366.47,139.78,1,38.65,2.11
340,125,366.47,139.78,2,28.92,9.68
340,125,366.47,139.78,3,34.74,23.46
340,125,366.47,139.78,4,3.34,30.83
340,126,67.79,104.24,0,9.49,10.29
340,126,67.79,104.24,1,38.65,2.11
340,126,67.79,104.24,2,28.92,9.68
340,126,67.79,104.24,3,34.74,23.46
340,126,67.79,104.24,4,3.34,30.83
340,127,25.99,327.40,0,9.49,10.29
340,127,25.99,327.40,1,38.65,2.11
340,127,25.99,327.40,2,28.92,9.68
340,127,25.99,327.40,3,34.74,23.46
340,127,25.99,327.40,4,3.34,30.83
340,128,236.13,353.98,0,9.49,10.29
340,128,236.13,353.98,1,38.65,2.11
340,128,236.13,353.98,2,28.92,9.68
340,128,236.13,353.98,3,34.74,23.46
340,128,236.13,353.98,4,3.34,30.83
340,129,318.76,174.67,0,9.49,10.29
340,129,318.76,174.67,1,38.65,2.11
340,129,318.76,174.67,2,28.92,9.68
340,129,318.76,174.67,3,34.74,23.46
340,129,318.76,174.67,4,3.34,30.83
340,131,288.82,90.91,0,9.49,10.29
340,131,288.82,90.91,1,38.65,2.11
340,131,288.82,90.91,2,28.92,9.68
340,131,288.82,90.91,3,34.74,23.46
340,131,288.82,90.91,4,3.34,30.83
340,132,369.09,248.37,0,9.49,10.29
340,132,369.09,248.37,1,38.65,2.11
340,132,369.09,248.37,2,28.92,9.68
340,132,369.09,248.37,3,34.74,23.46
340,132,369.09,248.37,4,3.34,30.83
340,133,59.65,111.71,0,9.49,10.29
340,133,59.65,111.71,1,38.65,2.11
340,133,59.65,111.71,2,28.92,9.68
340,133,59.65,111.71,3,34.74,23.46
340,133,59.65,111.71,4,3.34,30.83
340,135,53.29,293.67,0,9.49,10.29
340,135,53.29,293.67,1,38.65,2.11
340,135,53.29,293.67,2,28.92,9.68
340,135,53.29,293.67,3,34.74,23.46
340,135,53.29,293.67,4,3.34,30.83
340,137,286.08,95.15,0,9.49,10.29
340,137,286.08,95.15,1,38.65,2.11
340,137,286.08,95.15,2,28.92,9.68
340,137,286.08,95.15,3,34.74,23.46
340,137,286.08,95.15,4,3.34,30.83
340,139,363.87,162.66,0,9.49,10.29
340,139,363.87,162.66,1,38.65,2.11
340,139,363.87,162.66,2,28.92,9.68
340,139,363.87,162.66,3,34.74,23.46
340,139,363.87,162.66,4,3.34,30.83
340,141,342.26,386.85,0,9.49,10.29
340,141,342.26,386.85,1,38.65,2.11
340,141,342.26,386.85,2,28.92,9.68
340,141,342.26,386.85,3,34.74,23.46
340,141,342.26,386.85,4,3.34,30.83
340,142,268.57,110.71,0,9.49,10.29
340,142,268.57,110.71,1,38.65,2.11
340,142,268.57,110.71,2,28.92,9.68
340,142,268.57,110.71,3,34.74,23.46
340,142,268.57,110.71,4,3.34,30.83
340,143,335.49,320.63,0,9.49,10.29
340,143,335.49,320.63,1,38.65,2.11
340,143,335.49,320.63,2,28.92,9.68
340,143,335.49,320.63,3,34.74,23.46
340,143,335.49,320.63,4,3.34,30.83
340,145,229.49,325.71,0,9.49,10.29
340,145,229.49,325.71,1,38.65,2.11
340,145,229.49,325.71,2,28.92,9.68
340,145,229.49,325.71,3,34.74,23.46
340,145,229.49,325.71,4,3.34,30.83
340,146,104.92,159.43,0,9.49,10.29
340,146,104.92,159.43,1,38.65,2.11
340,146,104.92,159.43,2,28.92,9.68
340,146,104.92,159.43,3,34.74,23.46
340,146,104.92,159.43,4,3.34,30.83
340,148,333.38,213.65,0,9.49,10.29
340,148,333.38,213.65,1,38.65,2.11
340,148,333.38,213.65,2,28.92,9.68
340,148,333.38,213.65,3,34.74,23.46
340,148,333.38,213.65,4,3.34,30.83
340,149,356.90,235.49,0,9.49,10.29
340,149,356.90,235.49,1,38.65,2.11
340,149,356.90,235.49,2,28.92,9.68
340,149,356.90,235.49,3,34.74,23.46
340,149,356.90,235.49,4,3.34,30.83
340,150,289.98,118.80,0,9.49,10.29
340,150,289.98,118.80,1,38.65,2.11
340,150,289.98,118.80,2,28.92,9.68
340,150,289.98,118.80,3,34.74,23.46
340,150,289.98,118.80,4,3.34,30.83
340,151,243.69,92.69,0,9.49,10.29
340,151,243.69,92.69,1,38.65,2.11
340,151,243.69,92.69,2,28.92,9.68
340,151,243.69,92.69,3,34.74,23.46
340,151,243.69,92.69,4,3.34,30.83
340,152,73.65,102.25,0,9.49,10.29
340,152,73.65,102.25,1,38.65,2.11
340,152,73.65,102.25,2,28.92,9.68
340,152,73.65,102.25,3,34.74,23.46
340,152,73.65,102.25,4,3.34,30.83
340,155,244.14,121.09,0,9.49,10.29
340,155,244.14,121.09,1,38.65,2.11
340,155,244.14,121.09,2,28.92,9.68
340,155,244.14,121.09,3,34.74,23.46
340,155,244.14,121.09,4,3.34,30.83
340,156,359.66,283.18,0,9.49,10.29
340,156,359.66,283.18,1,38.65,2.11
340,156,359.66,283.18,2,28.92,9.68
340,156,359.66,283.18,3,34.74,23.46
340,156,359.66,283.18,4,3.34,30.83
340,157,251.75,98.25,0,9.49,10.29
340,157,251.75,98.25,1,38.65,2.11
340,157,251.75,98.25,2,28.92,9.68
340,157,251.75,98.25,3,34.74,23.46
340,157,251.75,98.25,4,3.34,30.83
340,159,366.27,265.92,0,9.49,10.29
340,159,366.27,265.92,1,38.65,2.11
340,159,366.27,265.92,2,28.92,9.68
340,159,366.27,265.92,3,34.74,23.46
340,159,366.27,265.92,4,3.34,30.83
340,160,317.35,390.89,0,9.49,10.29
340,160,317.35,390.89,1,38.65,2.11
340,160,317.35,390.89,2,28.92,9.68
340,160,317.35,390.89,3,34.74,23.46
340,160,317.35,390.89,4,3.34,30.83
340,161,178.36,136.83,0,9.49,10.29
340,161,178.36,136.83,1,38.65,2.11
340,161,178.36,136.83,2,28.92,9.68
340,161,178.36,136.83,3,34.74,23.46
340,161,178.36,136.83,4,3.34,30.83
340,162,289.08,349.19,0,9.49,10.29
340,162,289.08,349.19,1,38.65,2.11
340,162,289.08,349.19,2,28.92,9.68
340,162,289.08,349.19,3,34.74,23.46
340,162,289.08,349.19,4,3.34,30.83
340,163,190.99,130.11,0,9.49,10.29
340,163,190.99,130.11,1,38.65,2.11
340,163,190.99,130.11,2,28.92,9.68
340,163,190.99,130.11,3,34.74,23.46
340,163,190.99,130.11,4,3.34,30.83
340,164,51.32,60.38,0,9.49,10.29
340,164,51.32,60.38,1,38.65,2.11
340,164,51.32,60.38,2,28.92,9.68
340,164,51.32,60.38,3,34.74,23.46
340,164,51.32,60.38,4,3.34,30.83
340,165,93.26,97.28,0,9.49,10.29
340,165,93.26,97.28,1,38.65,2.11
340,165,93.26,97.28,2,28.92,9.68
340,165,93.26,97.28,3,34.74,23.46
340,165,93.26,97.28,4,3.34,30.83
340,166,291.20,367.77,0,9.49,10.29
340,166,291.20,367.77,1,38.65,2.11
340,166,291.20,367.77,2,28.92,9.68
340,166,291.20,367.77,3,34.74,23.46
340,166,291.20,367.77,4,3.34,30.83
340,167,380.30,293.07,0,9.49,10.29
340,167,380.30,293.07,1,38.65,2.11
340,167,380.30,293.07,2,28.92,9.68
340,167,380.30,293.07,3,34.74,23.46
340,167,380.30,293.07,4,3.34,30.83
340,168,193.77,279.82,0,9.49,10.29
340,168,193.77,279.82,1,38.65,2.11
340,168,193.77,279.82,2,28.92,9.68
340,168,193.77,279.82,3,34.74,23.46
340,168,193.77,279.82,4,3.34,30.83
340,169,244.88,89.01,0,9.49,10.29
340,169,244.88,89.01,1,38.65,2.11
340,169,244.88,89.01,2,28.92,9.68
340,169,244.88,89.01,3,34.74,23.46
340,169,244.88,89.01,4,3.34,30.83
340,170,332.57,241.75,0,9.49,10.29
340,170,332.57,241.75,1,38.65,2.11
340,170,332.57,241.75,2,28.92,9.68
340,170,332.57,241.75,3,34.74,23.46
340,170,332.57,241.75,4,3.34,30.83
340,171,91.86,107.43,0,9.49,10.29
340,171,91.86,107.43,1,38.65,2.11
340,171,91.86,107.43,2,28.92,9.68
340,171,91.86,107.43,3,34.74,23.46
340,171,91.86,107.43,4,3.34,30.83
340,172,377.17,205.33,0,9.49,10.29
340,172,377.17,205.33,1,38.65,2.11
340,172,377.17,205.33,2,28.92,9.68
340,172,377.17,205.33,3,34.74,23.46
340,172,377.17,205.33,4,3.34,30.83
340,173,380.90,188.61,0,9.49,10.29
340,173,380.90,188.61,1,38.65,2.11
340,173,380.90,188.61,2,28.92,9.68
340,173,380.90,188.61,3,34.74,23.46
340,173,380.90,188.61,4,3.34,30.83
340,174,164.99,210.65,0,9.49,10.29
340,174,164.99,210.65,1,38.65,2.11
340,174,164.99,210.65,2,28.92,9.68
340,174,164.99,210.65,3,34.74,23.46
340,174,164.99,210.65,4,3.34,30.83
340,176,65.86,167.83,0,9.49,10.29
340,176,65.86,167.83,1,38.65,2.11
340,176,65.86,167.83,2,28.92,9.68
340,176,65.86,167.83,3,34.74,23.46
340,176,65.86,167.83,4,3.34,30.83
340,177,206.75,279.19,0,9.49,10.29
340,177,206.75,279.19,1,38.65,2.11
340,177,206.75,279.19,2,28.92,9.68
340,177,206.75,279.19,3,34.74,23.46
340,177,206.75,279.19,4,3.34,30.83
340,178,254.40,96.60,0,9.49,10.29
340,178,254.40,96.60,1,38.65,2.11
340,178,254.40,96.60,2,28.92,9.68
340,178,254.40,96.60,3,34.74,23.46
340,178,254.40,96.60,4,3.34,30.83
340,180,234.44,138.94,0,9.49,10.29
340,180,234.44,138.94,1,38.65,2.11
340,180,234.44,138.94,2,28.92,9.68
340,180,234.44,138.94,3,34.74,23.46
340,180,234.44,138.94,4,3.34,30.83
340,181,40.62,122.81,0,9.49,10.29
340,181,40.62,122.81,1,38.65,2.11
340,181,40.62,122.81,2,28.92,9.68
340,181,40.62,122.81,3,34.74,23.46
340,181,40.62,122.81,4,3.34,30.83
340,183,91.54,116.65,0,9.49,10.29
340,183,91.54,116.65,1,38.65,2.11
340,183,91.54,116.65,2,28.92,9.68
340,183,91.54,116.65,3,34.74,23.46
340,183,91.54,116.65,4,3.34,30.83
340,184,83.93,96.05,0,9.49,10.29
340,184,83.93,96.05,1,38.65,2.11
340,184,83.93,96.05,2,28.92,9.68
340,184,83.93,96.05,3,34.74,23.46
340,184,83.93,96.05,4,3.34,30.83
340,185,50.53,303.80,0,9.49,10.29
340,185,50.53,303.80,1,38.65,2.11
340,185,50.53,303.80,2,28.92,9.68
340,185,50.53,303.80,3,34.74,23.46
340,185,50.53,303.80,4,3.34,30.83
340,186,256.92,107.19,0,9.49,10.29
340,186,256.92,107.19,1,38.65,2.11
340,186,256.92,107.19,2,28.92,9.68
340,186,256.92,107.19,3,34.74,23.46
340,186,256.92,107.19,4,3.34,30.83
340,187,101.41,313.03,0,9.49,10.29
340,187,101.41,313.03,1,38.65,2.11
340,187,101.41,313.03,2,28.92,9.68
340,187,101.41,313.03,3,34.74,23.46
340,187,101.41,313.03,4,3.34,30.83
340,188,269.38,115.00,0,9.49,10.29
340,188,269.38,115.00,1,38.65,2.11
340,188,269.38,115.00,2,28.92,9.68
340,188,269.38,115.00,3,34.74,23.46
340,188,269.38,115.00,4,3.34,30.83
340,190,63.95,83.71,0,9.49,10.29
340,190,63.95,83.71,1,38.65,2.11
340,190,63.95,83.71,2,28.92,9.68
340,190,63.95,83.71,3,34.74,23.46
340,190,63.95,83.71,4,3.34,30.83
340,192,279.31,95.88,0,9.49,10.29
340,192,279.31,95.88,1,38.65,2.11
340,192,279.31,95.88,2,28.92,9.68
340,192,279.31,95.88,3,34.74,23.46
340,192,279.31,95.88,4,3.34,30.83
340,193,312.78,106.79,0,9.49,10.29
340,193,312.78,106.79,1,38.65,2.11
340,193,312.78,106.79,2,28.92,9.68
340,193,312.78,106.79,3,34.74,23.46
340,193,312.78,106.79,4,3.34,30.83
340,194,72.44,116.58,0,9.49,10.29
340,194,72.44,116.58,1,38.65,2.11
340,194,72.44,116.58,2,28.92,9.68
340,194,72.44,116.58,3,34.74,23.46
340,194,72.44,116.58,4,3.34,30.83
340,195,69.94,339.25,0,9.49,10.29
340,195,69.94,339.25,1,38.65,2.11
340,195,69.94,339.25,2,28.92,9.68
340,195,69.94,339.25,3,34.74,23.46
340,195,69.94,339.25,4,3.34,30.83
340,196,89.18,107.82,0,9.49,10.29
340,196,89.18,107.82,1,38.65,2.11
340,196,89.18,107.82,2,28.92,9.68
340,196,89.18,107.82,3,34.74,23.46
340,196,89.18,107.82,4,3.34,30.83
340,198,367.89,202.11,0,9.49,10.29
340,198,367.89,202.11,1,38.65,2.11
340,198,367.89,202.11,2,28.92,9.68
340,198,367.89,202.11,3,34.74,23.46
340,198,367.89,202.11,4,3.34,30.83
340,199,55.32,140.30,0,9.49,10.29
340,199,55.32,140.30,1,38.65,2.11
340,199,55.32,140.30,2,28.92,9.68
340,199,55.32,140.30,3,34.74,23.46
340,199,55.32,140.30,4,3.34,30.83
340,200,49.64,97.34,0,9.49,10.29
340,200,49.64,97.34,1,38.65,2.11
340,200,49.64,97.34,2,28.92,9.68
340,200,49.64,97.34,3,34.74,23.46
340,200,49.64,97.34,4,3.34,30.83
340,201,373.84,202.84,0,9.49,10.29
340,201,373.84,202.84,1,38.65,2.11
340,201,373.84,202.84,2,28.92,9.68
340,201,373.84,202.84,3,34.74,23.46
340,201,373.84,202.84,4,3.34,30.83
340,203,361.71,215.86,0,9.49,10.29
340,203,361.71,215.86,1,38.65,2.11
340,203,361.71,215.86,2,28.92,9.68
340,203,361.71,215.86,3,34.74,23.46
340,203,361.71,215.86,4,3.34,30.83
340,204,32.50,310.50,0,9.49,10.29
340,204,32.50,310.50,1,38.65,2.11
340,204,32.50,310.50,2,28.92,9.68
340,204,32.50,310.50,3,34.74,23.46
340,204,32.50,310.50,4,3.34,30.83
340,206,276.67,103.17,0,9.49,10.29
340,206,276.67,103.17,1,38.65,2.11
340,206,276.67,103.17,2,28.92,9.68
340,206,276.67,103.17,3,34.74,23.46
340,206,276.67,103.17,4,3.34,30.83
340,207,24.34,300.93,0,9.49,10.29
340,207,24.34,300.93,1,38.65,2.11
340,207,24.34,300.93,2,28.92,9.68
340,207,24.34,300.93,3,34.74,23.46
340,207,24.34,300.93,4,3.34,30.83
340,208,36.66,321.45,0,9.49,10.29
340,208,36.66,321.45,1,38.65,2.11
340,208,36.66,321.45,2,28.92,9.68
340,208,36.66,321.45,3,34.74,23.46
340,208,36.66,321.45,4,3.34,30.83
340,211,98.96,361.38,0,9.49,10.29
340,211,98.96,361.38,1,38.65,2.11
340,211,98.96,361.38,2,28.92,9.68
340,211,98.96,361.38,3,34.74,23.46
340,211,98.96,361.38,4,3.34,30.83
340,212,376.97,247.61,0,9.49,10.29
340,212,376.97,247.61,1,38.65,2.11
340,212,376.97,247.61,2,28.92,9.68
340,212,376.97,247.61,3,34.74,23.46
340,212,376.97,247.61,4,3.34,30.83
340,213,367.95,243.61,0,9.49,10.29
340,213,367.95,243.61,1,38.65,2.11
340,213,367.95,243.61,2,28.92,9.68
340,213,367.95,243.61,3,34.74,23.46
340,213,367.95,243.61,4,3.34,30.83
340,214,266.52,81.90,0,9.49,10.29
340,214,266.52,81.90,1,38.65,2.11
340,214,266.52,81.90,2,28.92,9.68
340,214,266.52,81.90,3,34.74,23.46
340,214,266.52,81.90,4,3.34,30.83
340,215,254.77,394.56,0,9.49,10.29
340,215,254.77,394.56,1,38.65,2.11
340,215,254.77,394.56,2,28.92,9.68
340,215,254.77,394.56,3,34.74,23.46
340,215,254.77,394.56,4,3.34,30.83
340,216,245.65,393.35,0,9.49,10.29
340,216,245.65,393.35,1,38.65,2.11
340,216,245.65,393.35,2,28.92,9.68
340,216,245.65,393.35,3,34.74,23.46
340,216,245.65,393.35,4,3.34,30.83
340,217,384.91,21.77,0,9.49,10.29
340,217,384.91,21.77,1,38.65,2.11
340,217,384.91,21.77,2,28.92,9.68
340,217,384.91,21.77,3,34.74,23.46
340,217,384.91,21.77,4,3.34,30.83
340,218,276.07,386.34,0,9.49,10.29
340,218,276.07,386.34,1,38.65,2.11
340,218,276.07,386.34,2,28.92,9.68
340,218,276.07,386.34,3,34.74,23.46
340,218,276.07,386.34,4,3.34,30.83
340,219,52.77,105.47,0,9.49,10.29
340,219,52.77,105.47,1,38.65,2.11
340,219,52.77,105.47,2,28.92,9.68
340,219,52.77,105.47,3,34.74,23.46
340,219,52.77,105.47,4,3.34,30.83
340,221,345.47,231.47,0,9.49,10.29
340,221,345.47,231.47,1,38.65,2.11
340,221,345.47,231.47,2,28.92,9.68
340,221,345.47,231.47,3,34.74,23.46
340,221,345.47,231.47,4,3.34,30.83
340,223,360.15,206.49,0,9.49,10.29
340,223,360.15,206.49,1,38.65,2.11
340,223,360.15,206.49,2,28.92,9.68
340,223,360.15,206.49,3,34.74,23.46
340,223,360.15,206.49,4,3.34,30.83
340,226,298.20,147.05,0,9.49,10.29
340,226,298.20,147.05,1,38.65,2.11
340,226,298.20,147.05,2,28.92,9.68
340,226,298.20,147.05,3,34.74,23.46
340,226,298.20,147.05,4,3.34,30.83
340,227,69.75,320.34,0,9.49,10.29
340,227,69.75,320.34,1,38.65,2.11
340,227,69.75,320.34,2,28.92,9.68
340,227,69.75,320.34,3,34.74,23.46
340,227,69.75,320.34,4,3.34,30.83
340,228,270.11,78.68,0,9.49,10.29
340,228,270.11,78.68,1,38.65,2.11
340,228,270.11,78.68,2,28.92,9.68
340,228,270.11,78.68,3,34.74,23.46
340,228,270.11,78.68,4,3.34,30.83
340,229,155.62,113.29,0,9.49,10.29
340,229,155.62,113.29,1,38.65,2.11
340,229,155.62,113.29,2,28.92,9.68
340,229,155.62,113.29,3,34.74,23.46
340,229,155.62,113.29,4,3.34,30.83
340,230,147.39,62.49,0,9.49,10.29
340,230,147.39,62.49,1,38.65,2.11
340,230,147.39,62.49,2,28.92,9.68
340,230,147.39,62.49,3,34.74,23.46
340,230,147.39,62.49,4,3.34,30.83
340,231,296.12,320.04,0,9.49,10.29
340,231,296.12,320.04,1,38.65,2.11
340,231,296.12,320.04,2,28.92,9.68
340,231,296.12,320.04,3,34.74,23.46
340,231,296.12,320.04,4,3.34,30.83
340,232,377.09,37.00,0,9.49,10.29
340,232,377.09,37.00,1,38.65,2.11
340,232,377.09,37.00,2,28.92,9.68
340,232,377.09,37.00,3,34.74,23.46
340,232,377.09,37.00,4,3.34,30.83
340,233,364.81,229.19,0,9.49,10.29
340,233,364.81,229.19,1,38.65,2.11
340,233,364.81,229.19,2,28.92,9.68
340,233,364.81,229.19,3,34.74,23.46
340,233,364.81,229.19,4,3.34,30.83
340,237,172.84,144.32,0,9.49,10.29
340,237,172.84,144.32,1,38.65,2.11
340,237,172.84,144.32,2,28.92,9.68
340,237,172.84,144.32,3,34.74,23.46
340,237,172.84,144.32,4,3.34,30.83
340,238,23.02,307.91,0,9.49,10.29
340,238,23.02,307.91,1,38.65,2.11
340,238,23.02,307.91,2,28.92,9.68
340,238,23.02,307.91,3,34.74,23.46
340,238,23.02,307.91,4,3.34,30.83
340,239,232.04,117.99,0,9.49,10.29
340,239,232.04,117.99,1,38.65,2.11
340,239,232.04,117.99,2,28.92,9.68
340,239,232.04,117.99,3,34.74,23.46
340,239,232.04,117.99,4,3.34,30.83
340,240,113.45,247.39,0,9.49,10.29
340,240,113.45,247.39,1,38.65,2.11
340,240,113.45,247.39,2,28.92,9.68
340,240,113.45,247.39,3,34.74,23.46
340,240,113.45,247.39,4,3.34,30.83
340,241,378.91,209.26,0,9.49,10.29
340,241,378.91,209.26,1,38.65,2.11
340,241,378.91,209.26,2,28.92,9.68
340,241,378.91,209.26,3,34.74,23.46
340,241,378.91,209.26,4,3.34,30.83
340,242,202.00,226.77,0,9.49,10.29
340,242,202.00,226.77,1,38.65,2.11
340,242,202.00,226.77,2,28.92,9.68
340,242,202.00,226.77,3,34.74,23.46
340,242,202.00,226.77,4,3.34,30.83
340,243,34.30,303.02,0,9.49,10.29
340,243,34.30,303.02,1,38.65,2.11
340,243,34.30,303.02,2,28.92,9.68
340,243,34.30,303.02,3,34.74,23.46
340,243,34.30,303.02,4,3.34,30.83
340,244,159.51,326.50,0,9.49,10.29
340,244,159.51,326.50,1,38.65,2.11
340,244,159.51,326.50,2,28.92,9.68
340,244,159.51,326.50,3,34.74,23.46
340,244,159.51,326.50,4,3.34,30.83
340,245,241.05,133.57,0,9.49,10.29
340,245,241.05,133.57,1,38.65,2.11
340,245,241.05,133.57,2,28.92,9.68
340,245,241.05,133.57,3,34.74,23.46
340,245,241.05,133.57,4,3.34,30.83
340,246,351.37,222.33,0,9.49,10.29
340,246,351.37,222.33,1,38.65,2.11
340,246,351.37,222.33,2,28.92,9.68
340,246,351.37,222.33,3,34.74,23.46
340,246,351.37,222.33,4,3.34,30.83
340,248,379.28,276.58,0,9.49,10.29
340,248,379.28,276.58,1,38.65,2.11
340,248,379.28,276.58,2,28.92,9.68
340,248,379.28,276.58,3,34.74,23.46
340,248,379.28,276.58,4,3.34,30.83
340,249,373.98,392.78,0,9.49,10.29
340,249,373.98,392.78,1,38.65,2.11
340,249,373.98,392.78,2,28.92,9.68
340,249,373.98,392.78,3,34.74,23.46
340,249,373.98,392.78,4,3.34,30.83
340,250,249.98,295.26,0,9.49,10.29
340,250,249.98,295.26,1,38.65,2.11
340,250,249.98,295.26,2,28.92,9.68
340,250,249.98,295.26,3,34.74,23.46
340,250,249.98,295.26,4,3.34,30.83
340,251,51.31,309.41,0,9.49,10.29
340,251,51.31,309.41,1,38.65,2.11
340,251,51.31,309.41,2,28.92,9.68
340,251,51.31,309.41,3,34.74,23.46
340,251,51.31,309.41,4,3.34,30.83
340,252,41.09,92.36,0,9.49,10.29
340,252,41.09,92.36,1,38.65,2.11
340,252,41.09,92.36,2,28.92,9.68
340,252,41.09,92.36,3,34.74,23.46
340,252,41.09,92.36,4,3.34,30.83
340,253,344.28,198.37,0,9.49,10.29
340,253,344.28,198.37,1,38.65,2.11
340,253,344.28,198.37,2,28.92,9.68
340,253,344.28,198.37,3,34.74,23.46
340,253,344.28,198.37,4,3.34,30.83
340,254,366.08,176.60,0,9.49,10.29
340,254,366.08,176.60,1,38.65,2.11
340,254,366.08,176.60,2,28.92,9.68
340,254,366.08,176.60,3,34.74,23.46
340,254,366.08,176.60,4,3.34,30.83
340,256,96.08,100.83,0,9.49,10.29
340,256,96.08,100.83,1,38.65,2.11
340,256,96.08,100.83,2,28.92,9.68
340,256,96.08,100.83,3,34.74,23.46
340,256,96.08,100.83,4,3.34,30.83
340,257,371.14,197.77,0,9.49,10.29
340,257,371.14,197.77,1,38.65,2.11
340,257,371.14,197.77,2,28.92,9.68
340,257,371.14,197.77,3,34.74,23.46
340,257,371.14,197.77,4,3.34,30.83
340,258,382.94,41.71,0,9.49,10.29
340,258,382.94,41.71,1,38.65,2.11
340,258,382.94,41.71,2,28.92,9.68
340,258,382.94,41.71,3,34.74,23.46
340,258,382.94,41.71,4,3.34,30.83
340,259,96.43,104.12,0,9.49,10.29
340,259,96.43,104.12,1,38.65,2.11
340,259,96.43,104.12,2,28.92,9.68
340,259,96.43,104.12,3,34.74,23.46
340,259,96.43,104.12,4,3.34,30.83
340,260,315.83,368.80,0,9.49,10.29
340,260,315.83,368.80,1,38.65,2.11
340,260,315.83,368.80,2,28.92,9.68
340,260,315.83,368.80,3,34.74,23.46
340,260,315.83,368.80,4,3.34,30.83
340,261,48.56,328.80,0,9.49,10.29
340,261,48.56,328.80,1,38.65,2.11
340,261,48.56,328.80,2,28.92,9.68
340,261,48.56,328.80,3,34.74,23.46
340,261,48.56,328.80,4,3.34,30.83
340,262,153.57,101.63,0,9.49,10.29
340,262,153.57,101.63,1,38.65,2.11
340,262,153.57,101.63,2,28.92,9.68
340,262,153.57,101.63,3,34.74,23.46
340,262,153.57,101.63,4,3.34,30.83
340,263,155.81,86.90,0,9.49,10.29
340,263,155.81,86.90,1,38.65,2.11
340,263,155.81,86.90,2,28.92,9.68
340,263,155.81,86.90,3,34.74,23.46
340,263,155.81,86.90,4,3.34,30.83
340,264,63.15,129.90,0,9.49,10.29
340,264,63.15,129.90,1,38.65,2.11
340,264,63.15,129.90,2,28.92,9.68
340,264,63.15,129.90,3,34.74,23.46
340,264,63.15,129.90,4,3.34,30.83
340,265,221.86,331.80,0,9.49,10.29
340,265,221.86,331.80,1,38.65,2.11
340,265,221.86,331.80,2,28.92,9.68
340,265,221.86,331.80,3,34.74,23.46
340,265,221.86,331.80,4,3.34,30.83
340,266,78.88,304.27,0,9.49,10.29
340,266,78.88,304.27,1,38.65,2.11
340,266,78.88,304.27,2,28.92,9.68
340,266,78.88,304.27,3,34.74,23.46
340,266,78.88,304.27,4,3.34,30.83
340,267,215.79,74.33,0,9.49,10.29
340,267,215.79,74.33,1,38.65,2.11
340,267,215.79,74.33,2,28.92,9.68
340,267,215.79,74.33,3,34.74,23.46
340,267,215.79,74.33,4,3.34,30.83
340,268,246.29,102.87,0,9.49,10.29
340,268,246.29,102.87,1,38.65,2.11
340,268,246.29,102.87,2,28.92,9.68
340,268,246.29,102.87,3,34.74,23.46
340,268,246.29,102.87,4,3.34,30.83
340,269,45.69,131.33,0,9.49,10.29
340,269,45.69,131.33,1,38.65,2.11
340,269,45.69,131.33,2,28.92,9.68
340,269,45.69,131.33,3,34.74,23.46
340,269,45.69,131.33,4,3.34,30.83
340,271,78.21,114.60,0,9.49,10.29
340,271,78.21,114.60,1,38.65,2.11
340,271,78.21,114.60,2,28.92,9.68
340,271,78.21,114.60,3,34.74,23.46
340,271,78.21,114.60,4,3.34,30.83
340,273,28.73,295.46,0,9.49,10.29
340,273,28.73,295.46,1,38.65,2.11
340,273,28.73,295.46,2,28.92,9.68
340,273,28.73,295.46,3,34.74,23.46
340,273,28.73,295.46,4,3.34,30.83
340,274,97.87,41.46,0,9.49,10.29
340,274,97.87,41.46,1,38.65,2.11
340,274,97.87,41.46,2,28.92,9.68
340,274,97.87,41.46,3,34.74,23.46
340,274,97.87,41.46,4,3.34,30.83
340,275,341.19,222.63,0,9.49,10.29
340,275,341.19,222.63,1,38.65,2.11
340,275,341.19,222.63,2,28.92,9.68
340,275,341.19,222.63,3,34.74,23.46
340,275,341.19,222.63,4,3.34,30.83
340,276,342.02,227.80,0,9.49,10.29
340,276,342.02,227.80,1,38.65,2.11
340,276,342.02,227.80,2,28.92,9.68
340,276,342.02,227.80,3,34.74,23.46
340,276,342.02,227.80,4,3.34,30.83
340,277,311.78,191.81,0,9.49,10.29
340,277,311.78,191.81,1,38.65,2.11
340,277,311.78,191.81,2,28.92,9.68
340,277,311.78,191.81,3,34.74,23.46
340,277,311.78,191.81,4,3.34,30.83
340,278,62.23,356.40,0,9.49,10.29
340,278,62.23,356.40,1,38.65,2.11
340,278,62.23,356.40,2,28.92,9.68
340,278,62.23,356.40,3,34.74,23.46
340,278,62.23,356.40,4,3.34,30.83
340,279,219.79,393.53,0,9.49,10.29
340,279,219.79,393.53,1,38.65,2.11
340,279,219.79,393.53,2,28.92,9.68
340,279,219.79,393.53,3,34.74,23.46
340,279,219.79,393.53,4,3.34,30.83
340,281,250.64,68.53,0,9.49,10.29
340,281,250.64,68.53,1,38.65,2.11
340,281,250.64,68.53,2,28.92,9.68
340,281,250.64,68.53,3,34.74,23.46
340,281,250.64,68.53,4,3.34,30.83
340,282,370.57,201.57,0,9.49,10.29
340,282,370.57,201.57,1,38.65,2.11
340,282,370.57,201.57,2,28.92,9.68
340,282,370.57,201.57,3,34.74,23.46
340,282,370.57,201.57,4,3.34,30.83
340,283,347.81,189.68,0,9.49,10.29
340,283,347.81,189.68,1,38.65,2.11
340,283,347.81,189.68,2,28.92,9.68
340,283,347.81,189.68,3,34.74,23.46
340,283,347.81,189.68,4,3.34,30.83
340,284,270.85,97.58,0,9.49,10.29
340,284,270.85,97.58,1,38.65,2.11
340,284,270.85,97.58,2,28.92,9.68
340,284,270.85,97.58,3,34.74,23.46
340,284,270.85,97.58,4,3.34,30.83
340,285,222.59,352.81,0,9.49,10.29
340,285,222.59,352.81,1,38.65,2.11
340,285,222.59,352.81,2,28.92,9.68
340,285,222.59,352.81,3,34.74,23.46
340,285,222.59,352.81,4,3.34,30.83
340,286,252.79,347.39,0,9.49,10.29
340,286,252.79,347.39,1,38.65,2.11
340,286,252.79,347.39,2,28.92,9.68
340,286,252.79,347.39,3,34.74,23.46
340,286,252.79,347.39,4,3.34,30.83
340,288,98.89,31.74,0,9.49,10.29
340,288,98.89,31.74,1,38.65,2.11
340,288,98.89,31.74,2,28.92,9.68
340,288,98.89,31.74,3,34.74,23.46
340,288,98.89,31.74,4,3.34,30.83
340,289,47.11,312.89,0,9.49,10.29
340,289,47.11,312.89,1,38.65,2.11
340,289,47.11,312.89,2,28.92,9.68
340,289,47.11,312.89,3,34.74,23.46
340,289,47.11,312.89,4,3.34,30.83
340,290,338.82,241.94,0,9.49,10.29
340,290,338.82,241.94,1,38.65,2.11
340,290,338.82,241.94,2,28.92,9.68
340,290,338.82,241.94,3,34.74,23.46
340,290,338.82,241.94,4,3.34,30.83
340,291,67.79,74.38,0,9.49,10.29
340,291,67.79,74.38,1,38.65,2.11
340,291,67.79,74.38,2,28.92,9.68
340,291,67.79,74.38,3,34.74,23.46
340,291,67.79,74.38,4,3.34,30.83
340,292,285.05,296.81,0,9.49,10.29
340,292,285.05,296.81,1,38.65,2.11
340,292,285.05,296.81,2,28.92,9.68
340,292,285.05,296.81,3,34.74,23.46
340,292,285.05,296.81,4,3.34,30.83
340,293,263.38,103.38,0,9.49,10.29
340,293,263.38,103.38,1,38.65,2.11
340,293,263.38,103.38,2,28.92,9.68
340,293,263.38,103.38,3,34.74,23.46
340,293,263.38,103.38,4,3.34,30.83
340,294,69.55,332.05,0,9.49,10.29
340,294,69.55,332.05,1,38.65,2.11
340,294,69.55,332.05,2,28.92,9.68
340,294,69.55,332.05,3,34.74,23.46
340,294,69.55,332.05,4,3.34,30.83
340,297,372.14,181.32,0,9.49,10.29
340,297,372.14,181.32,1,38.65,2.11
340,297,372.14,181.32,2,28.92,9.68
340,297,372.14,181.32,3,34.74,23.46
340,297,372.14,181.32,4,3.34,30.83
340,298,385.80,36.52,0,9.49,10.29
340,298,385.80,36.52,1,38.65,2.11
340,298,385.80,36.52,2,28.92,9.68
340,298,385.80,36.52,3,34.74,23.46
340,298,385.80,36.52,4,3.34,30.83
340,300,211.23,341.50,0,9.49,10.29
340,300,211.23,341.50,1,38.65,2.11
340,300,211.23,341.50,2,28.92,9.68
340,300,211.23,341.50,3,34.74,23.46
340,300,211.23,341.50,4,3.34,30.83
350,2,83.83,101.75,0,9.30,10.55
350,2,83.83,101.75,1,38.68,1.64
350,2,83.83,101.75,2,28.78,9.75
350,2,83.83,101.75,3,34.74,23.46
350,2,83.83,101.75,4,3.34,30.83
350,3,184.50,285.14,0,9.30,10.55
350,3,184.50,285.14,1,38.68,1.64
350,3,184.50,285.14,2,28.78,9.75
350,3,184.50,285.14,3,34.74,23.46
350,3,184.50,285.14,4,3.34,30.83
350,6,52.61,299.07,0,9.30,10.55
350,6,52.61,299.07,1,38.68,1.64
350,6,52.61,299.07,2,28.78,9.75
350,6,52.61,299.07,3,34.74,23.46
350,6,52.61,299.07,4,3.34,30.83
350,8,91.43,364.38,0,9.30,10.55
350,8,91.43,364.38,1,38.68,1.64
350,8,91.43,364.38,2,28.78,9.75
350,8,91.43,364.38,3,34.74,23.46
350,8,91.43,364.38,4,3.34,30.83
350,9,312.60,206.92,0,9.30,10.55
350,9,312.60,206.92,1,38.68,1.64
350,9,312.60,206.92,2,28.78,9.75
350,9,312.60,206.92,3,34.74,23.46
350,9,312.60,206.92,4,3.34,30.83
350,11,166.54,109.75,0,9.30,10.55
350,11,166.54,109.75,1,38.68,1.64
350,11,166.54,109.75,2,28.78,9.75
350,11,166.54,109.75,3,34.74,23.46
350,11,166.54,109.75,4,3.34,30.83
350,13,138.35,95.85,0,9.30,10.55
350,13,138.35,95.85,1,38.68,1.64
350,13,138.35,95.85,2,28.78,9.75
350,13,138.35,95.85,3,34.74,23.46
350,13,138.35,95.85,4,3.34,30.83
350,14,18.83,329.68,0,9.30,10.55
350,14,18.83,329.68,1,38.68,1.64
350,14,18.83,329.68,2,28.78,9.75
350,14,18.83,329.68,3,34.74,23.46
350,14,18.83,329.68,4,3.34,30.83
350,15,25.75,313.05,0,9.30,10.55
350,15,25.75,313.05,1,38.68,1.64
350,15,25.75,313.05,2,28.78,9.75
350,15,25.75,313.05,3,34.74,23.46
350,15,25.75,313.05,4,3.34,30.83
350,16,352.01,242.96,0,9.30,10.55
350,16,352.01,242.96,1,38.68,1.64
350,16,352.01,242.96,2,28.78,9.75
350,16,352.01,242.96,3,34.74,23.46
350,16,352.01,242.96,4,3.34,30.83
350,18,146.60,335.02,0,9.30,10.55
350,18,146.60,335.02,1,38.68,1.64
350,18,146.60,335.02,2,28.78,9.75
350,18,146.60,335.02,3,34.74,23.46
350,18,146.60,335.02,4,3.34,30.83
350,19,37.63,309.13,0,9.30,10.55
350,19,37.63,309.13,1,38.68,1.64
350,19,37.63,309.13,2,28.78,9.75
350,19,37.63,309.13,3,34.74,23.46
350,19,37.63,309.13,4,3.34,30.83
350,20,212.25,391.99,0,9.30,10.55
350,20,212.25,391.99,1,38.68,1.64
350,20,212.25,391.99,2,28.78,9.75
350,20,212.25,391.99,3,34.74,23.46
350,20,212.25,391.99,4,3.34,30.83
350,21,380.40,172.10,0,9.30,10.55
350,21,380.40,172.10,1,38.68,1.64
350,21,380.40,172.10,2,28.78,9.75
350,21,380.40,172.10,3,34.74,23.46
350,21,380.40,172.10,4,3.34,30.83
350,22,295.46,374.04,0,9.30,10.55
350,22,295.46,374.04,1,38.68,1.64
350,22,295.46,374.04,2,28.78,9.75
350,22,295.46,374.04,3,34.74,23.46
350,22,295.46,374.04,4,3.34,30.83
350,23,353.92,226.73,0,9.30,10.55
350,23,353.92,226.73,1,38.68,1.64
350,23,353.92,226.73,2,28.78,9.75
350,23,353.92,226.73,3,34.74,23.46
350,23,353.92,226.73,4,3.34,30.83
350,24,126.23,95.36,0,9.30,10.55
350,24,126.23,95.36,1,38.68,1.64
350,24,126.23,95.36,2,28.78,9.75
350,24,126.23,95.36,3,34.74,23.46
350,24,126.23,95.36,4,3.34,30.83
350,26,291.23,67.09,0,9.30,10.55
350,26,291.23,67.09,1,38.68,1.64
350,26,291.23,67.09,2,28.78,9.75
350,26,291.23,67.09,3,34.74,23.46
350,26,291.23,67.09,4,3.34,30.83
350,28,382.50,327.01,0,9.30,10.55
350,28,382.50,327.01,1,38.68,1.64
350,28,382.50,327.01,2,28.78,9.75
350,28,382.50,327.01,3,34.74,23.46
350,28,382.50,327.01,4,3.34,30.83
350,29,108.48,285.97,0,9.30,10.55
350,29,108.48,285.97,1,38.68,1.64
350,29,108.48,285.97,2,28.78,9.75
350,29,108.48,285.97,3,34.74,23.46
350,29,108.48,285.97,4,3.34,30.83
350,31,245.24,69.66,0,9.30,10.55
350,31,245.24,69.66,1,38.68,1.64
350,31,245.24,69.66,2,28.78,9.75
350,31,245.24,69.66,3,34.74,23.46
350,31,245.24,69.66,4,3.34,30.83
350,34,258.09,106.41,0,9.30,10.55
350,34,258.09,106.41,1,38.68,1.64
350,34,258.09,106.41,2,28.78,9.75
350,34,258.09,106.41,3,34.74,23.46
350,34,258.09,106.41,4,3.34,30.83
350,35,352.01,217.20,0,9.30,10.55
350,35,352.01,217.20,1,38.68,1.64
350,35,352.01,217.20,2,28.78,9.75
350,35,352.01,217.20,3,34.74,23.46
350,35,352.01,217.20,4,3.34,30.83
350,36,47.01,316.80,0,9.30,10.55
350,36,47.01,316.80,1,38.68,1.64
350,36,47.01,316.80,2,28.78,9.75
350,36,47.01,316.80,3,34.74,23.46
350,36,47.01,316.80,4,3.34,30.83
350,37,346.13,239.91,0,9.30,10.55
350,37,346.13,239.91,1,38.68,1.64
350,37,346.13,239.91,2,28.78,9.75
350,37,346.13,239.91,3,34.74,23.46
350,37,346.13,239.91,4,3.34,30.83
350,38,97.19,248.85,0,9.30,10.55
350,38,97.19,248.85,1,38.68,1.64
350,38,97.19,248.85,2,28.78,9.75
350,38,97.19,248.85,3,34.74,23.46
350,38,97.19,248.85,4,3.34,30.83
350,39,97.30,160.63,0,9.30,10.55
350,39,97.30,160.63,1,38.68,1.64
350,39,97.30,160.63,2,28.78,9.75
350,39,97.30,160.63,3,34.74,23.46
350,39,97.30,160.63,4,3.34,30.83
350,40,292.45,99.32,0,9.30,10.55
350,40,292.45,99.32,1,38.68,1.64
350,40,292.45,99.32,2,28.78,9.75
350,40,292.45,99.32,3,34.74,23.46
350,40,292.45,99.32,4,3.34,30.83
350,41,277.49,284.98,0,9.30,10.55
350,41,277.49,284.98,1,38.68,1.64
350,41,277.49,284.98,2,28.78,9.75
350,41,277.49,284.98,3,34.74,23.46
350,41,277.49,284.98,4,3.34,30.83
350,42,361.44,225.48,0,9.30,10.55
350,42,361.44,225.48,1,38.68,1.64
350,42,361.44,225.48,2,28.78,9.75
350,42,361.44,225.48,3,34.74,23.46
350,42,361.44,225.48,4,3.34,30.83
350,43,269.69,97.69,0,9.30,10.55
350,43,269.69,97.69,1,38.68,1.64
350,43,269.69,97.69,2,28.78,9.75
350,43,269.69,97.69,3,34.74,23.46
350,43,269.69,97.69,4,3.34,30.83
350,46,39.00,314.67,0,9.30,10.55
350,46,39.00,314.67,1,38.68,1.64
350,46,39.00,314.67,2,28.78,9.75
350,46,39.00,314.67,3,34.74,23.46
350,46,39.00,314.67,4,3.34,30.83
350,49,250.55,107.06,0,9.30,10.55
350,49,250.55,107.06,1,38.68,1.64
350,49,250.55,107.06,2,28.78,9.75
350,49,250.55,107.06,3,34.74,23.46
350,49,250.55,107.06,4,3.34,30.83
350,50,333.96,280.49,0,9.30,10.55
350,50,333.96,280.49,1,38.68,1.64
350,50,333.96,280.49,2,28.78,9.75
350,50,333.96,280.49,3,34.74,23.46
350,50,333.96,280.49,4,3.34,30.83
350,53,319.36,223.18,0,9.30,10.55
350,53,319.36,223.18,1,38.68,1.64
350,53,319.36,223.18,2,28.78,9.75
350,53,319.36,223.18,3,34.74,23.46
350,53,319.36,223.18,4,3.34,30.83
350,54,373.67,28.80,0,9.30,10.55
350,54,373.67,28.80,1,38.68,1.64
350,54,373.67,28.80,2,28.78,9.75
350,54,373.67,28.80,3,34.74,23.46
350,54,373.67,28.80,4,3.34,30.83
350,55,325.46,231.51,0,9.30,10.55
350,55,325.46,231.51,1,38.68,1.64
350,55,325.46,231.51,2,28.78,9.75
350,55,325.46,231.51,3,34.74,23.46
350,55,325.46,231.51,4,3.34,30.83
350,56,351.66,198.46,0,9.30,10.55
350,56,351.66,198.46,1,38.68,1.64
350,56,351.66,198.46,2,28.78,9.75
350,56,351.66,198.46,3,34.74,23.46
350,56,351.66,198.46,4,3.34,30.83
350,57,83.52,137.69,0,9.30,10.55
350,57,83.52,137.69,1,38.68,1.64
350,57,83.52,137.69,2,28.78,9.75
350,57,83.52,137.69,3,34.74,23.46
350,57,83.52,137.69,4,3.34,30.83
350,60,148.95,293.07,0,9.30,10.55
350,60,148.95,293.07,1,38.68,1.64
350,60,148.95,293.07,2,28.78,9.75
350,60,148.95,293.07,3,34.74,23.46
350,60,148.95,293.07,4,3.34,30.83
350,61,77.32,122.91,0,9.30,10.55
350,61,77.32,122.91,1,38.68,1.64
350,61,77.32,122.91,2,28.78,9.75
350,61,77.32,122.91,3,34.74,23.46
350,61,77.32,122.91,4,3.34,30.83
350,62,33.40,335.47,0,9.30,10.55
350,62,33.40,335.47,1,38.68,1.64
350,62,33.40,335.47,2,28.78,9.75
350,62,33.40,335.47,3,34.74,23.46
350,62,33.40,335.47,4,3.34,30.83
350,63,93.07,131.15,0,9.30,10.55
350,63,93.07,131.15,1,38.68,1.64
350,63,93.07,131.15,2,28.78,9.75
350,63,93.07,131.15,3,34.74,23.46
350,63,93.07,131.15,4,3.34,30.83
350,65,351.20,238.00,0,9.30,10.55
350,65,351.20,238.00,1,38.68,1.64
350,65,351.20,238.00,2,28.78,9.75
350,65,351.20,238.00,3,34.74,23.46
350,65,351.20,238.00,4,3.34,30.83
350,66,62.00,341.93,0,9.30,10.55
350,66,62.00,341.93,1,38.68,1.64
350,66,62.00,341.93,2,28.78,9.75
350,66,62.00,341.93,3,34.74,23.46
350,66,62.00,341.93,4,3.34,30.83
350,67,60.58,184.91,0,9.30,10.55
350,67,60.58,184.91,1,38.68,1.64
350,67,60.58,184.91,2,28.78,9.75
350,67,60.58,184.91,3,34.74,23.46
350,67,60.58,184.91,4,3.34,30.83
350,68,208.50,334.32,0,9.30,10.55
350,68,208.50,334.32,1,38.68,1.64
350,68,208.50,334.32,2,28.78,9.75
350,68,208.50,334.32,3,34.74,23.46
350,68,208.50,334.32,4,3.34,30.83
350,69,383.34,318.63,0,9.30,10.55
350,69,383.34,318.63,1,38.68,1.64
350,69,383.34,318.63,2,28.78,9.75
350,69,383.34,318.63,3,34.74,23.46
350,69,383.34,318.63,4,3.34,30.83
350,70,285.00,99.00,0,9.30,10.55
350,70,285.00,99.00,1,38.68,1.64
350,70,285.00,99.00,2,28.78,9.75
350,70,285.00,99.00,3,34.74,23.46
350,70,285.00,99.00,4,3.34,30.83
350,71,33.87,322.81,0,9.30,10.55
350,71,33.87,322.81,1,38.68,1.64
350,71,33.87,322.81,2,28.78,9.75
350,71,33.87,322.81,3,34.74,23.46
350,71,33.87,322.81,4,3.34,30.83
350,72,26.95,334.58,0,9.30,10.55
350,72,26.95,334.58,1,38.68,1.64
350,72,26.95,334.58,2,28.78,9.75
350,72,26.95,334.58,3,34.74,23.46
350,72,26.95,334.58,4,3.34,30.83
350,73,382.01,201.29,0,9.30,10.55
350,73,382.01,201.29,1,38.68,1.64
350,73,382.01,201.29,2,28.78,9.75
350,73,382.01,201.29,3,34.74,23.46
350,73,382.01,201.29,4,3.34,30.83
350,74,271.79,92.00,0,9.30,10.55
350,74,271.79,92.00,1,38.68,1.64
350,74,271.79,92.00,2,28.78,9.75
350,74,271.79,92.00,3,34.74,23.46
350,74,271.79,92.00,4,3.34,30.83
350,75,241.70,97.16,0,9.30,10.55
350,75,241.70,97.16,1,38.68,1.64
350,75,241.70,97.16,2,28.78,9.75
350,75,241.70,97.16,3,34.74,23.46
350,75,241.70,97.16,4,3.34,30.83
350,76,372.60,181.22,0,9.30,10.55
350,76,372.60,181.22,1,38.68,1.64
350,76,372.60,181.22,2,28.78,9.75
350,76,372.60,181.22,3,34.74,23.46
350,76,372.60,181.22,4,3.34,30.83
350,77,86.40,120.17,0,9.30,10.55
350,77,86.40,120.17,1,38.68,1.64
350,77,86.40,120.17,2,28.78,9.75
350,77,86.40,120.17,3,34.74,23.46
350,77,86.40,120.17,4,3.34,30.83
350,78,196.98,378.08,0,9.30,10.55
350,78,196.98,378.08,1,38.68,1.64
350,78,196.98,378.08,2,28.78,9.75
350,78,196.98,378.08,3,34.74,23.46
350,78,196.98,378.08,4,3.34,30.83
350,81,263.47,356.17,0,9.30,10.55
350,81,263.47,356.17,1,38.68,1.64
350,81,263.47,356.17,2,28.78,9.75
350,81,263.47,356.17,3,34.74,23.46
350,81,263.47,356.17,4,3.34,30.83
350,82,335.73,144.18,0,9.30,10.55
350,82,335.73,144.18,1,38.68,1.64
350,82,335.73,144.18,2,28.78,9.75
350,82,335.73,144.18,3,34.74,23.46
350,82,335.73,144.18,4,3.34,30.83
350,83,216.45,60.95,0,9.30,10.55
350,83,216.45,60.95,1,38.68,1.64
350,83,216.45,60.95,2,28.78,9.75
350,83,216.45,60.95,3,34.74,23.46
350,83,216.45,60.95,4,3.34,30.83
350,84,223.78,289.33,0,9.30,10.55
350,84,223.78,289.33,1,38.68,1.64
350,84,223.78,289.33,2,28.78,9.75
350,84,223.78,289.33,3,34.74,23.46
350,84,223.78,289.33,4,3.34,30.83
350,85,361.47,190.43,0,9.30,10.55
350,85,361.47,190.43,1,38.68,1.64
350,85,361.47,190.43,2,28.78,9.75
350,85,361.47,190.43,3,34.74,23.46
350,85,361.47,190.43,4,3.34,30.83
350,86,69.72,112.63,0,9.30,10.55
350,86,69.72,112.63,1,38.68,1.64
350,86,69.72,112.63,2,28.78,9.75
350,86,69.72,112.63,3,34.74,23.46
350,86,69.72,112.63,4,3.34,30.83
350,87,391.36,24.98,0,9.30,10.55
350,87,391.36,24.98,1,38.68,1.64
350,87,391.36,24.98,2,28.78,9.75
350,87,391.36,24.98,3,34.74,23.46
350,87,391.36,24.98,4,3.34,30.83
350,88,146.21,304.10,0,9.30,10.55
350,88,146.21,304.10,1,38.68,1.64
350,88,146.21,304.10,2,28.78,9.75
350,88,146.21,304.10,3,34.74,23.46
350,88,146.21,304.10,4,3.34,30.83
350,89,294.52,87.23,0,9.30,10.55
350,89,294.52,87.23,1,38.68,1.64
350,89,294.52,87.23,2,28.78,9.75
350,89,294.52,87.23,3,34.74,23.46
350,89,294.52,87.23,4,3.34,30.83
350,90,234.26,74.30,0,9.30,10.55
350,90,234.26,74.30,1,38.68,1.64
350,90,234.26,74.30,2,28.78,9.75
350,90,234.26,74.30,3,34.74,23.46
350,90,234.26,74.30,4,3.34,30.83
350,93,284.88,89.95,0,9.30,10.55
350,93,284.88,89.95,1,38.68,1.64
350,93,284.88,89.95,2,28.78,9.75
350,93,284.88,89.95,3,34.74,23.46
350,93,284.88,89.95,4,3.34,30.83
350,94,19.73,320.13,0,9.30,10.55
350,94,19.73,320.13,1,38.68,1.64
350,94,19.73,320.13,2,28.78,9.75
350,94,19.73,320.13,3,34.74,23.46
350,94,19.73,320.13,4,3.34,30.83
350,95,356.13,201.41,0,9.30,10.55
350,95,356.13,201.41,1,38.68,1.64
350,95,356.13,201.41,2,28.78,9.75
350,95,356.13,201.41,3,34.74,23.46
350,95,356.13,201.41,4,3.34,30.83
350,96,79.80,129.98,0,9.30,10.55
350,96,79.80,129.98,1,38.68,1.64
350,96,79.80,129.98,2,28.78,9.75
350,96,79.80,129.98,3,34.74,23.46
350,96,79.80,129.98,4,3.34,30.83
350,97,270.69,121.58,0,9.30,10.55
350,97,270.69,121.58,1,38.68,1.64
350,97,270.69,121.58,2,28.78,9.75
350,97,270.69,121.58,3,34.74,23.46
350,97,270.69,121.58,4,3.34,30.83
350,98,375.88,23.53,0,9.30,10.55
350,98,375.88,23.53,1,38.68,1.64
350,98,375.88,23.53,2,28.78,9.75
350,98,375.88,23.53,3,34.74,23.46
350,98,375.88,23.53,4,3.34,30.83
350,102,70.39,139.20,0,9.30,10.55
350,102,70.39,139.20,1,38.68,1.64
350,102,70.39,139.20,2,28.78,9.75
350,102,70.39,139.20,3,34.74,23.46
350,102,70.39,139.20,4,3.34,30.83
350,103,77.18,353.47,0,9.30,10.55
350,103,77.18,353.47,1,38.68,1.64
350,103,77.18,353.47,2,28.78,9.75
350,103,77.18,353.47,3,34.74,23.46
350,103,77.18,353.47,4,3.34,30.83
350,104,376.01,17.20,0,9.30,10.55
350,104,376.01,17.20,1,38.68,1.64
350,104,376.01,17.20,2,28.78,9.75
350,104,376.01,17.20,3,34.74,23.46
350,104,376.01,17.20,4,3.34,30.83
350,106,40.88,298.23,0,9.30,10.55
350,106,40.88,298.23,1,38.68,1.64
350,106,40.88,298.23,2,28.78,9.75
350,106,40.88,298.23,3,34.74,23.46
350,106,40.88,298.23,4,3.34,30.83
350,107,284.24,105.97,0,9.30,10.55
350,107,284.24,105.97,1,38.68,1.64
350,107,284.24,105.97,2,28.78,9.75
350,107,284.24,105.97,3,34.74,23.46
350,107,284.24,105.97,4,3.34,30.83
350,108,37.68,81.82,0,9.30,10.55
350,108,37.68,81.82,1,38.68,1.64
350,108,37.68,81.82,2,28.78,9.75
350,108,37.68,81.82,3,34.74,23.46
350,108,37.68,81.82,4,3.34,30.83
350,110,78.73,318.58,0,9.30,10.55
350,110,78.73,318.58,1,38.68,1.64
350,110,78.73,318.58,2,28.78,9.75
350,110,78.73,318.58,3,34.74,23.46
350,110,78.73,318.58,4,3.34,30.83
350,111,389.82,45.49,0,9.30,10.55
350,111,389.82,45.49,1,38.68,1.64
350,111,389.82,45.49,2,28.78,9.75
350,111,389.82,45.49,3,34.74,23.46
350,111,389.82,45.49,4,3.34,30.83
350,112,237.14,103.37,0,9.30,10.55
350,112,237.14,103.37,1,38.68,1.64
350,112,237.14,103.37,2,28.78,9.75
350,112,237.14,103.37,3,34.74,23.46
350,112,237.14,103.37,4,3.34,30.83
350,113,96.81,112.89,0,9.30,10.55
350,113,96.81,112.89,1,38.68,1.64
350,113,96.81,112.89,2,28.78,9.75
350,113,96.81,112.89,3,34.74,23.46
350,113,96.81,112.89,4,3.34,30.83
350,114,162.01,54.12,0,9.30,10.55
350,114,162.01,54.12,1,38.68,1.64
350,114,162.01,54.12,2,28.78,9.75
350,114,162.01,54.12,3,34.74,23.46
350,114,162.01,54.12,4,3.34,30.83
350,115,366.86,219.17,0,9.30,10.55
350,115,366.86,219.17,1,38.68,1.64
350,115,366.86,219.17,2,28.78,9.75
350,115,366.86,219.17,3,34.74,23.46
350,115,366.86,219.17,4,3.34,30.83
350,116,256.96,116.29,0,9.30,10.55
350,116,256.96,116.29,1,38.68,1.64
350,116,256.96,116.29,2,28.78,9.75
350,116,256.96,116.29,3,34.74,23.46
350,116,256.96,116.29,4,3.34,30.83
350,117,360.22,158.12,0,9.30,10.55
350,117,360.22,158.12,1,38.68,1.64
350,117,360.22,158.12,2,28.78,9.75
350,117,360.22,158.12,3,34.74,23.46
350,117,360.22,158.12,4,3.34,30.83
350,118,88.91,162.02,0,9.30,10.55
350,118,88.91,162.02,1,38.68,1.64
350,118,88.91,162.02,2,28.78,9.75
350,118,88.91,162.02,3,34.74,23.46
350,118,88.91,162.02,4,3.34,30.83
350,119,305.95,114.90,0,9.30,10.55
350,119,305.95,114.90,1,38.68,1.64
350,119,305.95,114.90,2,28.78,9.75
350,119,305.95,114.90,3,34.74,23.46
350,119,305.95,114.90,4,3.34,30.83
350,120,181.42,216.32,0,9.30,10.55
350,120,181.42,216.32,1,38.68,1.64
350,120,181.42,216.32,2,28.78,9.75
350,120,181.42,216.32,3,34.74,23.46
350,120,181.42,216.32,4,3.34,30.83
350,121,93.58,104.42,0,9.30,10.55
350,121,93.58,104.42,1,38.68,1.64
350,121,93.58,104.42,2,28.78,9.75
350,121,93.58,104.42,3,34.74,23.46
350,121,93.58,104.42,4,3.34,30.83
350,122,110.11,256.82,0,9.30,10.55
350,122,110.11,256.82,1,38.68,1.64
350,122,110.11,256.82,2,28.78,9.75
350,122,110.11,256.82,3,34.74,23.46
350,122,110.11,256.82,4,3.34,30.83
350,123,126.55,318.19,0,9.30,10.55
350,123,126.55,318.19,1,38.68,1.64
350,123,126.55,318.19,2,28.78,9.75
350,123,126.55,318.19,3,34.74,23.46
350,123,126.55,318.19,4,3.34,30.83
350,124,105.50,74.06,0,9.30,10.55
350,124,105.50,74.06,1,38.68,1.64
350,124,105.50,74.06,2,28.78,9.75
350,124,105.50,74.06,3,34.74,23.46
350,124,105.50,74.06,4,3.34,30.83
350,125,365.10,141.95,0,9.30,10.55
350,125,365.10,141.95,1,38.68,1.64
350,125,365.10,141.95,2,28.78,9.75
350,125,365.10,141.95,3,34.74,23.46
350,125,365.10,141.95,4,3.34,30.83
350,126,69.94,104.40,0,9.30,10.55
350,126,69.94,104.40,1,38.68,1.64
350,126,69.94,104.40,2,28.78,9.75
350,126,69.94,104.40,3,34.74,23.46
350,126,69.94,104.40,4,3.34,30.83
350,127,24.94,324.16,0,9.30,10.55
350,127,24.94,324.16,1,38.68,1.64
350,127,24.94,324.16,2,28.78,9.75
350,127,24.94,324.16,3,34.74,23.46
350,127,24.94,324.16,4,3.34,30.83
350,128,235.16,354.37,0,9.30,10.55
350,128,235.16,354.37,1,38.68,1.64
350,128,235.16,354.37,2,28.78,9.75
350,128,235.16,354.37,3,34.74,23.46
350,128,235.16,354.37,4,3.34,30.83
350,129,319.21,177.39,0,9.30,10.55
350,129,319.21,177.39,1,38.68,1.64
350,129,319.21,177.39,2,28.78,9.75
350,129,319.21,177.39,3,34.74,23.46
350,129,319.21,177.39,4,3.34,30.83
350,131,288.20,88.20,0,9.30,10.55
350,131,288.20,88.20,1,38.68,1.64
350,131,288.20,88.20,2,28.78,9.75
350,131,288.20,88.20,3,34.74,23.46
350,131,288.20,88.20,4,3.34,30.83
350,132,366.79,246.75,0,9.30,10.55
350,132,366.79,246.75,1,38.68,1.64
350,132,366.79,246.75,2,28.78,9.75
350,132,366.79,246.75,3,34.74,23.46
350,132,366.79,246.75,4,3.34,30.83
350,133,60.98,111.13,0,9.30,10.55
350,133,60.98,111.13,1,38.68,1.64
350,133,60.98,111.13,2,28.78,9.75
350,133,60.98,111.13,3,34.74,23.46
350,133,60.98,111.13,4,3.34,30.83
350,135,50.78,295.87,0,9.30,10.55
350,135,50.78,295.87,1,38.68,1.64
350,135,50.78,295.87,2,28.78,9.75
350,135,50.78,295.87,3,34.74,23.46
350,135,50.78,295.87,4,3.34,30.83
350,137,288.20,96.20,0,9.30,10.55
350,137,288.20,96.20,1,38.68,1.64
350,137,288.20,96.20,2,28.78,9.75
350,137,288.20,96.20,3,34.74,23.46
350,137,288.20,96.20,4,3.34,30.83
350,139,363.13,164.73,0,9.30,10.55
350,139,363.13,164.73,1,38.68,1.64
350,139,363.13,164.73,2,28.78,9.75
350,139,363.13,164.73,3,34.74,23.46
350,139,363.13,164.73,4,3.34,30.83
350,141,346.00,387.36,0,9.30,10.55
350,141,346.00,387.36,1,38.68,1.64
350,141,346.00,387.36,2,28.78,9.75
350,141,346.00,387.36,3,34.74,23.46
350,141,346.00,387.36,4,3.34,30.83
350,142,269.42,109.44,0,9.30,10.55
350,142,269.42,109.44,1,38.68,1.64
350,142,269.42,109.44,2,28.78,9.75
350,142,269.42,109.44,3,34.74,23.46
350,142,269.42,109.44,4,3.34,30.83
350,143,336.68,316.92,0,9.30,10.55
350,143,336.68,316.92,1,38.68,1.64
350,143,336.68,316.92,2,28.78,9.75
350,143,336.68,316.92,3,34.74,23.46
350,143,336.68,316.92,4,3.34,30.83
350,145,228.58,325.08,0,9.30,10.55
350,145,228.58,325.08,1,38.68,1.64
350,145,228.58,325.08,2,28.78,9.75
350,145,228.58,325.08,3,34.74,23.46
350,145,228.58,325.08,4,3.34,30.83
350,146,104.13,157.74,0,9.30,10.55
350,146,104.13,157.74,1,38.68,1.64
350,146,104.13,157.74,2,28.78,9.75
350,146,104.13,157.74,3,34.74,23.46
350,146,104.13,157.74,4,3.34,30.83
350,148,334.89,215.59,0,9.30,10.55
350,148,334.89,215.59,1,38.68,1.64
350,148,334.89,215.59,2,28.78,9.75
350,148,334.89,215.59,3,34.74,23.46
350,148,334.89,215.59,4,3.34,30.83
350,149,357.61,235.93,0,9.30,10.55
350,149,357.61,235.93,1,38.68,1.64
350,149,357.61,235.93,2,28.78,9.75
350,149,357.61,235.93,3,34.74,23.46
350,149,357.61,235.93,4,3.34,30.83
350,150,290.40,116.52,0,9.30,10.55
350,150,290.40,116.52,1,38.68,1.64
350,150,290.40,116.52,2,28.78,9.75
350,150,290.40,116.52,3,34.74,23.46
350,150,290.40,116.52,4,3.34,30.83
350,151,245.56,91.55,0,9.30,10.55
350,151,245.56,91.55,1,38.68,1.64
350,151,245.56,91.55,2,28.78,9.75
350,151,245.56,91.55,3,34.74,23.46
350,151,245.56,91.55,4,3.34,30.83
350,152,77.44,102.50,0,9.30,10.55
350,152,77.44,102.50,1,38.68,1.64
350,152,77.44,102.50,2,28.78,9.75
350,152,77.44,102.50,3,34.74,23.46
350,152,77.44,102.50,4,3.34,30.83
350,155,249.21,120.11,0,9.30,10.55
350,155,249.21,120.11,1,38.68,1.64
350,155,249.21,120.11,2,28.78,9.75
350,155,249.21,120.11,3,34.74,23.46
350,155,249.21,120.11,4,3.34,30.83
350,156,358.45,281.26,0,9.30,10.55
350,156,358.45,281.26,1,38.68,1.64
350,156,358.45,281.26,2,28.78,9.75
350,156,358.45,281.26,3,34.74,23.46
350,156,358.45,281.26,4,3.34,30.83
350,157,252.64,98.00,0,9.30,10.55
350,157,252.64,98.00,1,38.68,1.64
350,157,252.64,98.00,2,28.78,9.75
350,157,252.64,98.00,3,34.74,23.46
350,157,252.64,98.00,4,3.34,30.83
350,159,365.20,264.29,0,9.30,10.55
350,159,365.20,264.29,1,38.68,1.64
350,159,365.20,264.29,2,28.78,9.75
350,159,365.20,264.29,3,34.74,23.46
350,159,365.20,264.29,4,3.34,30.83
350,160,318.59,391.37,0,9.30,10.55
350,160,318.59,391.37,1,38.68,1.64
350,160,318.59,391.37,2,28.78,9.75
350,160,318.59,391.37,3,34.74,23.46
350,160,318.59,391.37,4,3.34,30.83
350,161,176.27,135.55,0,9.30,10.55
350,161,176.27,135.55,1,38.68,1.64
350,161,176.27,135.55,2,28.78,9.75
350,161,176.27,135.55,3,34.74,23.46
350,161,176.27,135.55,4,3.34,30.83
350,162,290.09,345.48,0,9.30,10.55
350,162,290.09,345.48,1,38.68,1.64
350,162,290.09,345.48,2,28.78,9.75
350,162,290.09,345.48,3,34.74,23.46
350,162,290.09,345.48,4,3.34,30.83
350,163,190.01,129.01,0,9.30,10.55
350,163,190.01,129.01,1,38.68,1.64
350,163,190.01,129.01,2,28.78,9.75
350,163,190.01,129.01,3,34.74,23.46
350,163,190.01,129.01,4,3.34,30.83
350,164,51.81,61.18,0,9.30,10.55
350,164,51.81,61.18,1,38.68,1.64
350,164,51.81,61.18,2,28.78,9.75
350,164,51.81,61.18,3,34.74,23.46
350,164,51.81,61.18,4,3.34,30.83
350,165,94.03,97.56,0,9.30,10.55
350,165,94.03,97.56,1,38.68,1.64
350,165,94.03,97.56,2,28.78,9.75
350,165,94.03,97.56,3,34.74,23.46
350,165,94.03,97.56,4,3.34,30.83
350,166,292.44,367.63,0,9.30,10.55
350,166,292.44,367.63,1,38.68,1.64
350,166,292.44,367.63,2,28.78,9.75
350,166,292.44,367.63,3,34.74,23.46
350,166,292.44,367.63,4,3.34,30.83
350,167,379.16,291.68,0,9.30,10.55
350,167,379.16,291.68,1,38.68,1.64
350,167,379.16,291.68,2,28.78,9.75
350,167,379.16,291.68,3,34.74,23.46
350,167,379.16,291.68,4,3.34,30.83
350,168,193.77,280.21,0,9.30,10.55
350,168,193.77,280.21,1,38.68,1.64
350,168,193.77,280.21,2,28.78,9.75
350,168,193.77,280.21,3,34.74,23.46
350,168,193.77,280.21,4,3.34,30.83
350,169,248.74,90.30,0,9.30,10.55
350,169,248.74,90.30,1,38.68,1.64
350,169,248.74,90.30,2,28.78,9.75
350,169,248.74,90.30,3,34.74,23.46
350,169,248.74,90.30,4,3.34,30.83
350,170,335.77,240.13,0,9.30,10.55
350,170,335.77,240.13,1,38.68,1.64
350,170,335.77,240.13,2,28.78,9.75
350,170,335.77,240.13,3,34.74,23.46
350,170,335.77,240.13,4,3.34,30.83
350,172,373.00,209.00,0,9.30,10.55
350,172,373.00,209.00,1,38.68,1.64
350,172,373.00,209.00,2,28.78,9.75
350,172,373.00,209.00,3,34.74,23.46
350,172,373.00,209.00,4,3.34,30.83
350,173,378.99,192.73,0,9.30,10.55
350,173,378.99,192.73,1,38.68,1.64
350,173,378.99,192.73,2,28.78,9.75
350,173,378.99,192.73,3,34.74,23.46
350,173,378.99,192.73,4,3.34,30.83
350,174,161.32,212.74,0,9.30,10.55
350,174,161.32,212.74,1,38.68,1.64
350,174,161.32,212.74,2,28.78,9.75
350,174,161.32,212.74,3,34.74,23.46
350,174,161.32,212.74,4,3.34,30.83
350,176,65.30,165.97,0,9.30,10.55
350,176,65.30,165.97,1,38.68,1.64
350,176,65.30,165.97,2,28.78,9.75
350,176,65.30,165.97,3,34.74,23.46
350,176,65.30,165.97,4,3.34,30.83
350,177,206.43,279.59,0,9.30,10.55
350,177,206.43,279.59,1,38.68,1.64
350,177,206.43,279.59,2,28.78,9.75
350,177,206.43,279.59,3,34.74,23.46
350,177,206.43,279.59,4,3.34,30.83
350,178,258.45,97.14,0,9.30,10.55
350,178,258.45,97.14,1,38.68,1.64
350,178,258.45,97.14,2,28.78,9.75
350,178,258.45,97.14,3,34.74,23.46
350,178,258.45,97.14,4,3.34,30.83
350,180,236.37,137.60,0,9.30,10.55
350,180,236.37,137.60,1,38.68,1.64
350,180,236.37,137.60,2,28.78,9.75
350,180,236.37,137.60,3,34.74,23.46
350,180,236.37,137.60,4,3.34,30.83
350,181,42.36,122.29,0,9.30,10.55
350,181,42.36,122.29,1,38.68,1.64
350,181,42.36,122.29,2,28.78,9.75
350,181,42.36,122.29,3,34.74,23.46
350,181,42.36,122.29,4,3.34,30.83
350,183,91.70,112.36,0,9.30,10.55
350,183,91.70,112.36,1,38.68,1.64
350,183,91.70,112.36,2,28.78,9.75
350,183,91.70,112.36,3,34.74,23.46
350,183,91.70,112.36,4,3.34,30.83
350,184,84.67,95.56,0,9.30,10.55
350,184,84.67,95.56,1,38.68,1.64
350,184,84.67,95.56,2,28.78,9.75
350,184,84.67,95.56,3,34.74,23.46
350,184,84.67,95.56,4,3.34,30.83
350,185,52.32,305.51,0,9.30,10.55
350,185,52.32,305.51,1,38.68,1.64
350,185,52.32,305.51,2,28.78,9.75
350,185,52.32,305.51,3,34.74,23.46
350,185,52.32,305.51,4,3.34,30.83
350,186,261.30,108.02,0,9.30,10.55
350,186,261.30,108.02,1,38.68,1.64
350,186,261.30,108.02,2,28.78,9.75
350,186,261.30,108.02,3,34.74,23.46
350,186,261.30,108.02,4,3.34,30.83
350,187,98.70,313.15,0,9.30,10.55
350,187,98.70,313.15,1,38.68,1.64
350,187,98.70,313.15,2,28.78,9.75
350,187,98.70,313.15,3,34.74,23.46
350,187,98.70,313.15,4,3.34,30.83
350,188,272.93,112.51,0,9.30,10.55
350,188,272.93,112.51,1,38.68,1.64
350,188,272.93,112.51,2,28.78,9.75
350,188,272.93,112.51,3,34.74,23.46
350,188,272.93,112.51,4,3.34,30.83
350,190,65.17,84.34,0,9.30,10.55
350,190,65.17,84.34,1,38.68,1.64
350,190,65.17,84.34,2,28.78,9.75
350,190,65.17,84.34,3,34.74,23.46
350,190,65.17,84.34,4,3.34,30.83
350,192,280.86,97.71,0,9.30,10.55
350,192,280.86,97.71,1,38.68,1.64
350,192,280.86,97.71,2,28.78,9.75
350,192,280.86,97.71,3,34.74,23.46
350,192,280.86,97.71,4,3.34,30.83
350,193,310.58,106.45,0,9.30,10.55
350,193,310.58,106.45,1,38.68,1.64
350,193,310.58,106.45,2,28.78,9.75
350,193,310.58,106.45,3,34.74,23.46
350,193,310.58,106.45,4,3.34,30.83
350,194,74.72,115.34,0,9.30,10.55
350,194,74.72,115.34,1,38.68,1.64
350,194,74.72,115.34,2,28.78,9.75
350,194,74.72,115.34,3,34.74,23.46
350,194,74.72,115.34,4,3.34,30.83
350,195,67.75,338.04,0,9.30,10.55
350,195,67.75,338.04,1,38.68,1.64
350,195,67.75,338.04,2,28.78,9.75
350,195,67.75,338.04,3,34.74,23.46
350,195,67.75,338.04,4,3.34,30.83
350,198,364.52,205.97,0,9.30,10.55
350,198,364.52,205.97,1,38.68,1.64
350,198,364.52,205.97,2,28.78,9.75
350,198,364.52,205.97,3,34.74,23.46
350,198,364.52,205.97,4,3.34,30.83
350,199,57.90,138.93,0,9.30,10.55
350,199,57.90,138.93,1,38.68,1.64
350,199,57.90,138.93,2,28.78,9.75
350,199,57.90,138.93,3,34.74,23.46
350,199,57.90,138.93,4,3.34,30.83
350,200,53.01,97.02,0,9.30,10.55
350,200,53.01,97.02,1,38.68,1.64
350,200,53.01,97.02,2,28.78,9.75
350,200,53.01,97.02,3,34.74,23.46
350,200,53.01,97.02,4,3.34,30.83
350,201,374.34,202.66,0,9.30,10.55
350,201,374.34,202.66,1,38.68,1.64
350,201,374.34,202.66,2,28.78,9.75
350,201,374.34,202.66,3,34.74,23.46
350,201,374.34,202.66,4,3.34,30.83
350,203,359.27,219.90,0,9.30,10.55
350,203,359.27,219.90,1,38.68,1.64
350,203,359.27,219.90,2,28.78,9.75
350,203,359.27,219.90,3,34.74,23.46
350,203,359.27,219.90,4,3.34,30.83
350,206,279.27,103.29,0,9.30,10.55
350,206,279.27,103.29,1,38.68,1.64
350,206,279.27,103.29,2,28.78,9.75
350,206,279.27,103.29,3,34.74,23.46
350,206,279.27,103.29,4,3.34,30.83
350,207,25.17,302.26,0,9.30,10.55
350,207,25.17,302.26,1,38.68,1.64
350,207,25.17,302.26,2,28.78,9.75
350,207,25.17,302.26,3,34.74,23.46
350,207,25.17,302.26,4,3.34,30.83
350,208,36.01,318.94,0,9.30,10.55
350,208,36.01,318.94,1,38.68,1.64
350,208,36.01,318.94,2,28.78,9.75
350,208,36.01,318.94,3,34.74,23.46
350,208,36.01,318.94,4,3.34,30.83
350,211,96.42,359.63,0,9.30,10.55
350,211,96.42,359.63,1,38.68,1.64
350,211,96.42,359.63,2,28.78,9.75
350,211,96.42,359.63,3,34.74,23.46
350,211,96.42,359.63,4,3.34,30.83
350,212,373.70,247.40,0,9.30,10.55
350,212,373.70,247.40,1,38.68,1.64
350,212,373.70,247.40,2,28.78,9.75
350,212,373.70,247.40,3,34.74,23.46
350,212,373.70,247.40,4,3.34,30.83
350,213,367.15,240.93,0,9.30,10.55
350,213,367.15,240.93,1,38.68,1.64
350,213,367.15,240.93,2,28.78,9.75
350,213,367.15,240.93,3,34.74,23.46
350,213,367.15,240.93,4,3.34,30.83
350,214,267.96,82.50,0,9.30,10.55
350,214,267.96,82.50,1,38.68,1.64
350,214,267.96,82.50,2,28.78,9.75
350,214,267.96,82.50,3,34.74,23.46
350,214,267.96,82.50,4,3.34,30.83
350,215,252.95,395.36,0,9.30,10.55
350,215,252.95,395.36,1,38.68,1.64
350,215,252.95,395.36,2,28.78,9.75
350,215,252.95,395.36,3,34.74,23.46
350,215,252.95,395.36,4,3.34,30.83
350,216,244.19,391.94,0,9.30,10.55
350,216,244.19,391.94,1,38.68,1.64
350,216,244.19,391.94,2,28.78,9.75
350,216,244.19,391.94,3,34.74,23.46
350,216,244.19,391.94,4,3.34,30.83
350,217,385.24,20.38,0,9.30,10.55
350,217,385.24,20.38,1,38.68,1.64
350,217,385.24,20.38,2,28.78,9.75
350,217,385.24,20.38,3,34.74,23.46
350,217,385.24,20.38,4,3.34,30.83
350,218,276.12,386.77,0,9.30,10.55
350,218,276.12,386.77,1,38.68,1.64
350,218,276.12,386.77,2,28.78,9.75
350,218,276.12,386.77,3,34.74,23.46
350,218,276.12,386.77,4,3.34,30.83
350,219,53.67,104.85,0,9.30,10.55
350,219,53.67,104.85,1,38.68,1.64
350,219,53.67,104.85,2,28.78,9.75
350,219,53.67,104.85,3,34.74,23.46
350,219,53.67,104.85,4,3.34,30.83
350,221,344.62,232.26,0,9.30,10.55
350,221,344.62,232.26,1,38.68,1.64
350,221,344.62,232.26,2,28.78,9.75
350,221,344.62,232.26,3,34.74,23.46
350,221,344.62,232.26,4,3.34,30.83
350,223,357.26,210.19,0,9.30,10.55
350,223,357.26,210.19,1,38.68,1.64
350,223,357.26,210.19,2,28.78,9.75
350,223,357.26,210.19,3,34.74,23.46
350,223,357.26,210.19,4,3.34,30.83
350,226,297.84,144.84,0,9.30,10.55
350,226,297.84,144.84,1,38.68,1.64
350,226,297.84,144.84,2,28.78,9.75
350,226,297.84,144.84,3,34.74,23.46
350,226,297.84,144.84,4,3.34,30.83
350,227,67.02,319.62,0,9.30,10.55
350,227,67.02,319.62,1,38.68,1.64
350,227,67.02,319.62,2,28.78,9.75
350,227,67.02,319.62,3,34.74,23.46
350,227,67.02,319.62,4,3.34,30.83
350,228,270.92,78.91,0,9.30,10.55
350,228,270.92,78.91,1,38.68,1.64
350,228,270.92,78.91,2,28.78,9.75
350,228,270.92,78.91,3,34.74,23.46
350,228,270.92,78.91,4,3.34,30.83
350,229,153.12,112.44,0,9.30,10.55
350,229,153.12,112.44,1,38.68,1.64
350,229,153.12,112.44,2,28.78,9.75
350,229,153.12,112.44,3,34.74,23.46
350,229,153.12,112.44,4,3.34,30.83
350,230,144.52,64.91,0,9.30,10.55
350,230,144.52,64.91,1,38.68,1.64
350,230,144.52,64.91,2,28.78,9.75
350,230,144.52,64.91,3,34.74,23.46
350,230,144.52,64.91,4,3.34,30.83
350,231,297.24,316.15,0,9.30,10.55
350,231,297.24,316.15,1,38.68,1.64
350,231,297.24,316.15,2,28.78,9.75
350,231,297.24,316.15,3,34.74,23.46
350,231,297.24,316.15,4,3.34,30.83
350,232,378.46,33.33,0,9.30,10.55
350,232,378.46,33.33,1,38.68,1.64
350,232,378.46,33.33,2,28.78,9.75
350,232,378.46,33.33,3,34.74,23.46
350,232,378.46,33.33,4,3.34,30.83
350,233,361.77,230.12,0,9.30,10.55
350,233,361.77,230.12,1,38.68,1.64
350,233,361.77,230.12,2,28.78,9.75
350,233,361.77,230.12,3,34.74,23.46
350,233,361.77,230.12,4,3.34,30.83
350,237,169.77,143.59,0,9.30,10.55
350,237,169.77,143.59,1,38.68,1.64
350,237,169.77,143.59,2,28.78,9.75
350,237,169.77,143.59,3,34.74,23.46
350,237,169.77,143.59,4,3.34,30.83
350,238,21.21,307.56,0,9.30,10.55
350,238,21.21,307.56,1,38.68,1.64
350,238,21.21,307.56,2,28.78,9.75
350,238,21.21,307.56,3,34.74,23.46
350,238,21.21,307.56,4,3.34,30.83
350,239,232.51,117.56,0,9.30,10.55
350,239,232.51,117.56,1,38.68,1.64
350,239,232.51,117.56,2,28.78,9.75
350,239,232.51,117.56,3,34.74,23.46
350,239,232.51,117.56,4,3.34,30.83
350,240,111.47,250.02,0,9.30,10.55
350,240,111.47,250.02,1,38.68,1.64
350,240,111.47,250.02,2,28.78,9.75
350,240,111.47,250.02,3,34.74,23.46
350,240,111.47,250.02,4,3.34,30.83
350,241,378.81,210.63,0,9.30,10.55
350,241,378.81,210.63,1,38.68,1.64
350,241,378.81,210.63,2,28.78,9.75
350,241,378.81,210.63,3,34.74,23.46
350,241,378.81,210.63,4,3.34,30.83
350,242,204.38,225.95,0,9.30,10.55
350,242,204.38,225.95,1,38.68,1.64
350,242,204.38,225.95,2,28.78,9.75
350,242,204.38,225.95,3,34.74,23.46
350,242,204.38,225.95,4,3.34,30.83
350,243,33.73,303.81,0,9.30,10.55
350,243,33.73,303.81,1,38.68,1.64
350,243,33.73,303.81,2,28.78,9.75
350,243,33.73,303.81,3,34.74,23.46
350,243,33.73,303.81,4,3.34,30.83
350,244,157.38,325.61,0,9.30,10.55
350,244,157.38,325.61,1,38.68,1.64
350,244,157.38,325.61,2,28.78,9.75
350,244,157.38,325.61,3,34.74,23.46
350,244,157.38,325.61,4,3.34,30.83
350,245,242.64,130.69,0,9.30,10.55
350,245,242.64,130.69,1,38.68,1.64
350,245,242.64,130.69,2,28.78,9.75
350,245,242.64,130.69,3,34.74,23.46
350,245,242.64,130.69,4,3.34,30.83
350,246,351.57,222.79,0,9.30,10.55
350,246,351.57,222.79,1,38.68,1.64
350,246,351.57,222.79,2,28.78,9.75
350,246,351.57,222.79,3,34.74,23.46
350,246,351.57,222.79,4,3.34,30.83
350,248,377.92,274.35,0,9.30,10.55
350,248,377.92,274.35,1,38.68,1.64
350,248,377.92,274.35,2,28.78,9.75
350,248,377.92,274.35,3,34.74,23.46
350,248,377.92,274.35,4,3.34,30.83
350,249,375.54,391.93,0,9.30,10.55
350,249,375.54,391.93,1,38.68,1.64
350,249,375.54,391.93,2,28.78,9.75
350,249,375.54,391.93,3,34.74,23.46
350,249,375.54,391.93,4,3.34,30.83
350,250,250.74,292.96,0,9.30,10.55
350,250,250.74,292.96,1,38.68,1.64
350,250,250.74,292.96,2,28.78,9.75
350,250,250.74,292.96,3,34.74,23.46
350,250,250.74,292.96,4,3.34,30.83
350,251,50.73,309.50,0,9.30,10.55
350,251,50.73,309.50,1,38.68,1.64
350,251,50.73,309.50,2,28.78,9.75
350,251,50.73,309.50,3,34.74,23.46
350,251,50.73,309.50,4,3.34,30.83
350,252,43.33,94.06,0,9.30,10.55
350,252,43.33,94.06,1,38.68,1.64
350,252,43.33,94.06,2,28.78,9.75
350,252,43.33,94.06,3,34.74,23.46
350,252,43.33,94.06,4,3.34,30.83
350,253,344.12,201.86,0,9.30,10.55
350,253,344.12,201.86,1,38.68,1.64
350,253,344.12,201.86,2,28.78,9.75
350,253,344.12,201.86,3,34.74,23.46
350,253,344.12,201.86,4,3.34,30.83
350,254,366.61,179.67,0,9.30,10.55
350,254,366.61,179.67,1,38.68,1.64
350,254,366.61,179.67,2,28.78,9.75
350,254,366.61,179.67,3,34.74,23.46
350,254,366.61,179.67,4,3.34,30.83
350,256,95.50,100.50,0,9.30,10.55
350,256,95.50,100.50,1,38.68,1.64
350,256,95.50,100.50,2,28.78,9.75
350,256,95.50,100.50,3,34.74,23.46
350,256,95.50,100.50,4,3.34,30.83
350,257,367.72,205.07,0,9.30,10.55
350,257,367.72,205.07,1,38.68,1.64
350,257,367.72,205.07,2,28.78,9.75
350,257,367.72,205.07,3,34.74,23.46
350,257,367.72,205.07,4,3.34,30.83
350,258,383.95,37.99,0,9.30,10.55
350,258,383.95,37.99,1,38.68,1.64
350,258,383.95,37.99,2,28.78,9.75
350,258,383.95,37.99,3,34.74,23.46
350,258,383.95,37.99,4,3.34,30.83
350,259,96.05,103.62,0,9.30,10.55
350,259,96.05,103.62,1,38.68,1.64
350,259,96.05,103.62,2,28.78,9.75
350,259,96.05,103.62,3,34.74,23.46
350,259,96.05,103.62,4,3.34,30.83
350,260,317.47,367.28,0,9.30,10.55
350,260,317.47,367.28,1,38.68,1.64
350,260,317.47,367.28,2,28.78,9.75
350,260,317.47,367.28,3,34.74,23.46
350,260,317.47,367.28,4,3.34,30.83
350,261,45.37,323.97,0,9.30,10.55
350,261,45.37,323.97,1,38.68,1.64
350,261,45.37,323.97,2,28.78,9.75
350,261,45.37,323.97,3,34.74,23.46
350,261,45.37,323.97,4,3.34,30.83
350,262,151.71,101.44,0,9.30,10.55
350,262,151.71,101.44,1,38.68,1.64
350,262,151.71,101.44,2,28.78,9.75
350,262,151.71,101.44,3,34.74,23.46
350,262,151.71,101.44,4,3.34,30.83
350,263,152.78,87.49,0,9.30,10.55
350,263,152.78,87.49,1,38.68,1.64
350,263,152.78,87.49,2,28.78,9.75
350,263,152.78,87.49,3,34.74,23.46
350,263,152.78,87.49,4,3.34,30.83
350,264,65.00,128.74,0,9.30,10.55
350,264,65.00,128.74,1,38.68,1.64
350,264,65.00,128.74,2,28.78,9.75
350,264,65.00,128.74,3,34.74,23.46
350,264,65.00,128.74,4,3.34,30.83
350,265,222.34,332.42,0,9.30,10.55
350,265,222.34,332.42,1,38.68,1.64
350,265,222.34,332.42,2,28.78,9.75
350,265,222.34,332.42,3,34.74,23.46
350,265,222.34,332.42,4,3.34,30.83
350,266,76.83,304.80,0,9.30,10.55
350,266,76.83,304.80,1,38.68,1.64
350,266,76.83,304.80,2,28.78,9.75
350,266,76.83,304.80,3,34.74,23.46
350,266,76.83,304.80,4,3.34,30.83
350,267,218.66,77.31,0,9.30,10.55
350,267,218.66,77.31,1,38.68,1.64
350,267,218.66,77.31,2,28.78,9.75
350,267,218.66,77.31,3,34.74,23.46
350,267,218.66,77.31,4,3.34,30.83
350,268,251.31,102.67,0,9.30,10.55
350,268,251.31,102.67,1,38.68,1.64
350,268,251.31,102.67,2,28.78,9.75
350,268,251.31,102.67,3,34.74,23.46
350,268,251.31,102.67,4,3.34,30.83
350,269,47.80,131.39,0,9.30,10.55
350,269,47.80,131.39,1,38.68,1.64
350,269,47.80,131.39,2,28.78,9.75
350,269,47.80,131.39,3,34.74,23.46
350,269,47.80,131.39,4,3.34,30.83
350,271,82.27,112.84,0,9.30,10.55
350,271,82.27,112.84,1,38.68,1.64
350,271,82.27,112.84,2,28.78,9.75
350,271,82.27,112.84,3,34.74,23.46
350,271,82.27,112.84,4,3.34,30.83
350,273,28.97,295.62,0,9.30,10.55
350,273,28.97,295.62,1,38.68,1.64
350,273,28.97,295.62,2,28.78,9.75
350,273,28.97,295.62,3,34.74,23.46
350,273,28.97,295.62,4,3.34,30.83
350,274,97.12,42.58,0,9.30,10.55
350,274,97.12,42.58,1,38.68,1.64
350,274,97.12,42.58,2,28.78,9.75
350,274,97.12,42.58,3,34.74,23.46
350,274,97.12,42.58,4,3.34,30.83
350,275,342.04,224.98,0,9.30,10.55
350,275,342.04,224.98,1,38.68,1.64
350,275,342.04,224.98,2,28.78,9.75
350,275,342.04,224.98,3,34.74,23.46
350,275,342.04,224.98,4,3.34,30.83
350,276,342.90,229.17,0,9.30,10.55
350,276,342.90,229.17,1,38.68,1.64
350,276,342.90,229.17,2,28.78,9.75
350,276,342.90,229.17,3,34.74,23.46
350,276,342.90,229.17,4,3.34,30.83
350,277,312.93,194.36,0,9.30,10.55
350,277,312.93,194.36,1,38.68,1.64
350,277,312.93,194.36,2,28.78,9.75
350,277,312.93,194.36,3,34.74,23.46
350,277,312.93,194.36,4,3.34,30.83
350,278,62.35,353.15,0,9.30,10.55
350,278,62.35,353.15,1,38.68,1.64
350,278,62.35,353.15,2,28.78,9.75
350,278,62.35,353.15,3,34.74,23.46
350,278,62.35,353.15,4,3.34,30.83
350,279,217.80,393.84,0,9.30,10.55
350,279,217.80,393.84,1,38.68,1.64
350,279,217.80,393.84,2,28.78,9.75
350,279,217.80,393.84,3,34.74,23.46
350,279,217.80,393.84,4,3.34,30.83
350,281,253.27,70.85,0,9.30,10.55
350,281,253.27,70.85,1,38.68,1.64
350,281,253.27,70.85,2,28.78,9.75
350,281,253.27,70.85,3,34.74,23.46
350,281,253.27,70.85,4,3.34,30.83
350,282,369.31,206.15,0,9.30,10.55
350,282,369.31,206.15,1,38.68,1.64
350,282,369.31,206.15,2,28.78,9.75
350,282,369.31,206.15,3,34.74,23.46
350,282,369.31,206.15,4,3.34,30.83
350,283,347.11,192.71,0,9.30,10.55
350,283,347.11,192.71,1,38.68,1.64
350,283,347.11,192.71,2,28.78,9.75
350,283,347.11,192.71,3,34.74,23.46
350,283,347.11,192.71,4,3.34,30.83
350,284,273.58,96.58,0,9.30,10.55
350,284,273.58,96.58,1,38.68,1.64
350,284,273.58,96.58,2,28.78,9.75
350,284,273.58,96.58,3,34.74,23.46
350,284,273.58,96.58,4,3.34,30.83
350,285,223.04,352.04,0,9.30,10.55
350,285,223.04,352.04,1,38.68,1.64
350,285,223.04,352.04,2,28.78,9.75
350,285,223.04,352.04,3,34.74,23.46
350,285,223.04,352.04,4,3.34,30.83
350,286,254.95,346.09,0,9.30,10.55
350,286,254.95,346.09,1,38.68,1.64
350,286,254.95,346.09,2,28.78,9.75
350,286,254.95,346.09,3,34.74,23.46
350,286,254.95,346.09,4,3.34,30.83
350,288,98.56,34.99,0,9.30,10.55
350,288,98.56,34.99,1,38.68,1.64
350,288,98.56,34.99,2,28.78,9.75
350,288,98.56,34.99,3,34.74,23.46
350,288,98.56,34.99,4,3.34,30.83
350,289,46.78,312.43,0,9.30,10.55
350,289,46.78,312.43,1,38.68,1.64
350,289,46.78,312.43,2,28.78,9.75
350,289,46.78,312.43,3,34.74,23.46
350,289,46.78,312.43,4,3.34,30.83
350,290,338.54,243.78,0,9.30,10.55
350,290,338.54,243.78,1,38.68,1.64
350,290,338.54,243.78,2,28.78,9.75
350,290,338.54,243.78,3,34.74,23.46
350,290,338.54,243.78,4,3.34,30.83
350,291,70.31,75.82,0,9.30,10.55
350,291,70.31,75.82,1,38.68,1.64
350,291,70.31,75.82,2,28.78,9.75
350,291,70.31,75.82,3,34.74,23.46
350,291,70.31,75.82,4,3.34,30.83
350,292,287.00,295.44,0,9.30,10.55
350,292,287.00,295.44,1,38.68,1.64
350,292,287.00,295.44,2,28.78,9.75
350,292,287.00,295.44,3,34.74,23.46
350,292,287.00,295.44,4,3.34,30.83
350,293,266.39,103.43,0,9.30,10.55
350,293,266.39,103.43,1,38.68,1.64
350,293,266.39,103.43,2,28.78,9.75
350,293,266.39,103.43,3,34.74,23.46
350,293,266.39,103.43,4,3.34,30.83
350,294,69.05,330.20,0,9.30,10.55
350,294,69.05,330.20,1,38.68,1.64
350,294,69.05,330.20,2,28.78,9.75
350,294,69.05,330.20,3,34.74,23.46
350,294,69.05,330.20,4,3.34,30.83
350,297,372.63,185.09,0,9.30,10.55
350,297,372.63,185.09,1,38.68,1.64
350,297,372.63,185.09,2,28.78,9.75
350,297,372.63,185.09,3,34.74,23.46
350,297,372.63,185.09,4,3.34,30.83
350,298,387.05,32.79,0,9.30,10.55
350,298,387.05,32.79,1,38.68,1.64
350,298,387.05,32.79,2,28.78,9.75
350,298,387.05,32.79,3,34.74,23.46
350,298,387.05,32.79,4,3.34,30.83
350,300,211.69,341.49,0,9.30,10.55
350,300,211.69,341.49,1,38.68,1.64
350,300,211.69,341.49,2,28.78,9.75
350,300,211.69,341.49,3,34.74,23.46
350,300,211.69,341.49,4,3.34,30.83
360,2,83.81,101.00,0,9.07,10.87
360,2,83.81,101.00,1,38.68,1.64
360,2,83.81,101.00,2,28.50,9.89
360,2,83.81,101.00,3,34.74,23.46
360,2,83.81,101.00,4,3.34,30.83
360,3,184.41,285.92,0,9.07,10.87
360,3,184.41,285.92,1,38.68,1.64
360,3,184.41,285.92,2,28.50,9.89
360,3,184.41,285.92,3,34.74,23.46
360,3,184.41,285.92,4,3.34,30.83
360,6,50.65,300.73,0,9.07,10.87
360,6,50.65,300.73,1,38.68,1.64
360,6,50.65,300.73,2,28.50,9.89
360,6,50.65,300.73,3,34.74,23.46
360,6,50.65,300.73,4,3.34,30.83
360,8,90.12,363.98,0,9.07,10.87
360,8,90.12,363.98,1,38.68,1.64
360,8,90.12,363.98,2,28.50,9.89
360,8,90.12,363.98,3,34.74,23.46
360,8,90.12,363.98,4,3.34,30.83
360,9,314.53,208.56,0,9.07,10.87
360,9,314.53,208.56,1,38.68,1.64
360,9,314.53,208.56,2,28.50,9.89
360,9,314.53,208.56,3,34.74,23.46
360,9,314.53,208.56,4,3.34,30.83
360,11,163.50,110.44,0,9.07,10.87
360,11,163.50,110.44,1,38.68,1.64
360,11,163.50,110.44,2,28.50,9.89
360,11,163.50,110.44,3,34.74,23.46
360,11,163.50,110.44,4,3.34,30.83
360,13,136.25,95.77,0,9.07,10.87
360,13,136.25,95.77,1,38.68,1.64
360,13,136.25,95.77,2,28.50,9.89
360,13,136.25,95.77,3,34.74,23.46
360,13,136.25,95.77,4,3.34,30.83
360,14,20.28,328.06,0,9.07,10.87
360,14,20.28,328.06,1,38.68,1.64
360,14,20.28,328.06,2,28.50,9.89
360,14,20.28,328.06,3,34.74,23.46
360,14,20.28,328.06,4,3.34,30.83
360,15,26.07,312.20,0,9.07,10.87
360,15,26.07,312.20,1,38.68,1.64
360,15,26.07,312.20,2,28.50,9.89
360,15,26.07,312.20,3,34.74,23.46
360,15,26.07,312.20,4,3.34,30.83
360,16,352.93,242.88,0,9.07,10.87
360,16,352.93,242.88,1,38.68,1.64
360,16,352.93,242.88,2,28.50,9.89
360,16,352.93,242.88,3,34.74,23.46
360,16,352.93,242.88,4,3.34,30.83
360,18,144.84,334.81,0,9.07,10.87
360,18,144.84,334.81,1,38.68,1.64
360,18,144.84,334.81,2,28.50,9.89
360,18,144.84,334.81,3,34.74,23.46
360,18,144.84,334.81,4,3.34,30.83
360,20,212.81,391.49,0,9.07,10.87
360,20,212.81,391.49,1,38.68,1.64
360,20,212.81,391.49,2,28.50,9.89
360,20,212.81,391.49,3,34.74,23.46
360,20,212.81,391.49,4,3.34,30.83
360,21,380.17,175.17,0,9.07,10.87
360,21,380.17,175.17,1,38.68,1.64
360,21,380.17,175.17,2,28.50,9.89
360,21,380.17,175.17,3,34.74,23.46
360,21,380.17,175.17,4,3.34,30.83
360,22,294.42,374.52,0,9.07,10.87
360,22,294.42,374.52,1,38.68,1.64
360,22,294.42,374.52,2,28.50,9.89
360,22,294.42,374.52,3,34.74,23.46
360,22,294.42,374.52,4,3.34,30.83
360,23,353.72,229.00,0,9.07,10.87
360,23,353.72,229.00,1,38.68,1.64
360,23,353.72,229.00,2,28.50,9.89
360,23,353.72,229.00,3,34.74,23.46
360,23,353.72,229.00,4,3.34,30.83
360,24,124.31,96.76,0,9.07,10.87
360,24,124.31,96.76,1,38.68,1.64
360,24,124.31,96.76,2,28.50,9.89
360,24,124.31,96.76,3,34.74,23.46
360,24,124.31,96.76,4,3.34,30.83
360,26,290.93,68.24,0,9.07,10.87
360,26,290.93,68.24,1,38.68,1.64
360,26,290.93,68.24,2,28.50,9.89
360,26,290.93,68.24,3,34.74,23.46
360,26,290.93,68.24,4,3.34,30.83
360,28,381.39,325.24,0,9.07,10.87
360,28,381.39,325.24,1,38.68,1.64
360,28,381.39,325.24,2,28.50,9.89
360,28,381.39,325.24,3,34.74,23.46
360,28,381.39,325.24,4,3.34,30.83
360,29,106.98,286.72,0,9.07,10.87
360,29,106.98,286.72,1,38.68,1.64
360,29,106.98,286.72,2,28.50,9.89
360,29,106.98,286.72,3,34.74,23.46
360,29,106.98,286.72,4,3.34,30.83
360,31,248.37,70.79,0,9.07,10.87
360,31,248.37,70.79,1,38.68,1.64
360,31,248.37,70.79,2,28.50,9.89
360,31,248.37,70.79,3,34.74,23.46
360,31,248.37,70.79,4,3.34,30.83
360,34,261.80,108.80,0,9.07,10.87
360,34,261.80,108.80,1,38.68,1.64
360,34,261.80,108.80,2,28.50,9.89
360,34,261.80,108.80,3,34.74,23.46
360,34,261.80,108.80,4,3.34,30.83
360,35,352.78,221.59,0,9.07,10.87
360,35,352.78,221.59,1,38.68,1.64
360,35,352.78,221.59,2,28.50,9.89
360,35,352.78,221.59,3,34.74,23.46
360,35,352.78,221.59,4,3.34,30.83
360,36,46.84,316.84,0,9.07,10.87
360,36,46.84,316.84,1,38.68,1.64
360,36,46.84,316.84,2,28.50,9.89
360,36,46.84,316.84,3,34.74,23.46
360,36,46.84,316.84,4,3.34,30.83
360,37,347.19,239.45,0,9.07,10.87
360,37,347.19,239.45,1,38.68,1.64
360,37,347.19,239.45,2,28.50,9.89
360,37,347.19,239.45,3,34.74,23.46
360,37,347.19,239.45,4,3.34,30.83
360,38,96.10,250.46,0,9.07,10.87
360,38,96.10,250.46,1,38.68,1.64
360,38,96.10,250.46,2,28.50,9.89
360,38,96.10,250.46,3,34.74,23.46
360,38,96.10,250.46,4,3.34,30.83
360,39,95.52,157.99,0,9.07,10.87
360,39,95.52,157.99,1,38.68,1.64
360,39,95.52,157.99,2,28.50,9.89
360,39,95.52,157.99,3,34.74,23.46
360,39,95.52,157.99,4,3.34,30.83
360,40,291.70,99.26,0,9.07,10.87
360,40,291.70,99.26,1,38.68,1.64
360,40,291.70,99.26,2,28.50,9.89
360,40,291.70,99.26,3,34.74,23.46
360,40,291.70,99.26,4,3.34,30.83
360,41,279.35,284.72,0,9.07,10.87
360,41,279.35,284.72,1,38.68,1.64
360,41,279.35,284.72,2,28.50,9.89
360,41,279.35,284.72,3,34.74,23.46
360,41,279.35,284.72,4,3.34,30.83
360,42,363.38,224.00,0,9.07,10.87
360,42,363.38,224.00,1,38.68,1.64
360,42,363.38,224.00,2,28.50,9.89
360,42,363.38,224.00,3,34.74,23.46
360,42,363.38,224.00,4,3.34,30.83
360,43,276.44,98.33,0,9.07,10.87
360,43,276.44,98.33,1,38.68,1.64
360,43,276.44,98.33,2,28.50,9.89
360,43,276.44,98.33,3,34.74,23.46
360,43,276.44,98.33,4,3.34,30.83
360,49,252.97,106.89,0,9.07,10.87
360,49,252.97,106.89,1,38.68,1.64
360,49,252.97,106.89,2,28.50,9.89
360,49,252.97,106.89,3,34.74,23.46
360,49,252.97,106.89,4,3.34,30.83
360,50,334.88,279.10,0,9.07,10.87
360,50,334.88,279.10,1,38.68,1.64
360,50,334.88,279.10,2,28.50,9.89
360,50,334.88,279.10,3,34.74,23.46
360,50,334.88,279.10,4,3.34,30.83
360,53,321.19,223.46,0,9.07,10.87
360,53,321.19,223.46,1,38.68,1.64
360,53,321.19,223.46,2,28.50,9.89
360,53,321.19,223.46,3,34.74,23.46
360,53,321.19,223.46,4,3.34,30.83
360,54,375.91,27.25,0,9.07,10.87
360,54,375.91,27.25,1,38.68,1.64
360,54,375.91,27.25,2,28.50,9.89
360,54,375.91,27.25,3,34.74,23.46
360,54,375.91,27.25,4,3.34,30.83
360,55,326.96,231.56,0,9.07,10.87
360,55,326.96,231.56,1,38.68,1.64
360,55,326.96,231.56,2,28.50,9.89
360,55,326.96,231.56,3,34.74,23.46
360,55,326.96,231.56,4,3.34,30.83
360,56,352.50,199.81,0,9.07,10.87
360,56,352.50,199.81,1,38.68,1.64
360,56,352.50,199.81,2,28.50,9.89
360,56,352.50,199.81,3,34.74,23.46
360,56,352.50,199.81,4,3.34,30.83
360,57,83.08,134.85,0,9.07,10.87
360,57,83.08,134.85,1,38.68,1.64
360,57,83.08,134.85,2,28.50,9.89
360,57,83.08,134.85,3,34.74,23.46
360,57,83.08,134.85,4,3.34,30.83
360,60,145.50,293.32,0,9.07,10.87
360,60,145.50,293.32,1,38.68,1.64
360,60,145.50,293.32,2,28.50,9.89
360,60,145.50,293.32,3,34.74,23.46
360,60,145.50,293.32,4,3.34,30.83
360,61,78.82,120.89,0,9.07,10.87
360,61,78.82,120.89,1,38.68,1.64
360,61,78.82,120.89,2,28.50,9.89
360,61,78.82,120.89,3,34.74,23.46
360,61,78.82,120.89,4,3.34,30.83
360,62,33.06,333.50,0,9.07,10.87
360,62,33.06,333.50,1,38.68,1.64
360,62,33.06,333.50,2,28.50,9.89
360,62,33.06,333.50,3,34.74,23.46
360,62,33.06,333.50,4,3.34,30.83
360,63,93.51,128.23,0,9.07,10.87
360,63,93.51,128.23,1,38.68,1.64
360,63,93.51,128.23,2,28.50,9.89
360,63,93.51,128.23,3,34.74,23.46
360,63,93.51,128.23,4,3.34,30.83
360,65,351.00,239.00,0,9.07,10.87
360,65,351.00,239.00,1,38.68,1.64
360,65,351.00,239.00,2,28.50,9.89
360,65,351.00,239.00,3,34.74,23.46
360,65,351.00,239.00,4,3.34,30.83
360,66,59.78,339.54,0,9.07,10.87
360,66,59.78,339.54,1,38.68,1.64
360,66,59.78,339.54,2,28.50,9.89
360,66,59.78,339.54,3,34.74,23.46
360,66,59.78,339.54,4,3.34,30.83
360,67,61.60,183.43,0,9.07,10.87
360,67,61.60,183.43,1,38.68,1.64
360,67,61.60,183.43,2,28.50,9.89
360,67,61.60,183.43,3,34.74,23.46
360,67,61.60,183.43,4,3.34,30.83
360,68,209.72,336.12,0,9.07,10.87
360,68,209.72,336.12,1,38.68,1.64
360,68,209.72,336.12,2,28.50,9.89
360,68,209.72,336.12,3,34.74,23.46
360,68,209.72,336.12,4,3.34,30.83
360,69,382.89,316.13,0,9.07,10.87
360,69,382.89,316.13,1,38.68,1.64
360,69,382.89,316.13,2,28.50,9.89
360,69,382.89,316.13,3,34.74,23.46
360,69,382.89,316.13,4,3.34,30.83
360,71,34.22,322.09,0,9.07,10.87
360,71,34.22,322.09,1,38.68,1.64
360,71,34.22,322.09,2,28.50,9.89
360,71,34.22,322.09,3,34.74,23.46
360,71,34.22,322.09,4,3.34,30.83
360,72,26.74,332.22,0,9.07,10.87
360,72,26.74,332.22,1,38.68,1.64
360,72,26.74,332.22,2,28.50,9.89
360,72,26.74,332.22,3,34.74,23.46
360,72,26.74,332.22,4,3.34,30.83
360,73,382.18,202.54,0,9.07,10.87
360,73,382.18,202.54,1,38.68,1.64
360,73,382.18,202.54,2,28.50,9.89
360,73,382.18,202.54,3,34.74,23.46
360,73,382.18,202.54,4,3.34,30.83
360,74,272.59,93.02,0,9.07,10.87
360,74,272.59,93.02,1,38.68,1.64
360,74,272.59,93.02,2,28.50,9.89
360,74,272.59,93.02,3,34.74,23.46
360,74,272.59,93.02,4,3.34,30.83
360,75,245.19,97.28,0,9.07,10.87
360,75,245.19,97.28,1,38.68,1.64
360,75,245.19,97.28,2,28.50,9.89
360,75,245.19,97.28,3,34.74,23.46
360,75,245.19,97.28,4,3.34,30.83
360,76,371.20,182.60,0,9.07,10.87
360,76,371.20,182.60,1,38.68,1.64
360,76,371.20,182.60,2,28.50,9.89
360,76,371.20,182.60,3,34.74,23.46
360,76,371.20,182.60,4,3.34,30.83
360,77,86.76,118.34,0,9.07,10.87
360,77,86.76,118.34,1,38.68,1.64
360,77,86.76,118.34,2,28.50,9.89
360,77,86.76,118.34,3,34.74,23.46
360,77,86.76,118.34,4,3.34,30.83
360,78,196.63,377.77,0,9.07,10.87
360,78,196.63,377.77,1,38.68,1.64
360,78,196.63,377.77,2,28.50,9.89
360,78,196.63,377.77,3,34.74,23.46
360,78,196.63,377.77,4,3.34,30.83
360,81,265.15,356.28,0,9.07,10.87
360,81,265.15,356.28,1,38.68,1.64
360,81,265.15,356.28,2,28.50,9.89
360,81,265.15,356.28,3,34.74,23.46
360,81,265.15,356.28,4,3.34,30.83
360,82,336.54,146.91,0,9.07,10.87
360,82,336.54,146.91,1,38.68,1.64
360,82,336.54,146.91,2,28.50,9.89
360,82,336.54,146.91,3,34.74,23.46
360,82,336.54,146.91,4,3.34,30.83
360,83,218.35,62.19,0,9.07,10.87
360,83,218.35,62.19,1,38.68,1.64
360,83,218.35,62.19,2,28.50,9.89
360,83,218.35,62.19,3,34.74,23.46
360,83,218.35,62.19,4,3.34,30.83
360,84,226.32,287.74,0,9.07,10.87
360,84,226.32,287.74,1,38.68,1.64
360,84,226.32,287.74,2,28.50,9.89
360,84,226.32,287.74,3,34.74,23.46
360,84,226.32,287.74,4,3.34,30.83
360,85,360.93,195.59,0,9.07,10.87
360,85,360.93,195.59,1,38.68,1.64
360,85,360.93,195.59,2,28.50,9.89
360,85,360.93,195.59,3,34.74,23.46
360,85,360.93,195.59,4,3.34,30.83
360,86,74.12,111.91,0,9.07,10.87
360,86,74.12,111.91,1,38.68,1.64
360,86,74.12,111.91,2,28.50,9.89
360,86,74.12,111.91,3,34.74,23.46
360,86,74.12,111.91,4,3.34,30.83
360,87,391.29,25.00,0,9.07,10.87
360,87,391.29,25.00,1,38.68,1.64
360,87,391.29,25.00,2,28.50,9.89
360,87,391.29,25.00,3,34.74,23.46
360,87,391.29,25.00,4,3.34,30.83
360,88,143.91,303.44,0,9.07,10.87
360,88,143.91,303.44,1,38.68,1.64
360,88,143.91,303.44,2,28.50,9.89
360,88,143.91,303.44,3,34.74,23.46
360,88,143.91,303.44,4,3.34,30.83
360,89,294.69,89.56,0,9.07,10.87
360,89,294.69,89.56,1,38.68,1.64
360,89,294.69,89.56,2,28.50,9.89
360,89,294.69,89.56,3,34.74,23.46
360,89,294.69,89.56,4,3.34,30.83
360,90,236.12,75.11,0,9.07,10.87
360,90,236.12,75.11,1,38.68,1.64
360,90,236.12,75.11,2,28.50,9.89
360,90,236.12,75.11,3,34.74,23.46
360,90,236.12,75.11,4,3.34,30.83
360,93,284.91,90.30,0,9.07,10.87
360,93,284.91,90.30,1,38.68,1.64
360,93,284.91,90.30,2,28.50,9.89
360,93,284.91,90.30,3,34.74,23.46
360,93,284.91,90.30,4,3.34,30.83
360,94,20.45,318.72,0,9.07,10.87
360,94,20.45,318.72,1,38.68,1.64
360,94,20.45,318.72,2,28.50,9.89
360,94,20.45,318.72,3,34.74,23.46
360,94,20.45,318.72,4,3.34,30.83
360,95,354.65,202.21,0,9.07,10.87
360,95,354.65,202.21,1,38.68,1.64
360,95,354.65,202.21,2,28.50,9.89
360,95,354.65,202.21,3,34.74,23.46
360,95,354.65,202.21,4,3.34,30.83
360,96,80.08,127.11,0,9.07,10.87
360,96,80.08,127.11,1,38.68,1.64
360,96,80.08,127.11,2,28.50,9.89
360,96,80.08,127.11,3,34.74,23.46
360,96,80.08,127.11,4,3.34,30.83
360,97,271.96,118.55,0,9.07,10.87
360,97,271.96,118.55,1,38.68,1.64
360,97,271.96,118.55,2,28.50,9.89
360,97,271.96,118.55,3,34.74,23.46
360,97,271.96,118.55,4,3.34,30.83
360,98,373.68,22.70,0,9.07,10.87
360,98,373.68,22.70,1,38.68,1.64
360,98,373.68,22.70,2,28.50,9.89
360,98,373.68,22.70,3,34.74,23.46
360,98,373.68,22.70,4,3.34,30.83
360,102,71.93,137.08,0,9.07,10.87
360,102,71.93,137.08,1,38.68,1.64
360,102,71.93,137.08,2,28.50,9.89
360,102,71.93,137.08,3,34.74,23.46
360,102,71.93,137.08,4,3.34,30.83
360,103,76.56,353.78,0,9.07,10.87
360,103,76.56,353.78,1,38.68,1.64
360,103,76.56,353.78,2,28.50,9.89
360,103,76.56,353.78,3,34.74,23.46
360,103,76.56,353.78,4,3.34,30.83
360,104,377.77,16.72,0,9.07,10.87
360,104,377.77,16.72,1,38.68,1.64
360,104,377.77,16.72,2,28.50,9.89
360,104,377.77,16.72,3,34.74,23.46
360,104,377.77,16.72,4,3.34,30.83
360,106,39.04,297.61,0,9.07,10.87
360,106,39.04,297.61,1,38.68,1.64
360,106,39.04,297.61,2,28.50,9.89
360,106,39.04,297.61,3,34.74,23.46
360,106,39.04,297.61,4,3.34,30.83
360,107,284.54,105.39,0,9.07,10.87
360,107,284.54,105.39,1,38.68,1.64
360,107,284.54,105.39,2,28.50,9.89
360,107,284.54,105.39,3,34.74,23.46
360,107,284.54,105.39,4,3.34,30.83
360,108,40.67,82.61,0,9.07,10.87
360,108,40.67,82.61,1,38.68,1.64
360,108,40.67,82.61,2,28.50,9.89
360,108,40.67,82.61,3,34.74,23.46
360,108,40.67,82.61,4,3.34,30.83
360,110,76.77,317.72,0,9.07,10.87
360,110,76.77,317.72,1,38.68,1.64
360,110,76.77,317.72,2,28.50,9.89
360,110,76.77,317.72,3,34.74,23.46
360,110,76.77,317.72,4,3.34,30.83
360,111,389.20,43.50,0,9.07,10.87
360,111,389.20,43.50,1,38.68,1.64
360,111,389.20,43.50,2,28.50,9.89
360,111,389.20,43.50,3,34.74,23.46
360,111,389.20,43.50,4,3.34,30.83
360,112,241.16,102.83,0,9.07,10.87
360,112,241.16,102.83,1,38.68,1.64
360,112,241.16,102.83,2,28.50,9.89
360,112,241.16,102.83,3,34.74,23.46
360,112,241.16,102.83,4,3.34,30.83
360,113,96.21,112.29,0,9.07,10.87
360,113,96.21,112.29,1,38.68,1.64
360,113,96.21,112.29,2,28.50,9.89
360,113,96.21,112.29,3,34.74,23.46
360,113,96.21,112.29,4,3.34,30.83
360,114,159.64,54.18,0,9.07,10.87
360,114,159.64,54.18,1,38.68,1.64
360,114,159.64,54.18,2,28.50,9.89
360,114,159.64,54.18,3,34.74,23.46
360,114,159.64,54.18,4,3.34,30.83
360,115,365.53,221.25,0,9.07,10.87
360,115,365.53,221.25,1,38.68,1.64
360,115,365.53,221.25,2,28.50,9.89
360,115,365.53,221.25,3,34.74,23.46
360,115,365.53,221.25,4,3.34,30.83
360,116,261.10,114.59,0,9.07,10.87
360,116,261.10,114.59,1,38.68,1.64
360,116,261.10,114.59,2,28.50,9.89
360,116,261.10,114.59,3,34.74,23.46
360,116,261.10,114.59,4,3.34,30.83
360,117,358.95,160.18,0,9.07,10.87
360,117,358.95,160.18,1,38.68,1.64
360,117,358.95,160.18,2,28.50,9.89
360,117,358.95,160.18,3,34.74,23.46
360,117,358.95,160.18,4,3.34,30.83
360,118,87.77,159.63,0,9.07,10.87
360,118,87.77,159.63,1,38.68,1.64
360,118,87.77,159.63,2,28.50,9.89
360,118,87.77,159.63,3,34.74,23.46
360,118,87.77,159.63,4,3.34,30.83
360,119,306.03,116.35,0,9.07,10.87
360,119,306.03,116.35,1,38.68,1.64
360,119,306.03,116.35,2,28.50,9.89
360,119,306.03,116.35,3,34.74,23.46
360,119,306.03,116.35,4,3.34,30.83
360,120,177.41,215.71,0,9.07,10.87
360,120,177.41,215.71,1,38.68,1.64
360,120,177.41,215.71,2,28.50,9.89
360,120,177.41,215.71,3,34.74,23.46
360,120,177.41,215.71,4,3.34,30.83
360,122,108.27,257.45,0,9.07,10.87
360,122,108.27,257.45,1,38.68,1.64
360,122,108.27,257.45,2,28.50,9.89
360,122,108.27,257.45,3,34.74,23.46
360,122,108.27,257.45,4,3.34,30.83
360,123,123.60,318.67,0,9.07,10.87
360,123,123.60,318.67,1,38.68,1.64
360,123,123.60,318.67,2,28.50,9.89
360,123,123.60,318.67,3,34.74,23.46
360,123,123.60,318.67,4,3.34,30.83
360,124,105.07,75.92,0,9.07,10.87
360,124,105.07,75.92,1,38.68,1.64
360,124,105.07,75.92,2,28.50,9.89
360,124,105.07,75.92,3,34.74,23.46
360,124,105.07,75.92,4,3.34,30.83
360,125,364.78,144.84,0,9.07,10.87
360,125,364.78,144.84,1,38.68,1.64
360,125,364.78,144.84,2,28.50,9.89
360,125,364.78,144.84,3,34.74,23.46
360,125,364.78,144.84,4,3.34,30.83
360,126,70.73,105.58,0,9.07,10.87
360,126,70.73,105.58,1,38.68,1.64
360,126,70.73,105.58,2,28.50,9.89
360,126,70.73,105.58,3,34.74,23.46
360,126,70.73,105.58,4,3.34,30.83
360,127,27.20,320.49,0,9.07,10.87
360,127,27.20,320.49,1,38.68,1.64
360,127,27.20,320.49,2,28.50,9.89
360,127,27.20,320.49,3,34.74,23.46
360,127,27.20,320.49,4,3.34,30.83
360,128,234.61,353.72,0,9.07,10.87
360,128,234.61,353.72,1,38.68,1.64
360,128,234.61,353.72,2,28.50,9.89
360,128,234.61,353.72,3,34.74,23.46
360,128,234.61,353.72,4,3.34,30.83
360,129,319.18,178.99,0,9.07,10.87
360,129,319.18,178.99,1,38.68,1.64
360,129,319.18,178.99,2,28.50,9.89
360,129,319.18,178.99,3,34.74,23.46
360,129,319.18,178.99,4,3.34,30.83
360,132,365.20,244.44,0,9.07,10.87
360,132,365.20,244.44,1,38.68,1.64
360,132,365.20,244.44,2,28.50,9.89
360,132,365.20,244.44,3,34.74,23.46
360,132,365.20,244.44,4,3.34,30.83
360,133,62.54,112.10,0,9.07,10.87
360,133,62.54,112.10,1,38.68,1.64
360,133,62.54,112.10,2,28.50,9.89
360,133,62.54,112.10,3,34.74,23.46
360,133,62.54,112.10,4,3.34,30.83
360,135,48.84,297.28,0,9.07,10.87
360,135,48.84,297.28,1,38.68,1.64
360,135,48.84,297.28,2,28.50,9.89
360,135,48.84,297.28,3,34.74,23.46
360,135,48.84,297.28,4,3.34,30.83
360,137,287.22,97.44,0,9.07,10.87
360,137,287.22,97.44,1,38.68,1.64
360,137,287.22,97.44,2,28.50,9.89
360,137,287.22,97.44,3,34.74,23.46
360,137,287.22,97.44,4,3.34,30.83
360,139,359.86,169.59,0,9.07,10.87
360,139,359.86,169.59,1,38.68,1.64
360,139,359.86,169.59,2,28.50,9.89
360,139,359.86,169.59,3,34.74,23.46
360,139,359.86,169.59,4,3.34,30.83
360,141,346.29,388.15,0,9.07,10.87
360,141,346.29,388.15,1,38.68,1.64
360,141,346.29,388.15,2,28.50,9.89
360,141,346.29,388.15,3,34.74,23.46
360,141,346.29,388.15,4,3.34,30.83
360,142,272.29,107.67,0,9.07,10.87
360,142,272.29,107.67,1,38.68,1.64
360,142,272.29,107.67,2,28.50,9.89
360,142,272.29,107.67,3,34.74,23.46
360,142,272.29,107.67,4,3.34,30.83
360,143,337.90,314.33,0,9.07,10.87
360,143,337.90,314.33,1,38.68,1.64
360,143,337.90,314.33,2,28.50,9.89
360,143,337.90,314.33,3,34.74,23.46
360,143,337.90,314.33,4,3.34,30.83
360,145,228.32,324.40,0,9.07,10.87
360,145,228.32,324.40,1,38.68,1.64
360,145,228.32,324.40,2,28.50,9.89
360,145,228.32,324.40,3,34.74,23.46
360,145,228.32,324.40,4,3.34,30.83
360,146,103.66,155.76,0,9.07,10.87
360,146,103.66,155.76,1,38.68,1.64
360,146,103.66,155.76,2,28.50,9.89
360,146,103.66,155.76,3,34.74,23.46
360,146,103.66,155.76,4,3.34,30.83
360,148,335.68,217.32,0,9.07,10.87
360,148,335.68,217.32,1,38.68,1.64
360,148,335.68,217.32,2,28.50,9.89
360,148,335.68,217.32,3,34.74,23.46
360,148,335.68,217.32,4,3.34,30.83
360,149,355.04,236.04,0,9.07,10.87
360,149,355.04,236.04,1,38.68,1.64
360,149,355.04,236.04,2,28.50,9.89
360,149,355.04,236.04,3,34.74,23.46
360,149,355.04,236.04,4,3.34,30.83
360,150,289.81,114.32,0,9.07,10.87
360,150,289.81,114.32,1,38.68,1.64
360,150,289.81,114.32,2,28.50,9.89
360,150,289.81,114.32,3,34.74,23.46
360,150,289.81,114.32,4,3.34,30.83
360,151,248.65,92.46,0,9.07,10.87
360,151,248.65,92.46,1,38.68,1.64
360,151,248.65,92.46,2,28.50,9.89
360,151,248.65,92.46,3,34.74,23.46
360,151,248.65,92.46,4,3.34,30.83
360,152,78.58,101.96,0,9.07,10.87
360,152,78.58,101.96,1,38.68,1.64
360,152,78.58,101.96,2,28.50,9.89
360,152,78.58,101.96,3,34.74,23.46
360,152,78.58,101.96,4,3.34,30.83
360,155,253.82,118.97,0,9.07,10.87
360,155,253.82,118.97,1,38.68,1.64
360,155,253.82,118.97,2,28.50,9.89
360,155,253.82,118.97,3,34.74,23.46
360,155,253.82,118.97,4,3.34,30.83
360,156,357.97,278.37,0,9.07,10.87
360,156,357.97,278.37,1,38.68,1.64
360,156,357.97,278.37,2,28.50,9.89
360,156,357.97,278.37,3,34.74,23.46
360,156,357.97,278.37,4,3.34,30.83
360,157,256.50,99.75,0,9.07,10.87
360,157,256.50,99.75,1,38.68,1.64
360,157,256.50,99.75,2,28.50,9.89
360,157,256.50,99.75,3,34.74,23.46
360,157,256.50,99.75,4,3.34,30.83
360,159,364.27,261.84,0,9.07,10.87
360,159,364.27,261.84,1,38.68,1.64
360,159,364.27,261.84,2,28.50,9.89
360,159,364.27,261.84,3,34.74,23.46
360,159,364.27,261.84,4,3.34,30.83
360,160,318.14,392.51,0,9.07,10.87
360,160,318.14,392.51,1,38.68,1.64
360,160,318.14,392.51,2,28.50,9.89
360,160,318.14,392.51,3,34.74,23.46
360,160,318.14,392.51,4,3.34,30.83
360,161,173.04,134.58,0,9.07,10.87
360,161,173.04,134.58,1,38.68,1.64
360,161,173.04,134.58,2,28.50,9.89
360,161,173.04,134.58,3,34.74,23.46
360,161,173.04,134.58,4,3.34,30.83
360,162,290.54,342.48,0,9.07,10.87
360,162,290.54,342.48,1,38.68,1.64
360,162,290.54,342.48,2,28.50,9.89
360,162,290.54,342.48,3,34.74,23.46
360,162,290.54,342.48,4,3.34,30.83
360,163,188.24,128.12,0,9.07,10.87
360,163,188.24,128.12,1,38.68,1.64
360,163,188.24,128.12,2,28.50,9.89
360,163,188.24,128.12,3,34.74,23.46
360,163,188.24,128.12,4,3.34,30.83
360,164,54.33,63.93,0,9.07,10.87
360,164,54.33,63.93,1,38.68,1.64
360,164,54.33,63.93,2,28.50,9.89
360,164,54.33,63.93,3,34.74,23.46
360,164,54.33,63.93,4,3.34,30.83
360,165,95.26,98.54,0,9.07,10.87
360,165,95.26,98.54,1,38.68,1.64
360,165,95.26,98.54,2,28.50,9.89
360,165,95.26,98.54,3,34.74,23.46
360,165,95.26,98.54,4,3.34,30.83
360,166,292.87,366.37,0,9.07,10.87
360,166,292.87,366.37,1,38.68,1.64
360,166,292.87,366.37,2,28.50,9.89
360,166,292.87,366.37,3,34.74,23.46
360,166,292.87,366.37,4,3.34,30.83
360,167,378.30,288.77,0,9.07,10.87
360,167,378.30,288.77,1,38.68,1.64
360,167,378.30,288.77,2,28.50,9.89
360,167,378.30,288.77,3,34.74,23.46
360,167,378.30,288.77,4,3.34,30.83
360,168,193.88,280.77,0,9.07,10.87
360,168,193.88,280.77,1,38.68,1.64
360,168,193.88,280.77,2,28.50,9.89
360,168,193.88,280.77,3,34.74,23.46
360,168,193.88,280.77,4,3.34,30.83
360,169,250.59,90.19,0,9.07,10.87
360,169,250.59,90.19,1,38.68,1.64
360,169,250.59,90.19,2,28.50,9.89
360,169,250.59,90.19,3,34.74,23.46
360,169,250.59,90.19,4,3.34,30.83
360,170,338.04,238.99,0,9.07,10.87
360,170,338.04,238.99,1,38.68,1.64
360,170,338.04,238.99,2,28.50,9.89
360,170,338.04,238.99,3,34.74,23.46
360,170,338.04,238.99,4,3.34,30.83
360,172,371.73,212.27,0,9.07,10.87
360,172,371.73,212.27,1,38.68,1.64
360,172,371.73,212.27,2,28.50,9.89
360,172,371.73,212.27,3,34.74,23.46
360,172,371.73,212.27,4,3.34,30.83
360,173,378.68,194.05,0,9.07,10.87
360,173,378.68,194.05,1,38.68,1.64
360,173,378.68,194.05,2,28.50,9.89
360,173,378.68,194.05,3,34.74,23.46
360,173,378.68,194.05,4,3.34,30.83
360,174,159.18,214.42,0,9.07,10.87
360,174,159.18,214.42,1,38.68,1.64
360,174,159.18,214.42,2,28.50,9.89
360,174,159.18,214.42,3,34.74,23.46
360,174,159.18,214.42,4,3.34,30.83
360,176,66.01,163.82,0,9.07,10.87
360,176,66.01,163.82,1,38.68,1.64
360,176,66.01,163.82,2,28.50,9.89
360,176,66.01,163.82,3,34.74,23.46
360,176,66.01,163.82,4,3.34,30.83
360,177,206.36,278.56,0,9.07,10.87
360,177,206.36,278.56,1,38.68,1.64
360,177,206.36,278.56,2,28.50,9.89
360,177,206.36,278.56,3,34.74,23.46
360,177,206.36,278.56,4,3.34,30.83
360,178,262.00,97.14,0,9.07,10.87
360,178,262.00,97.14,1,38.68,1.64
360,178,262.00,97.14,2,28.50,9.89
360,178,262.00,97.14,3,34.74,23.46
360,178,262.00,97.14,4,3.34,30.83
360,180,236.35,136.53,0,9.07,10.87
360,180,236.35,136.53,1,38.68,1.64
360,180,236.35,136.53,2,28.50,9.89
360,180,236.35,136.53,3,34.74,23.46
360,180,236.35,136.53,4,3.34,30.83
360,181,44.21,124.30,0,9.07,10.87
360,181,44.21,124.30,1,38.68,1.64
360,181,44.21,124.30,2,28.50,9.89
360,181,44.21,124.30,3,34.74,23.46
360,181,44.21,124.30,4,3.34,30.83
360,183,92.68,115.32,0,9.07,10.87
360,183,92.68,115.32,1,38.68,1.64
360,183,92.68,115.32,2,28.50,9.89
360,183,92.68,115.32,3,34.74,23.46
360,183,92.68,115.32,4,3.34,30.83
360,184,85.95,96.72,0,9.07,10.87
360,184,85.95,96.72,1,38.68,1.64
360,184,85.95,96.72,2,28.50,9.89
360,184,85.95,96.72,3,34.74,23.46
360,184,85.95,96.72,4,3.34,30.83
360,185,51.20,306.29,0,9.07,10.87
360,185,51.20,306.29,1,38.68,1.64
360,185,51.20,306.29,2,28.50,9.89
360,185,51.20,306.29,3,34.74,23.46
360,185,51.20,306.29,4,3.34,30.83
360,186,265.33,108.04,0,9.07,10.87
360,186,265.33,108.04,1,38.68,1.64
360,186,265.33,108.04,2,28.50,9.89
360,186,265.33,108.04,3,34.74,23.46
360,186,265.33,108.04,4,3.34,30.83
360,187,96.79,313.15,0,9.07,10.87
360,187,96.79,313.15,1,38.68,1.64
360,187,96.79,313.15,2,28.50,9.89
360,187,96.79,313.15,3,34.74,23.46
360,187,96.79,313.15,4,3.34,30.83
360,188,275.44,110.16,0,9.07,10.87
360,188,275.44,110.16,1,38.68,1.64
360,188,275.44,110.16,2,28.50,9.89
360,188,275.44,110.16,3,34.74,23.46
360,188,275.44,110.16,4,3.34,30.83
360,190,67.63,86.36,0,9.07,10.87
360,190,67.63,86.36,1,38.68,1.64
360,190,67.63,86.36,2,28.50,9.89
360,190,67.63,86.36,3,34.74,23.46
360,190,67.63,86.36,4,3.34,30.83
360,192,285.22,98.44,0,9.07,10.87
360,192,285.22,98.44,1,38.68,1.64
360,192,285.22,98.44,2,28.50,9.89
360,192,285.22,98.44,3,34.74,23.46
360,192,285.22,98.44,4,3.34,30.83
360,193,308.12,106.07,0,9.07,10.87
360,193,308.12,106.07,1,38.68,1.64
360,193,308.12,106.07,2,28.50,9.89
360,193,308.12,106.07,3,34.74,23.46
360,193,308.12,106.07,4,3.34,30.83
360,194,76.41,116.42,0,9.07,10.87
360,194,76.41,116.42,1,38.68,1.64
360,194,76.41,116.42,2,28.50,9.89
360,194,76.41,116.42,3,34.74,23.46
360,194,76.41,116.42,4,3.34,30.83
360,195,67.34,337.55,0,9.07,10.87
360,195,67.34,337.55,1,38.68,1.64
360,195,67.34,337.55,2,28.50,9.89
360,195,67.34,337.55,3,34.74,23.46
360,195,67.34,337.55,4,3.34,30.83
360,198,361.65,208.15,0,9.07,10.87
360,198,361.65,208.15,1,38.68,1.64
360,198,361.65,208.15,2,28.50,9.89
360,198,361.65,208.15,3,34.74,23.46
360,198,361.65,208.15,4,3.34,30.83
360,199,59.66,137.08,0,9.07,10.87
360,199,59.66,137.08,1,38.68,1.64
360,199,59.66,137.08,2,28.50,9.89
360,199,59.66,137.08,3,34.74,23.46
360,199,59.66,137.08,4,3.34,30.83
360,200,55.56,97.21,0,9.07,10.87
360,200,55.56,97.21,1,38.68,1.64
360,200,55.56,97.21,2,28.50,9.89
360,200,55.56,97.21,3,34.74,23.46
360,200,55.56,97.21,4,3.34,30.83
360,201,373.17,203.78,0,9.07,10.87
360,201,373.17,203.78,1,38.68,1.64
360,201,373.17,203.78,2,28.50,9.89
360,201,373.17,203.78,3,34.74,23.46
360,201,373.17,203.78,4,3.34,30.83
360,203,361.03,216.40,0,9.07,10.87
360,203,361.03,216.40,1,38.68,1.64
360,203,361.03,216.40,2,28.50,9.89
360,203,361.03,216.40,3,34.74,23.46
360,203,361.03,216.40,4,3.34,30.83
360,206,278.07,104.67,0,9.07,10.87
360,206,278.07,104.67,1,38.68,1.64
360,206,278.07,104.67,2,28.50,9.89
360,206,278.07,104.67,3,34.74,23.46
360,206,278.07,104.67,4,3.34,30.83
360,207,26.44,304.12,0,9.07,10.87
360,207,26.44,304.12,1,38.68,1.64
360,207,26.44,304.12,2,28.50,9.89
360,207,26.44,304.12,3,34.74,23.46
360,207,26.44,304.12,4,3.34,30.83
360,208,35.18,317.30,0,9.07,10.87
360,208,35.18,317.30,1,38.68,1.64
360,208,35.18,317.30,2,28.50,9.89
360,208,35.18,317.30,3,34.74,23.46
360,208,35.18,317.30,4,3.34,30.83
360,211,94.23,358.91,0,9.07,10.87
360,211,94.23,358.91,1,38.68,1.64
360,211,94.23,358.91,2,28.50,9.89
360,211,94.23,358.91,3,34.74,23.46
360,211,94.23,358.91,4,3.34,30.83
360,212,369.97,246.34,0,9.07,10.87
360,212,369.97,246.34,1,38.68,1.64
360,212,369.97,246.34,2,28.50,9.89
360,212,369.97,246.34,3,34.74,23.46
360,212,369.97,246.34,4,3.34,30.83
360,213,367.32,236.92,0,9.07,10.87
360,213,367.32,236.92,1,38.68,1.64
360,213,367.32,236.92,2,28.50,9.89
360,213,367.32,236.92,3,34.74,23.46
360,213,367.32,236.92,4,3.34,30.83
360,214,269.72,84.43,0,9.07,10.87
360,214,269.72,84.43,1,38.68,1.64
360,214,269.72,84.43,2,28.50,9.89
360,214,269.72,84.43,3,34.74,23.46
360,214,269.72,84.43,4,3.34,30.83
360,215,250.26,394.90,0,9.07,10.87
360,215,250.26,394.90,1,38.68,1.64
360,215,250.26,394.90,2,28.50,9.89
360,215,250.26,394.90,3,34.74,23.46
360,215,250.26,394.90,4,3.34,30.83
360,216,242.79,391.66,0,9.07,10.87
360,216,242.79,391.66,1,38.68,1.64
360,216,242.79,391.66,2,28.50,9.89
360,216,242.79,391.66,3,34.74,23.46
360,216,242.79,391.66,4,3.34,30.83
360,217,386.39,17.39,0,9.07,10.87
360,217,386.39,17.39,1,38.68,1.64
360,217,386.39,17.39,2,28.50,9.89
360,217,386.39,17.39,3,34.74,23.46
360,217,386.39,17.39,4,3.34,30.83
360,218,275.89,387.20,0,9.07,10.87
360,218,275.89,387.20,1,38.68,1.64
360,218,275.89,387.20,2,28.50,9.89
360,218,275.89,387.20,3,34.74,23.46
360,218,275.89,387.20,4,3.34,30.83
360,219,56.33,105.96,0,9.07,10.87
360,219,56.33,105.96,1,38.68,1.64
360,219,56.33,105.96,2,28.50,9.89
360,219,56.33,105.96,3,34.74,23.46
360,219,56.33,105.96,4,3.34,30.83
360,221,345.83,232.00,0,9.07,10.87
360,221,345.83,232.00,1,38.68,1.64
360,221,345.83,232.00,2,28.50,9.89
360,221,345.83,232.00,3,34.74,23.46
360,221,345.83,232.00,4,3.34,30.83
360,223,355.82,214.61,0,9.07,10.87
360,223,355.82,214.61,1,38.68,1.64
360,223,355.82,214.61,2,28.50,9.89
360,223,355.82,214.61,3,34.74,23.46
360,223,355.82,214.61,4,3.34,30.83
360,226,298.00,142.32,0,9.07,10.87
360,226,298.00,142.32,1,38.68,1.64
360,226,298.00,142.32,2,28.50,9.89
360,226,298.00,142.32,3,34.74,23.46
360,226,298.00,142.32,4,3.34,30.83
360,227,64.58,318.05,0,9.07,10.87
360,227,64.58,318.05,1,38.68,1.64
360,227,64.58,318.05,2,28.50,9.89
360,227,64.58,318.05,3,34.74,23.46
360,227,64.58,318.05,4,3.34,30.83
360,228,269.70,78.47,0,9.07,10.87
360,228,269.70,78.47,1,38.68,1.64
360,228,269.70,78.47,2,28.50,9.89
360,228,269.70,78.47,3,34.74,23.46
360,228,269.70,78.47,4,3.34,30.83
360,229,149.81,112.14,0,9.07,10.87
360,229,149.81,112.14,1,38.68,1.64
360,229,149.81,112.14,2,28.50,9.89
360,229,149.81,112.14,3,34.74,23.46
360,229,149.81,112.14,4,3.34,30.83
360,230,141.81,65.73,0,9.07,10.87
360,230,141.81,65.73,1,38.68,1.64
360,230,141.81,65.73,2,28.50,9.89
360,230,141.81,65.73,3,34.74,23.46
360,230,141.81,65.73,4,3.34,30.83
360,231,298.14,313.83,0,9.07,10.87
360,231,298.14,313.83,1,38.68,1.64
360,231,298.14,313.83,2,28.50,9.89
360,231,298.14,313.83,3,34.74,23.46
360,231,298.14,313.83,4,3.34,30.83
360,232,379.36,29.80,0,9.07,10.87
360,232,379.36,29.80,1,38.68,1.64
360,232,379.36,29.80,2,28.50,9.89
360,232,379.36,29.80,3,34.74,23.46
360,232,379.36,29.80,4,3.34,30.83
360,233,362.54,229.60,0,9.07,10.87
360,233,362.54,229.60,1,38.68,1.64
360,233,362.54,229.60,2,28.50,9.89
360,233,362.54,229.60,3,34.74,23.46
360,233,362.54,229.60,4,3.34,30.83
360,237,168.37,143.01,0,9.07,10.87
360,237,168.37,143.01,1,38.68,1.64
360,237,168.37,143.01,2,28.50,9.89
360,237,168.37,143.01,3,34.74,23.46
360,237,168.37,143.01,4,3.34,30.83
360,238,21.94,307.37,0,9.07,10.87
360,238,21.94,307.37,1,38.68,1.64
360,238,21.94,307.37,2,28.50,9.89
360,238,21.94,307.37,3,34.74,23.46
360,238,21.94,307.37,4,3.34,30.83
360,239,232.58,117.41,0,9.07,10.87
360,239,232.58,117.41,1,38.68,1.64
360,239,232.58,117.41,2,28.50,9.89
360,239,232.58,117.41,3,34.74,23.46
360,239,232.58,117.41,4,3.34,30.83
360,240,110.47,250.44,0,9.07,10.87
360,240,110.47,250.44,1,38.68,1.64
360,240,110.47,250.44,2,28.50,9.89
360,240,110.47,250.44,3,34.74,23.46
360,240,110.47,250.44,4,3.34,30.83
360,241,377.02,211.65,0,9.07,10.87
360,241,377.02,211.65,1,38.68,1.64
360,241,377.02,211.65,2,28.50,9.89
360,241,377.02,211.65,3,34.74,23.46
360,241,377.02,211.65,4,3.34,30.83
360,242,207.45,225.37,0,9.07,10.87
360,242,207.45,225.37,1,38.68,1.64
360,242,207.45,225.37,2,28.50,9.89
360,242,207.45,225.37,3,34.74,23.46
360,242,207.45,225.37,4,3.34,30.83
360,243,34.22,304.78,0,9.07,10.87
360,243,34.22,304.78,1,38.68,1.64
360,243,34.22,304.78,2,28.50,9.89
360,243,34.22,304.78,3,34.74,23.46
360,243,34.22,304.78,4,3.34,30.83
360,244,154.71,324.50,0,9.07,10.87
360,244,154.71,324.50,1,38.68,1.64
360,244,154.71,324.50,2,28.50,9.89
360,244,154.71,324.50,3,34.74,23.46
360,244,154.71,324.50,4,3.34,30.83
360,245,243.55,129.78,0,9.07,10.87
360,245,243.55,129.78,1,38.68,1.64
360,245,243.55,129.78,2,28.50,9.89
360,245,243.55,129.78,3,34.74,23.46
360,245,243.55,129.78,4,3.34,30.83
360,246,349.67,221.33,0,9.07,10.87
360,246,349.67,221.33,1,38.68,1.64
360,246,349.67,221.33,2,28.50,9.89
360,246,349.67,221.33,3,34.74,23.46
360,246,349.67,221.33,4,3.34,30.83
360,248,376.58,272.78,0,9.07,10.87
360,248,376.58,272.78,1,38.68,1.64
360,248,376.58,272.78,2,28.50,9.89
360,248,376.58,272.78,3,34.74,23.46
360,248,376.58,272.78,4,3.34,30.83
360,249,377.14,392.64,0,9.07,10.87
360,249,377.14,392.64,1,38.68,1.64
360,249,377.14,392.64,2,28.50,9.89
360,249,377.14,392.64,3,34.74,23.46
360,249,377.14,392.64,4,3.34,30.83
360,250,252.12,291.06,0,9.07,10.87
360,250,252.12,291.06,1,38.68,1.64
360,250,252.12,291.06,2,28.50,9.89
360,250,252.12,291.06,3,34.74,23.46
360,250,252.12,291.06,4,3.34,30.83
360,251,52.25,310.59,0,9.07,10.87
360,251,52.25,310.59,1,38.68,1.64
360,251,52.25,310.59,2,28.50,9.89
360,251,52.25,310.59,3,34.74,23.46
360,251,52.25,310.59,4,3.34,30.83
360,252,47.03,95.69,0,9.07,10.87
360,252,47.03,95.69,1,38.68,1.64
360,252,47.03,95.69,2,28.50,9.89
360,252,47.03,95.69,3,34.74,23.46
360,252,47.03,95.69,4,3.34,30.83
360,253,343.12,202.62,0,9.07,10.87
360,253,343.12,202.62,1,38.68,1.64
360,253,343.12,202.62,2,28.50,9.89
360,253,343.12,202.62,3,34.74,23.46
360,253,343.12,202.62,4,3.34,30.83
360,254,366.34,183.27,0,9.07,10.87
360,254,366.34,183.27,1,38.68,1.64
360,254,366.34,183.27,2,28.50,9.89
360,254,366.34,183.27,3,34.74,23.46
360,254,366.34,183.27,4,3.34,30.83
360,256,91.44,103.33,0,9.07,10.87
360,256,91.44,103.33,1,38.68,1.64
360,256,91.44,103.33,2,28.50,9.89
360,256,91.44,103.33,3,34.74,23.46
360,256,91.44,103.33,4,3.34,30.83
360,257,360.75,210.42,0,9.07,10.87
360,257,360.75,210.42,1,38.68,1.64
360,257,360.75,210.42,2,28.50,9.89
360,257,360.75,210.42,3,34.74,23.46
360,257,360.75,210.42,4,3.34,30.83
360,258,383.78,34.64,0,9.07,10.87
360,258,383.78,34.64,1,38.68,1.64
360,258,383.78,34.64,2,28.50,9.89
360,258,383.78,34.64,3,34.74,23.46
360,258,383.78,34.64,4,3.34,30.83
360,259,96.18,105.16,0,9.07,10.87
360,259,96.18,105.16,1,38.68,1.64
360,259,96.18,105.16,2,28.50,9.89
360,259,96.18,105.16,3,34.74,23.46
360,259,96.18,105.16,4,3.34,30.83
360,260,316.91,367.12,0,9.07,10.87
360,260,316.91,367.12,1,38.68,1.64
360,260,316.91,367.12,2,28.50,9.89
360,260,316.91,367.12,3,34.74,23.46
360,260,316.91,367.12,4,3.34,30.83
360,261,43.19,321.50,0,9.07,10.87
360,261,43.19,321.50,1,38.68,1.64
360,261,43.19,321.50,2,28.50,9.89
360,261,43.19,321.50,3,34.74,23.46
360,261,43.19,321.50,4,3.34,30.83
360,262,151.40,100.67,0,9.07,10.87
360,262,151.40,100.67,1,38.68,1.64
360,262,151.40,100.67,2,28.50,9.89
360,262,151.40,100.67,3,34.74,23.46
360,262,151.40,100.67,4,3.34,30.83
360,263,150.73,88.78,0,9.07,10.87
360,263,150.73,88.78,1,38.68,1.64
360,263,150.73,88.78,2,28.50,9.89
360,263,150.73,88.78,3,34.74,23.46
360,263,150.73,88.78,4,3.34,30.83
360,264,66.23,125.79,0,9.07,10.87
360,264,66.23,125.79,1,38.68,1.64
360,264,66.23,125.79,2,28.50,9.89
360,264,66.23,125.79,3,34.74,23.46
360,264,66.23,125.79,4,3.34,30.83
360,265,224.64,333.63,0,9.07,10.87
360,265,224.64,333.63,1,38.68,1.64
360,265,224.64,333.63,2,28.50,9.89
360,265,224.64,333.63,3,34.74,23.46
360,265,224.64,333.63,4,3.34,30.83
360,266,74.57,305.50,0,9.07,10.87
360,266,74.57,305.50,1,38.68,1.64
360,266,74.57,305.50,2,28.50,9.89
360,266,74.57,305.50,3,34.74,23.46
360,266,74.57,305.50,4,3.34,30.83
360,267,220.66,77.91,0,9.07,10.87
360,267,220.66,77.91,1,38.68,1.64
360,267,220.66,77.91,2,28.50,9.89
360,267,220.66,77.91,3,34.74,23.46
360,267,220.66,77.91,4,3.34,30.83
360,268,253.03,103.41,0,9.07,10.87
360,268,253.03,103.41,1,38.68,1.64
360,268,253.03,103.41,2,28.50,9.89
360,268,253.03,103.41,3,34.74,23.46
360,268,253.03,103.41,4,3.34,30.83
360,269,51.15,132.20,0,9.07,10.87
360,269,51.15,132.20,1,38.68,1.64
360,269,51.15,132.20,2,28.50,9.89
360,269,51.15,132.20,3,34.74,23.46
360,269,51.15,132.20,4,3.34,30.83
360,271,86.29,111.54,0,9.07,10.87
360,271,86.29,111.54,1,38.68,1.64
360,271,86.29,111.54,2,28.50,9.89
360,271,86.29,111.54,3,34.74,23.46
360,271,86.29,111.54,4,3.34,30.83
360,273,28.24,297.14,0,9.07,10.87
360,273,28.24,297.14,1,38.68,1.64
360,273,28.24,297.14,2,28.50,9.89
360,273,28.24,297.14,3,34.74,23.46
360,273,28.24,297.14,4,3.34,30.83
360,274,97.48,46.41,0,9.07,10.87
360,274,97.48,46.41,1,38.68,1.64
360,274,97.48,46.41,2,28.50,9.89
360,274,97.48,46.41,3,34.74,23.46
360,274,97.48,46.41,4,3.34,30.83
360,275,342.30,225.18,0,9.07,10.87
360,275,342.30,225.18,1,38.68,1.64
360,275,342.30,225.18,2,28.50,9.89
360,275,342.30,225.18,3,34.74,23.46
360,275,342.30,225.18,4,3.34,30.83
360,276,343.60,230.27,0,9.07,10.87
360,276,343.60,230.27,1,38.68,1.64
360,276,343.60,230.27,2,28.50,9.89
360,276,343.60,230.27,3,34.74,23.46
360,276,343.60,230.27,4,3.34,30.83
360,277,313.71,197.36,0,9.07,10.87
360,277,313.71,197.36,1,38.68,1.64
360,277,313.71,197.36,2,28.50,9.89
360,277,313.71,197.36,3,34.74,23.46
360,277,313.71,197.36,4,3.34,30.83
360,278,61.67,349.47,0,9.07,10.87
360,278,61.67,349.47,1,38.68,1.64
360,278,61.67,349.47,2,28.50,9.89
360,278,61.67,349.47,3,34.74,23.46
360,278,61.67,349.47,4,3.34,30.83
360,279,217.72,393.08,0,9.07,10.87
360,279,217.72,393.08,1,38.68,1.64
360,279,217.72,393.08,2,28.50,9.89
360,279,217.72,393.08,3,34.74,23.46
360,279,217.72,393.08,4,3.34,30.83
360,281,255.56,71.80,0,9.07,10.87
360,281,255.56,71.80,1,38.68,1.64
360,281,255.56,71.80,2,28.50,9.89
360,281,255.56,71.80,3,34.74,23.46
360,281,255.56,71.80,4,3.34,30.83
360,282,367.53,209.72,0,9.07,10.87
360,282,367.53,209.72,1,38.68,1.64
360,282,367.53,209.72,2,28.50,9.89
360,282,367.53,209.72,3,34.74,23.46
360,282,367.53,209.72,4,3.34,30.83
360,283,347.40,194.07,0,9.07,10.87
360,283,347.40,194.07,1,38.68,1.64
360,283,347.40,194.07,2,28.50,9.89
360,283,347.40,194.07,3,34.74,23.46
360,283,347.40,194.07,4,3.34,30.83
360,284,277.31,96.88,0,9.07,10.87
360,284,277.31,96.88,1,38.68,1.64
360,284,277.31,96.88,2,28.50,9.89
360,284,277.31,96.88,3,34.74,23.46
360,284,277.31,96.88,4,3.34,30.83
360,285,223.41,353.25,0,9.07,10.87
360,285,223.41,353.25,1,38.68,1.64
360,285,223.41,353.25,2,28.50,9.89
360,285,223.41,353.25,3,34.74,23.46
360,285,223.41,353.25,4,3.34,30.83
360,286,256.94,345.35,0,9.07,10.87
360,286,256.94,345.35,1,38.68,1.64
360,286,256.94,345.35,2,28.50,9.89
360,286,256.94,345.35,3,34.74,23.46
360,286,256.94,345.35,4,3.34,30.83
360,288,96.63,39.18,0,9.07,10.87
360,288,96.63,39.18,1,38.68,1.64
360,288,96.63,39.18,2,28.50,9.89
360,288,96.63,39.18,3,34.74,23.46
360,288,96.63,39.18,4,3.34,30.83
360,289,41.25,311.25,0,9.07,10.87
360,289,41.25,311.25,1,38.68,1.64
360,289,41.25,311.25,2,28.50,9.89
360,289,41.25,311.25,3,34.74,23.46
360,289,41.25,311.25,4,3.34,30.83
360,290,339.17,244.15,0,9.07,10.87
360,290,339.17,244.15,1,38.68,1.64
360,290,339.17,244.15,2,28.50,9.89
360,290,339.17,244.15,3,34.74,23.46
360,290,339.17,244.15,4,3.34,30.83
360,291,72.25,78.60,0,9.07,10.87
360,291,72.25,78.60,1,38.68,1.64
360,291,72.25,78.60,2,28.50,9.89
360,291,72.25,78.60,3,34.74,23.46
360,291,72.25,78.60,4,3.34,30.83
360,292,288.73,293.43,0,9.07,10.87
360,292,288.73,293.43,1,38.68,1.64
360,292,288.73,293.43,2,28.50,9.89
360,292,288.73,293.43,3,34.74,23.46
360,292,288.73,293.43,4,3.34,30.83
360,293,269.41,102.28,0,9.07,10.87
360,293,269.41,102.28,1,38.68,1.64
360,293,269.41,102.28,2,28.50,9.89
360,293,269.41,102.28,3,34.74,23.46
360,293,269.41,102.28,4,3.34,30.83
360,294,66.97,328.86,0,9.07,10.87
360,294,66.97,328.86,1,38.68,1.64
360,294,66.97,328.86,2,28.50,9.89
360,294,66.97,328.86,3,34.74,23.46
360,294,66.97,328.86,4,3.34,30.83
360,297,371.51,188.12,0,9.07,10.87
360,297,371.51,188.12,1,38.68,1.64
360,297,371.51,188.12,2,28.50,9.89
360,297,371.51,188.12,3,34.74,23.46
360,297,371.51,188.12,4,3.34,30.83
360,298,387.06,32.41,0,9.07,10.87
360,298,387.06,32.41,1,38.68,1.64
360,298,387.06,32.41,2,28.50,9.89
360,298,387.06,32.41,3,34.74,23.46
360,298,387.06,32.41,4,3.34,30.83
360,300,211.79,341.24,0,9.07,10.87
360,300,211.79,341.24,1,38.68,1.64
360,300,211.79,341.24,2,28.50,9.89
360,300,211.79,341.24,3,34.74,23.46
360,300,211.79,341.24,4,3.34,30.83
370,2,82.58,100.02,0,8.84,11.18
370,2,82.58,100.02,1,38.68,1.64
370,2,82.58,100.02,2,28.50,9.89
370,2,82.58,100.02,3,34.74,23.46
370,2,82.58,100.02,4,3.34,30.83
370,3,184.03,286.25,0,8.84,11.18
370,3,184.03,286.25,1,38.68,1.64
370,3,184.03,286.25,2,28.50,9.89
370,3,184.03,286.25,3,34.74,23.46
370,3,184.03,286.25,4,3.34,30.83
370,6,50.61,300.88,0,8.84,11.18
370,6,50.61,300.88,1,38.68,1.64
370,6,50.61,300.88,2,28.50,9.89
370,6,50.61,300.88,3,34.74,23.46
370,6,50.61,300.88,4,3.34,30.83
370,8,88.89,363.84,0,8.84,11.18
370,8,88.89,363.84,1,38.68,1.64
370,8,88.89,363.84,2,28.50,9.89
370,8,88.89,363.84,3,34.74,23.46
370,8,88.89,363.84,4,3.34,30.83
370,9,316.38,209.41,0,8.84,11.18
370,9,316.38,209.41,1,38.68,1.64
370,9,316.38,209.41,2,28.50,9.89
370,9,316.38,209.41,3,34.74,23.46
370,9,316.38,209.41,4,3.34,30.83
370,11,159.56,110.49,0,8.84,11.18
370,11,159.56,110.49,1,38.68,1.64
370,11,159.56,110.49,2,28.50,9.89
370,11,159.56,110.49,3,34.74,23.46
370,11,159.56,110.49,4,3.34,30.83
370,13,132.60,98.09,0,8.84,11.18
370,13,132.60,98.09,1,38.68,1.64
370,13,132.60,98.09,2,28.50,9.89
370,13,132.60,98.09,3,34.74,23.46
370,13,132.60,98.09,4,3.34,30.83
370,14,22.12,325.76,0,8.84,11.18
370,14,22.12,325.76,1,38.68,1.64
370,14,22.12,325.76,2,28.50,9.89
370,14,22.12,325.76,3,34.74,23.46
370,14,22.12,325.76,4,3.34,30.83
370,15,25.78,311.04,0,8.84,11.18
370,15,25.78,311.04,1,38.68,1.64
370,15,25.78,311.04,2,28.50,9.89
370,15,25.78,311.04,3,34.74,23.46
370,15,25.78,311.04,4,3.34,30.83
370,16,352.22,242.93,0,8.84,11.18
370,16,352.22,242.93,1,38.68,1.64
370,16,352.22,242.93,2,28.50,9.89
370,16,352.22,242.93,3,34.74,23.46
370,16,352.22,242.93,4,3.34,30.83
370,18,141.66,333.85,0,8.84,11.18
370,18,141.66,333.85,1,38.68,1.64
370,18,141.66,333.85,2,28.50,9.89
370,18,141.66,333.85,3,34.74,23.46
370,18,141.66,333.85,4,3.34,30.83
370,20,210.28,392.43,0,8.84,11.18
370,20,210.28,392.43,1,38.68,1.64
370,20,210.28,392.43,2,28.50,9.89
370,20,210.28,392.43,3,34.74,23.46
370,20,210.28,392.43,4,3.34,30.83
370,21,379.39,177.82,0,8.84,11.18
370,21,379.39,177.82,1,38.68,1.64
370,21,379.39,177.82,2,28.50,9.89
370,21,379.39,177.82,3,34.74,23.46
370,21,379.39,177.82,4,3.34,30.83
370,22,292.09,376.27,0,8.84,11.18
370,22,292.09,376.27,1,38.68,1.64
370,22,292.09,376.27,2,28.50,9.89
370,22,292.09,376.27,3,34.74,23.46
370,22,292.09,376.27,4,3.34,30.83
370,23,352.75,230.63,0,8.84,11.18
370,23,352.75,230.63,1,38.68,1.64
370,23,352.75,230.63,2,28.50,9.89
370,23,352.75,230.63,3,34.74,23.46
370,23,352.75,230.63,4,3.34,30.83
370,24,121.98,98.17,0,8.84,11.18
370,24,121.98,98.17,1,38.68,1.64
370,24,121.98,98.17,2,28.50,9.89
370,24,121.98,98.17,3,34.74,23.46
370,24,121.98,98.17,4,3.34,30.83
370,26,289.72,70.71,0,8.84,11.18
370,26,289.72,70.71,1,38.68,1.64
370,26,289.72,70.71,2,28.50,9.89
370,26,289.72,70.71,3,34.74,23.46
370,26,289.72,70.71,4,3.34,30.83
370,28,379.90,321.87,0,8.84,11.18
370,28,379.90,321.87,1,38.68,1.64
370,28,379.90,321.87,2,28.50,9.89
370,28,379.90,321.87,3,34.74,23.46
370,28,379.90,321.87,4,3.34,30.83
370,29,104.85,288.28,0,8.84,11.18
370,29,104.85,288.28,1,38.68,1.64
370,29,104.85,288.28,2,28.50,9.89
370,29,104.85,288.28,3,34.74,23.46
370,29,104.85,288.28,4,3.34,30.83
370,31,250.76,72.26,0,8.84,11.18
370,31,250.76,72.26,1,38.68,1.64
370,31,250.76,72.26,2,28.50,9.89
370,31,250.76,72.26,3,34.74,23.46
370,31,250.76,72.26,4,3.34,30.83
370,34,251.40,104.75,0,8.84,11.18
370,34,251.40,104.75,1,38.68,1.64
370,34,251.40,104.75,2,28.50,9.89
370,34,251.40,104.75,3,34.74,23.46
370,34,251.40,104.75,4,3.34,30.83
370,35,350.46,223.59,0,8.84,11.18
370,35,350.46,223.59,1,38.68,1.64
370,35,350.46,223.59,2,28.50,9.89
370,35,350.46,223.59,3,34.74,23.46
370,35,350.46,223.59,4,3.34,30.83
370,36,46.06,316.27,0,8.84,11.18
370,36,46.06,316.27,1,38.68,1.64
370,36,46.06,316.27,2,28.50,9.89
370,36,46.06,316.27,3,34.74,23.46
370,36,46.06,316.27,4,3.34,30.83
370,37,348.18,237.35,0,8.84,11.18
370,37,348.18,237.35,1,38.68,1.64
370,37,348.18,237.35,2,28.50,9.89
370,37,348.18,237.35,3,34.74,23.46
370,37,348.18,237.35,4,3.34,30.83
370,38,94.51,251.54,0,8.84,11.18
370,38,94.51,251.54,1,38.68,1.64
370,38,94.51,251.54,2,28.50,9.89
370,38,94.51,251.54,3,34.74,23.46
370,38,94.51,251.54,4,3.34,30.83
370,39,93.89,157.42,0,8.84,11.18
370,39,93.89,157.42,1,38.68,1.64
370,39,93.89,157.42,2,28.50,9.89
370,39,93.89,157.42,3,34.74,23.46
370,39,93.89,157.42,4,3.34,30.83
370,40,291.36,100.43,0,8.84,11.18
370,40,291.36,100.43,1,38.68,1.64
370,40,291.36,100.43,2,28.50,9.89
370,40,291.36,100.43,3,34.74,23.46
370,40,291.36,100.43,4,3.34,30.83
370,41,282.16,283.89,0,8.84,11.18
370,41,282.16,283.89,1,38.68,1.64
370,41,282.16,283.89,2,28.50,9.89
370,41,282.16,283.89,3,34.74,23.46
370,41,282.16,283.89,4,3.34,30.83
370,42,364.11,224.50,0,8.84,11.18
370,42,364.11,224.50,1,38.68,1.64
370,42,364.11,224.50,2,28.50,9.89
370,42,364.11,224.50,3,34.74,23.46
370,42,364.11,224.50,4,3.34,30.83
370,49,257.67,106.43,0,8.84,11.18
370,49,257.67,106.43,1,38.68,1.64
370,49,257.67,106.43,2,28.50,9.89
370,49,257.67,106.43,3,34.74,23.46
370,49,257.67,106.43,4,3.34,30.83
370,50,335.52,276.94,0,8.84,11.18
370,50,335.52,276.94,1,38.68,1.64
370,50,335.52,276.94,2,28.50,9.89
370,50,335.52,276.94,3,34.74,23.46
370,50,335.52,276.94,4,3.34,30.83
370,53,323.09,223.80,0,8.84,11.18
370,53,323.09,223.80,1,38.68,1.64
370,53,323.09,223.80,2,28.50,9.89
370,53,323.09,223.80,3,34.74,23.46
370,53,323.09,223.80,4,3.34,30.83
370,54,375.80,25.84,0,8.84,11.18
370,54,375.80,25.84,1,38.68,1.64
370,54,375.80,25.84,2,28.50,9.89
370,54,375.80,25.84,3,34.74,23.46
370,54,375.80,25.84,4,3.34,30.83
370,55,328.13,232.15,0,8.84,11.18
370,55,328.13,232.15,1,38.68,1.64
370,55,328.13,232.15,2,28.50,9.89
370,55,328.13,232.15,3,34.74,23.46
370,55,328.13,232.15,4,3.34,30.83
370,56,353.43,196.19,0,8.84,11.18
370,56,353.43,196.19,1,38.68,1.64
370,56,353.43,196.19,2,28.50,9.89
370,56,353.43,196.19,3,34.74,23.46
370,56,353.43,196.19,4,3.34,30.83
370,57,83.50,135.79,0,8.84,11.18
370,57,83.50,135.79,1,38.68,1.64
370,57,83.50,135.79,2,28.50,9.89
370,57,83.50,135.79,3,34.74,23.46
370,57,83.50,135.79,4,3.34,30.83
370,60,143.13,294.44,0,8.84,11.18
370,60,143.13,294.44,1,38.68,1.64
370,60,143.13,294.44,2,28.50,9.89
370,60,143.13,294.44,3,34.74,23.46
370,60,143.13,294.44,4,3.34,30.83
370,61,81.36,119.32,0,8.84,11.18
370,61,81.36,119.32,1,38.68,1.64
370,61,81.36,119.32,2,28.50,9.89
370,61,81.36,119.32,3,34.74,23.46
370,61,81.36,119.32,4,3.34,30.83
370,62,32.77,329.27,0,8.84,11.18
370,62,32.77,329.27,1,38.68,1.64
370,62,32.77,329.27,2,28.50,9.89
370,62,32.77,329.27,3,34.74,23.46
370,62,32.77,329.27,4,3.34,30.83
370,63,93.23,125.86,0,8.84,11.18
370,63,93.23,125.86,1,38.68,1.64
370,63,93.23,125.86,2,28.50,9.89
370,63,93.23,125.86,3,34.74,23.46
370,63,93.23,125.86,4,3.34,30.83
370,66,57.65,337.80,0,8.84,11.18
370,66,57.65,337.80,1,38.68,1.64
370,66,57.65,337.80,2,28.50,9.89
370,66,57.65,337.80,3,34.74,23.46
370,66,57.65,337.80,4,3.34,30.83
370,67,64.45,178.70,0,8.84,11.18
370,67,64.45,178.70,1,38.68,1.64
370,67,64.45,178.70,2,28.50,9.89
370,67,64.45,178.70,3,34.74,23.46
370,67,64.45,178.70,4,3.34,30.83
370,68,209.91,338.71,0,8.84,11.18
370,68,209.91,338.71,1,38.68,1.64
370,68,209.91,338.71,2,28.50,9.89
370,68,209.91,338.71,3,34.74,23.46
370,68,209.91,338.71,4,3.34,30.83
370,69,384.64,313.39,0,8.84,11.18
370,69,384.64,313.39,1,38.68,1.64
370,69,384.64,313.39,2,28.50,9.89
370,69,384.64,313.39,3,34.74,23.46
370,69,384.64,313.39,4,3.34,30.83
370,71,34.03,322.14,0,8.84,11.18
370,71,34.03,322.14,1,38.68,1.64
370,71,34.03,322.14,2,28.50,9.89
370,71,34.03,322.14,3,34.74,23.46
370,71,34.03,322.14,4,3.34,30.83
370,72,26.24,331.86,0,8.84,11.18
370,72,26.24,331.86,1,38.68,1.64
370,72,26.24,331.86,2,28.50,9.89
370,72,26.24,331.86,3,34.74,23.46
370,72,26.24,331.86,4,3.34,30.83
370,73,381.04,204.34,0,8.84,11.18
370,73,381.04,204.34,1,38.68,1.64
370,73,381.04,204.34,2,28.50,9.89
370,73,381.04,204.34,3,34.74,23.46
370,73,381.04,204.34,4,3.34,30.83
370,74,274.43,94.91,0,8.84,11.18
370,74,274.43,94.91,1,38.68,1.64
370,74,274.43,94.91,2,28.50,9.89
370,74,274.43,94.91,3,34.74,23.46
370,74,274.43,94.91,4,3.34,30.83
370,75,245.42,96.91,0,8.84,11.18
370,75,245.42,96.91,1,38.68,1.64
370,75,245.42,96.91,2,28.50,9.89
370,75,245.42,96.91,3,34.74,23.46
370,75,245.42,96.91,4,3.34,30.83
370,76,367.87,188.82,0,8.84,11.18
370,76,367.87,188.82,1,38.68,1.64
370,76,367.87,188.82,2,28.50,9.89
370,76,367.87,188.82,3,34.74,23.46
370,76,367.87,188.82,4,3.34,30.83
370,77,87.93,121.58,0,8.84,11.18
370,77,87.93,121.58,1,38.68,1.64
370,77,87.93,121.58,2,28.50,9.89
370,77,87.93,121.58,3,34.74,23.46
370,77,87.93,121.58,4,3.34,30.83
370,78,195.69,377.79,0,8.84,11.18
370,78,195.69,377.79,1,38.68,1.64
370,78,195.69,377.79,2,28.50,9.89
370,78,195.69,377.79,3,34.74,23.46
370,78,195.69,377.79,4,3.34,30.83
370,81,266.45,356.38,0,8.84,11.18
370,81,266.45,356.38,1,38.68,1.64
370,81,266.45,356.38,2,28.50,9.89
370,81,266.45,356.38,3,34.74,23.46
370,81,266.45,356.38,4,3.34,30.83
370,82,341.05,153.74,0,8.84,11.18
370,82,341.05,153.74,1,38.68,1.64
370,82,341.05,153.74,2,28.50,9.89
370,82,341.05,153.74,3,34.74,23.46
370,82,341.05,153.74,4,3.34,30.83
370,83,221.19,63.10,0,8.84,11.18
370,83,221.19,63.10,1,38.68,1.64
370,83,221.19,63.10,2,28.50,9.89
370,83,221.19,63.10,3,34.74,23.46
370,83,221.19,63.10,4,3.34,30.83
370,84,230.34,285.01,0,8.84,11.18
370,84,230.34,285.01,1,38.68,1.64
370,84,230.34,285.01,2,28.50,9.89
370,84,230.34,285.01,3,34.74,23.46
370,84,230.34,285.01,4,3.34,30.83
370,85,359.82,197.18,0,8.84,11.18
370,85,359.82,197.18,1,38.68,1.64
370,85,359.82,197.18,2,28.50,9.89
370,85,359.82,197.18,3,34.74,23.46
370,85,359.82,197.18,4,3.34,30.83
370,86,74.51,113.90,0,8.84,11.18
370,86,74.51,113.90,1,38.68,1.64
370,86,74.51,113.90,2,28.50,9.89
370,86,74.51,113.90,3,34.74,23.46
370,86,74.51,113.90,4,3.34,30.83
370,87,391.27,24.48,0,8.84,11.18
370,87,391.27,24.48,1,38.68,1.64
370,87,391.27,24.48,2,28.50,9.89
370,87,391.27,24.48,3,34.74,23.46
370,87,391.27,24.48,4,3.34,30.83
370,88,142.42,303.96,0,8.84,11.18
370,88,142.42,303.96,1,38.68,1.64
370,88,142.42,303.96,2,28.50,9.89
370,88,142.42,303.96,3,34.74,23.46
370,88,142.42,303.96,4,3.34,30.83
370,89,293.89,91.21,0,8.84,11.18
370,89,293.89,91.21,1,38.68,1.64
370,89,293.89,91.21,2,28.50,9.89
370,89,293.89,91.21,3,34.74,23.46
370,89,293.89,91.21,4,3.34,30.83
370,90,239.07,74.15,0,8.84,11.18
370,90,239.07,74.15,1,38.68,1.64
370,90,239.07,74.15,2,28.50,9.89
370,90,239.07,74.15,3,34.74,23.46
370,90,239.07,74.15,4,3.34,30.83
370,93,284.80,92.02,0,8.84,11.18
370,93,284.80,92.02,1,38.68,1.64
370,93,284.80,92.02,2,28.50,9.89
370,93,284.80,92.02,3,34.74,23.46
370,93,284.80,92.02,4,3.34,30.83
370,94,21.33,317.47,0,8.84,11.18
370,94,21.33,317.47,1,38.68,1.64
370,94,21.33,317.47,2,28.50,9.89
370,94,21.33,317.47,3,34.74,23.46
370,94,21.33,317.47,4,3.34,30.83
370,95,353.80,206.64,0,8.84,11.18
370,95,353.80,206.64,1,38.68,1.64
370,95,353.80,206.64,2,28.50,9.89
370,95,353.80,206.64,3,34.74,23.46
370,95,353.80,206.64,4,3.34,30.83
370,96,81.74,124.49,0,8.84,11.18
370,96,81.74,124.49,1,38.68,1.64
370,96,81.74,124.49,2,28.50,9.89
370,96,81.74,124.49,3,34.74,23.46
370,96,81.74,124.49,4,3.34,30.83
370,97,273.26,116.08,0,8.84,11.18
370,97,273.26,116.08,1,38.68,1.64
370,97,273.26,116.08,2,28.50,9.89
370,97,273.26,116.08,3,34.74,23.46
370,97,273.26,116.08,4,3.34,30.83
370,98,374.61,21.80,0,8.84,11.18
370,98,374.61,21.80,1,38.68,1.64
370,98,374.61,21.80,2,28.50,9.89
370,98,374.61,21.80,3,34.74,23.46
370,98,374.61,21.80,4,3.34,30.83
370,102,73.77,134.29,0,8.84,11.18
370,102,73.77,134.29,1,38.68,1.64
370,102,73.77,134.29,2,28.50,9.89
370,102,73.77,134.29,3,34.74,23.46
370,102,73.77,134.29,4,3.34,30.83
370,103,75.35,352.19,0,8.84,11.18
370,103,75.35,352.19,1,38.68,1.64
370,103,75.35,352.19,2,28.50,9.89
370,103,75.35,352.19,3,34.74,23.46
370,103,75.35,352.19,4,3.34,30.83
370,104,380.54,16.20,0,8.84,11.18
370,104,380.54,16.20,1,38.68,1.64
370,104,380.54,16.20,2,28.50,9.89
370,104,380.54,16.20,3,34.74,23.46
370,104,380.54,16.20,4,3.34,30.83
370,106,38.29,299.31,0,8.84,11.18
370,106,38.29,299.31,1,38.68,1.64
370,106,38.29,299.31,2,28.50,9.89
370,106,38.29,299.31,3,34.74,23.46
370,106,38.29,299.31,4,3.34,30.83
370,107,284.53,106.21,0,8.84,11.18
370,107,284.53,106.21,1,38.68,1.64
370,107,284.53,106.21,2,28.50,9.89
370,107,284.53,106.21,3,34.74,23.46
370,107,284.53,106.21,4,3.34,30.83
370,108,42.83,82.92,0,8.84,11.18
370,108,42.83,82.92,1,38.68,1.64
370,108,42.83,82.92,2,28.50,9.89
370,108,42.83,82.92,3,34.74,23.46
370,108,42.83,82.92,4,3.34,30.83
370,110,74.16,317.10,0,8.84,11.18
370,110,74.16,317.10,1,38.68,1.64
370,110,74.16,317.10,2,28.50,9.89
370,110,74.16,317.10,3,34.74,23.46
370,110,74.16,317.10,4,3.34,30.83
370,111,388.20,40.97,0,8.84,11.18
370,111,388.20,40.97,1,38.68,1.64
370,111,388.20,40.97,2,28.50,9.89
370,111,388.20,40.97,3,34.74,23.46
370,111,388.20,40.97,4,3.34,30.83
370,112,243.84,103.75,0,8.84,11.18
370,112,243.84,103.75,1,38.68,1.64
370,112,243.84,103.75,2,28.50,9.89
370,112,243.84,103.75,3,34.74,23.46
370,112,243.84,103.75,4,3.34,30.83
370,113,96.04,113.32,0,8.84,11.18
370,113,96.04,113.32,1,38.68,1.64
370,113,96.04,113.32,2,28.50,9.89
370,113,96.04,113.32,3,34.74,23.46
370,113,96.04,113.32,4,3.34,30.83
370,114,158.71,57.25,0,8.84,11.18
370,114,158.71,57.25,1,38.68,1.64
370,114,158.71,57.25,2,28.50,9.89
370,114,158.71,57.25,3,34.74,23.46
370,114,158.71,57.25,4,3.34,30.83
370,115,364.27,223.10,0,8.84,11.18
370,115,364.27,223.10,1,38.68,1.64
370,115,364.27,223.10,2,28.50,9.89
370,115,364.27,223.10,3,34.74,23.46
370,115,364.27,223.10,4,3.34,30.83
370,116,263.17,113.54,0,8.84,11.18
370,116,263.17,113.54,1,38.68,1.64
370,116,263.17,113.54,2,28.50,9.89
370,116,263.17,113.54,3,34.74,23.46
370,116,263.17,113.54,4,3.34,30.83
370,117,358.45,162.39,0,8.84,11.18
370,117,358.45,162.39,1,38.68,1.64
370,117,358.45,162.39,2,28.50,9.89
370,117,358.45,162.39,3,34.74,23.46
370,117,358.45,162.39,4,3.34,30.83
370,118,86.65,157.66,0,8.84,11.18
370,118,86.65,157.66,1,38.68,1.64
370,118,86.65,157.66,2,28.50,9.89
370,118,86.65,157.66,3,34.74,23.46
370,118,86.65,157.66,4,3.34,30.83
370,119,303.70,115.86,0,8.84,11.18
370,119,303.70,115.86,1,38.68,1.64
370,119,303.70,115.86,2,28.50,9.89
370,119,303.70,115.86,3,34.74,23.46
370,119,303.70,115.86,4,3.34,30.83
370,120,174.41,215.55,0,8.84,11.18
370,120,174.41,215.55,1,38.68,1.64
370,120,174.41,215.55,2,28.50,9.89
370,120,174.41,215.55,3,34.74,23.46
370,120,174.41,215.55,4,3.34,30.83
370,122,105.98,258.38,0,8.84,11.18
370,122,105.98,258.38,1,38.68,1.64
370,122,105.98,258.38,2,28.50,9.89
370,122,105.98,258.38,3,34.74,23.46
370,122,105.98,258.38,4,3.34,30.83
370,123,120.76,318.58,0,8.84,11.18
370,123,120.76,318.58,1,38.68,1.64
370,123,120.76,318.58,2,28.50,9.89
370,123,120.76,318.58,3,34.74,23.46
370,123,120.76,318.58,4,3.34,30.83
370,124,103.62,77.39,0,8.84,11.18
370,124,103.62,77.39,1,38.68,1.64
370,124,103.62,77.39,2,28.50,9.89
370,124,103.62,77.39,3,34.74,23.46
370,124,103.62,77.39,4,3.34,30.83
370,125,363.52,147.15,0,8.84,11.18
370,125,363.52,147.15,1,38.68,1.64
370,125,363.52,147.15,2,28.50,9.89
370,125,363.52,147.15,3,34.74,23.46
370,125,363.52,147.15,4,3.34,30.83
370,126,73.11,105.12,0,8.84,11.18
370,126,73.11,105.12,1,38.68,1.64
370,126,73.11,105.12,2,28.50,9.89
370,126,73.11,105.12,3,34.74,23.46
370,126,73.11,105.12,4,3.34,30.83
370,127,24.37,318.81,0,8.84,11.18
370,127,24.37,318.81,1,38.68,1.64
370,127,24.37,318.81,2,28.50,9.89
370,127,24.37,318.81,3,34.74,23.46
370,127,24.37,318.81,4,3.34,30.83
370,128,233.76,352.95,0,8.84,11.18
370,128,233.76,352.95,1,38.68,1.64
370,128,233.76,352.95,2,28.50,9.89
370,128,233.76,352.95,3,34.74,23.46
370,128,233.76,352.95,4,3.34,30.83
370,129,322.41,181.92,0,8.84,11.18
370,129,322.41,181.92,1,38.68,1.64
370,129,322.41,181.92,2,28.50,9.89
370,129,322.41,181.92,3,34.74,23.46
370,129,322.41,181.92,4,3.34,30.83
370,132,364.77,245.62,0,8.84,11.18
370,132,364.77,245.62,1,38.68,1.64
370,132,364.77,245.62,2,28.50,9.89
370,132,364.77,245.62,3,34.74,23.46
370,132,364.77,245.62,4,3.34,30.83
370,133,65.07,112.22,0,8.84,11.18
370,133,65.07,112.22,1,38.68,1.64
370,133,65.07,112.22,2,28.50,9.89
370,133,65.07,112.22,3,34.74,23.46
370,133,65.07,112.22,4,3.34,30.83
370,135,48.32,297.92,0,8.84,11.18
370,135,48.32,297.92,1,38.68,1.64
370,135,48.32,297.92,2,28.50,9.89
370,135,48.32,297.92,3,34.74,23.46
370,135,48.32,297.92,4,3.34,30.83
370,137,286.20,98.80,0,8.84,11.18
370,137,286.20,98.80,1,38.68,1.64
370,137,286.20,98.80,2,28.50,9.89
370,137,286.20,98.80,3,34.74,23.46
370,137,286.20,98.80,4,3.34,30.83
370,139,357.60,172.18,0,8.84,11.18
370,139,357.60,172.18,1,38.68,1.64
370,139,357.60,172.18,2,28.50,9.89
370,139,357.60,172.18,3,34.74,23.46
370,139,357.60,172.18,4,3.34,30.83
370,141,346.06,388.47,0,8.84,11.18
370,141,346.06,388.47,1,38.68,1.64
370,141,346.06,388.47,2,28.50,9.89
370,141,346.06,388.47,3,34.74,23.46
370,141,346.06,388.47,4,3.34,30.83
370,142,274.67,106.12,0,8.84,11.18
370,142,274.67,106.12,1,38.68,1.64
370,142,274.67,106.12,2,28.50,9.89
370,142,274.67,106.12,3,34.74,23.46
370,142,274.67,106.12,4,3.34,30.83
370,143,339.78,311.55,0,8.84,11.18
370,143,339.78,311.55,1,38.68,1.64
370,143,339.78,311.55,2,28.50,9.89
370,143,339.78,311.55,3,34.74,23.46
370,143,339.78,311.55,4,3.34,30.83
370,145,225.87,326.32,0,8.84,11.18
370,145,225.87,326.32,1,38.68,1.64
370,145,225.87,326.32,2,28.50,9.89
370,145,225.87,326.32,3,34.74,23.46
370,145,225.87,326.32,4,3.34,30.83
370,146,101.40,153.80,0,8.84,11.18
370,146,101.40,153.80,1,38.68,1.64
370,146,101.40,153.80,2,28.50,9.89
370,146,101.40,153.80,3,34.74,23.46
370,146,101.40,153.80,4,3.34,30.83
370,148,337.66,220.14,0,8.84,11.18
370,148,337.66,220.14,1,38.68,1.64
370,148,337.66,220.14,2,28.50,9.89
370,148,337.66,220.14,3,34.74,23.46
370,148,337.66,220.14,4,3.34,30.83
370,149,354.12,234.04,0,8.84,11.18
370,149,354.12,234.04,1,38.68,1.64
370,149,354.12,234.04,2,28.50,9.89
370,149,354.12,234.04,3,34.74,23.46
370,149,354.12,234.04,4,3.34,30.83
370,150,290.00,112.51,0,8.84,11.18
370,150,290.00,112.51,1,38.68,1.64
370,150,290.00,112.51,2,28.50,9.89
370,150,290.00,112.51,3,34.74,23.46
370,150,290.00,112.51,4,3.34,30.83
370,151,253.11,93.60,0,8.84,11.18
370,151,253.11,93.60,1,38.68,1.64
370,151,253.11,93.60,2,28.50,9.89
370,151,253.11,93.60,3,34.74,23.46
370,151,253.11,93.60,4,3.34,30.83
370,152,79.86,103.14,0,8.84,11.18
370,152,79.86,103.14,1,38.68,1.64
370,152,79.86,103.14,2,28.50,9.89
370,152,79.86,103.14,3,34.74,23.46
370,152,79.86,103.14,4,3.34,30.83
370,155,256.20,118.03,0,8.84,11.18
370,155,256.20,118.03,1,38.68,1.64
370,155,256.20,118.03,2,28.50,9.89
370,155,256.20,118.03,3,34.74,23.46
370,155,256.20,118.03,4,3.34,30.83
370,156,358.17,276.42,0,8.84,11.18
370,156,358.17,276.42,1,38.68,1.64
370,156,358.17,276.42,2,28.50,9.89
370,156,358.17,276.42,3,34.74,23.46
370,156,358.17,276.42,4,3.34,30.83
370,157,262.11,100.33,0,8.84,11.18
370,157,262.11,100.33,1,38.68,1.64
370,157,262.11,100.33,2,28.50,9.89
370,157,262.11,100.33,3,34.74,23.46
370,157,262.11,100.33,4,3.34,30.83
370,159,363.39,259.37,0,8.84,11.18
370,159,363.39,259.37,1,38.68,1.64
370,159,363.39,259.37,2,28.50,9.89
370,159,363.39,259.37,3,34.74,23.46
370,159,363.39,259.37,4,3.34,30.83
370,160,318.06,392.68,0,8.84,11.18
370,160,318.06,392.68,1,38.68,1.64
370,160,318.06,392.68,2,28.50,9.89
370,160,318.06,392.68,3,34.74,23.46
370,160,318.06,392.68,4,3.34,30.83
370,161,170.93,133.96,0,8.84,11.18
370,161,170.93,133.96,1,38.68,1.64
370,161,170.93,133.96,2,28.50,9.89
370,161,170.93,133.96,3,34.74,23.46
370,161,170.93,133.96,4,3.34,30.83
370,162,292.35,339.75,0,8.84,11.18
370,162,292.35,339.75,1,38.68,1.64
370,162,292.35,339.75,2,28.50,9.89
370,162,292.35,339.75,3,34.74,23.46
370,162,292.35,339.75,4,3.34,30.83
370,163,191.36,127.03,0,8.84,11.18
370,163,191.36,127.03,1,38.68,1.64
370,163,191.36,127.03,2,28.50,9.89
370,163,191.36,127.03,3,34.74,23.46
370,163,191.36,127.03,4,3.34,30.83
370,164,54.77,64.98,0,8.84,11.18
370,164,54.77,64.98,1,38.68,1.64
370,164,54.77,64.98,2,28.50,9.89
370,164,54.77,64.98,3,34.74,23.46
370,164,54.77,64.98,4,3.34,30.83
370,165,95.35,100.18,0,8.84,11.18
370,165,95.35,100.18,1,38.68,1.64
370,165,95.35,100.18,2,28.50,9.89
370,165,95.35,100.18,3,34.74,23.46
370,165,95.35,100.18,4,3.34,30.83
370,166,293.34,364.76,0,8.84,11.18
370,166,293.34,364.76,1,38.68,1.64
370,166,293.34,364.76,2,28.50,9.89
370,166,293.34,364.76,3,34.74,23.46
370,166,293.34,364.76,4,3.34,30.83
370,167,377.03,287.11,0,8.84,11.18
370,167,377.03,287.11,1,38.68,1.64
370,167,377.03,287.11,2,28.50,9.89
370,167,377.03,287.11,3,34.74,23.46
370,167,377.03,287.11,4,3.34,30.83
370,168,194.30,279.75,0,8.84,11.18
370,168,194.30,279.75,1,38.68,1.64
370,168,194.30,279.75,2,28.50,9.89
370,168,194.30,279.75,3,34.74,23.46
370,168,194.30,279.75,4,3.34,30.83
370,169,253.49,90.52,0,8.84,11.18
370,169,253.49,90.52,1,38.68,1.64
370,169,253.49,90.52,2,28.50,9.89
370,169,253.49,90.52,3,34.74,23.46
370,169,253.49,90.52,4,3.34,30.83
370,170,339.18,238.96,0,8.84,11.18
370,170,339.18,238.96,1,38.68,1.64
370,170,339.18,238.96,2,28.50,9.89
370,170,339.18,238.96,3,34.74,23.46
370,170,339.18,238.96,4,3.34,30.83
370,172,368.11,213.89,0,8.84,11.18
370,172,368.11,213.89,1,38.68,1.64
370,172,368.11,213.89,2,28.50,9.89
370,172,368.11,213.89,3,34.74,23.46
370,172,368.11,213.89,4,3.34,30.83
370,173,378.69,196.32,0,8.84,11.18
370,173,378.69,196.32,1,38.68,1.64
370,173,378.69,196.32,2,28.50,9.89
370,173,378.69,196.32,3,34.74,23.46
370,173,378.69,196.32,4,3.34,30.83
370,174,157.67,215.86,0,8.84,11.18
370,174,157.67,215.86,1,38.68,1.64
370,174,157.67,215.86,2,28.50,9.89
370,174,157.67,215.86,3,34.74,23.46
370,174,157.67,215.86,4,3.34,30.83
370,176,66.68,161.75,0,8.84,11.18
370,176,66.68,161.75,1,38.68,1.64
370,176,66.68,161.75,2,28.50,9.89
370,176,66.68,161.75,3,34.74,23.46
370,176,66.68,161.75,4,3.34,30.83
370,177,204.92,276.70,0,8.84,11.18
370,177,204.92,276.70,1,38.68,1.64
370,177,204.92,276.70,2,28.50,9.89
370,177,204.92,276.70,3,34.74,23.46
370,177,204.92,276.70,4,3.34,30.83
370,178,263.22,94.53,0,8.84,11.18
370,178,263.22,94.53,1,38.68,1.64
370,178,263.22,94.53,2,28.50,9.89
370,178,263.22,94.53,3,34.74,23.46
370,178,263.22,94.53,4,3.34,30.83
370,180,238.57,134.80,0,8.84,11.18
370,180,238.57,134.80,1,38.68,1.64
370,180,238.57,134.80,2,28.50,9.89
370,180,238.57,134.80,3,34.74,23.46
370,180,238.57,134.80,4,3.34,30.83
370,181,46.88,125.23,0,8.84,11.18
370,181,46.88,125.23,1,38.68,1.64
370,181,46.88,125.23,2,28.50,9.89
370,181,46.88,125.23,3,34.74,23.46
370,181,46.88,125.23,4,3.34,30.83
370,183,91.57,114.14,0,8.84,11.18
370,183,91.57,114.14,1,38.68,1.64
370,183,91.57,114.14,2,28.50,9.89
370,183,91.57,114.14,3,34.74,23.46
370,183,91.57,114.14,4,3.34,30.83
370,184,86.35,97.00,0,8.84,11.18
370,184,86.35,97.00,1,38.68,1.64
370,184,86.35,97.00,2,28.50,9.89
370,184,86.35,97.00,3,34.74,23.46
370,184,86.35,97.00,4,3.34,30.83
370,185,50.53,305.80,0,8.84,11.18
370,185,50.53,305.80,1,38.68,1.64
370,185,50.53,305.80,2,28.50,9.89
370,185,50.53,305.80,3,34.74,23.46
370,185,50.53,305.80,4,3.34,30.83
370,186,270.71,106.63,0,8.84,11.18
370,186,270.71,106.63,1,38.68,1.64
370,186,270.71,106.63,2,28.50,9.89
370,186,270.71,106.63,3,34.74,23.46
370,186,270.71,106.63,4,3.34,30.83
370,187,94.33,313.58,0,8.84,11.18
370,187,94.33,313.58,1,38.68,1.64
370,187,94.33,313.58,2,28.50,9.89
370,187,94.33,313.58,3,34.74,23.46
370,187,94.33,313.58,4,3.34,30.83
370,188,278.35,107.35,0,8.84,11.18
370,188,278.35,107.35,1,38.68,1.64
370,188,278.35,107.35,2,28.50,9.89
370,188,278.35,107.35,3,34.74,23.46
370,188,278.35,107.35,4,3.34,30.83
370,190,69.26,88.28,0,8.84,11.18
370,190,69.26,88.28,1,38.68,1.64
370,190,69.26,88.28,2,28.50,9.89
370,190,69.26,88.28,3,34.74,23.46
370,190,69.26,88.28,4,3.34,30.83
370,192,286.00,98.60,0,8.84,11.18
370,192,286.00,98.60,1,38.68,1.64
370,192,286.00,98.60,2,28.50,9.89
370,192,286.00,98.60,3,34.74,23.46
370,192,286.00,98.60,4,3.34,30.83
370,193,306.42,106.46,0,8.84,11.18
370,193,306.42,106.46,1,38.68,1.64
370,193,306.42,106.46,2,28.50,9.89
370,193,306.42,106.46,3,34.74,23.46
370,193,306.42,106.46,4,3.34,30.83
370,194,80.06,115.04,0,8.84,11.18
370,194,80.06,115.04,1,38.68,1.64
370,194,80.06,115.04,2,28.50,9.89
370,194,80.06,115.04,3,34.74,23.46
370,194,80.06,115.04,4,3.34,30.83
370,195,66.29,336.35,0,8.84,11.18
370,195,66.29,336.35,1,38.68,1.64
370,195,66.29,336.35,2,28.50,9.89
370,195,66.29,336.35,3,34.74,23.46
370,195,66.29,336.35,4,3.34,30.83
370,198,360.71,213.29,0,8.84,11.18
370,198,360.71,213.29,1,38.68,1.64
370,198,360.71,213.29,2,28.50,9.89
370,198,360.71,213.29,3,34.74,23.46
370,198,360.71,213.29,4,3.34,30.83
370,199,63.25,135.54,0,8.84,11.18
370,199,63.25,135.54,1,38.68,1.64
370,199,63.25,135.54,2,28.50,9.89
370,199,63.25,135.54,3,34.74,23.46
370,199,63.25,135.54,4,3.34,30.83
370,200,59.39,97.32,0,8.84,11.18
370,200,59.39,97.32,1,38.68,1.64
370,200,59.39,97.32,2,28.50,9.89
370,200,59.39,97.32,3,34.74,23.46
370,200,59.39,97.32,4,3.34,30.83
370,201,369.67,207.50,0,8.84,11.18
370,201,369.67,207.50,1,38.68,1.64
370,201,369.67,207.50,2,28.50,9.89
370,201,369.67,207.50,3,34.74,23.46
370,201,369.67,207.50,4,3.34,30.83
370,203,358.88,218.44,0,8.84,11.18
370,203,358.88,218.44,1,38.68,1.64
370,203,358.88,218.44,2,28.50,9.89
370,203,358.88,218.44,3,34.74,23.46
370,203,358.88,218.44,4,3.34,30.83
370,206,277.93,102.86,0,8.84,11.18
370,206,277.93,102.86,1,38.68,1.64
370,206,277.93,102.86,2,28.50,9.89
370,206,277.93,102.86,3,34.74,23.46
370,206,277.93,102.86,4,3.34,30.83
370,207,24.26,303.43,0,8.84,11.18
370,207,24.26,303.43,1,38.68,1.64
370,207,24.26,303.43,2,28.50,9.89
370,207,24.26,303.43,3,34.74,23.46
370,207,24.26,303.43,4,3.34,30.83
370,208,34.42,315.51,0,8.84,11.18
370,208,34.42,315.51,1,38.68,1.64
370,208,34.42,315.51,2,28.50,9.89
370,208,34.42,315.51,3,34.74,23.46
370,208,34.42,315.51,4,3.34,30.83
370,211,91.89,358.85,0,8.84,11.18
370,211,91.89,358.85,1,38.68,1.64
370,211,91.89,358.85,2,28.50,9.89
370,211,91.89,358.85,3,34.74,23.46
370,211,91.89,358.85,4,3.34,30.83
370,212,368.66,244.63,0,8.84,11.18
370,212,368.66,244.63,1,38.68,1.64
370,212,368.66,244.63,2,28.50,9.89
370,212,368.66,244.63,3,34.74,23.46
370,212,368.66,244.63,4,3.34,30.83
370,213,364.86,234.62,0,8.84,11.18
370,213,364.86,234.62,1,38.68,1.64
370,213,364.86,234.62,2,28.50,9.89
370,213,364.86,234.62,3,34.74,23.46
370,213,364.86,234.62,4,3.34,30.83
370,214,271.46,87.35,0,8.84,11.18
370,214,271.46,87.35,1,38.68,1.64
370,214,271.46,87.35,2,28.50,9.89
370,214,271.46,87.35,3,34.74,23.46
370,214,271.46,87.35,4,3.34,30.83
370,215,247.55,392.98,0,8.84,11.18
370,215,247.55,392.98,1,38.68,1.64
370,215,247.55,392.98,2,28.50,9.89
370,215,247.55,392.98,3,34.74,23.46
370,215,247.55,392.98,4,3.34,30.83
370,216,244.49,393.19,0,8.84,11.18
370,216,244.49,393.19,1,38.68,1.64
370,216,244.49,393.19,2,28.50,9.89
370,216,244.49,393.19,3,34.74,23.46
370,216,244.49,393.19,4,3.34,30.83
370,217,386.83,13.92,0,8.84,11.18
370,217,386.83,13.92,1,38.68,1.64
370,217,386.83,13.92,2,28.50,9.89
370,217,386.83,13.92,3,34.74,23.46
370,217,386.83,13.92,4,3.34,30.83
370,218,275.65,386.58,0,8.84,11.18
370,218,275.65,386.58,1,38.68,1.64
370,218,275.65,386.58,2,28.50,9.89
370,218,275.65,386.58,3,34.74,23.46
370,218,275.65,386.58,4,3.34,30.83
370,219,60.72,106.34,0,8.84,11.18
370,219,60.72,106.34,1,38.68,1.64
370,219,60.72,106.34,2,28.50,9.89
370,219,60.72,106.34,3,34.74,23.46
370,219,60.72,106.34,4,3.34,30.83
370,221,346.06,233.61,0,8.84,11.18
370,221,346.06,233.61,1,38.68,1.64
370,221,346.06,233.61,2,28.50,9.89
370,221,346.06,233.61,3,34.74,23.46
370,221,346.06,233.61,4,3.34,30.83
370,223,354.99,217.31,0,8.84,11.18
370,223,354.99,217.31,1,38.68,1.64
370,223,354.99,217.31,2,28.50,9.89
370,223,354.99,217.31,3,34.74,23.46
370,223,354.99,217.31,4,3.34,30.83
370,226,297.21,140.36,0,8.84,11.18
370,226,297.21,140.36,1,38.68,1.64
370,226,297.21,140.36,2,28.50,9.89
370,226,297.21,140.36,3,34.74,23.46
370,226,297.21,140.36,4,3.34,30.83
370,227,62.28,315.16,0,8.84,11.18
370,227,62.28,315.16,1,38.68,1.64
370,227,62.28,315.16,2,28.50,9.89
370,227,62.28,315.16,3,34.74,23.46
370,227,62.28,315.16,4,3.34,30.83
370,228,271.73,80.27,0,8.84,11.18
370,228,271.73,80.27,1,38.68,1.64
370,228,271.73,80.27,2,28.50,9.89
370,228,271.73,80.27,3,34.74,23.46
370,228,271.73,80.27,4,3.34,30.83
370,229,146.08,111.37,0,8.84,11.18
370,229,146.08,111.37,1,38.68,1.64
370,229,146.08,111.37,2,28.50,9.89
370,229,146.08,111.37,3,34.74,23.46
370,229,146.08,111.37,4,3.34,30.83
370,230,140.24,67.78,0,8.84,11.18
370,230,140.24,67.78,1,38.68,1.64
370,230,140.24,67.78,2,28.50,9.89
370,230,140.24,67.78,3,34.74,23.46
370,230,140.24,67.78,4,3.34,30.83
370,231,299.72,311.09,0,8.84,11.18
370,231,299.72,311.09,1,38.68,1.64
370,231,299.72,311.09,2,28.50,9.89
370,231,299.72,311.09,3,34.74,23.46
370,231,299.72,311.09,4,3.34,30.83
370,232,377.73,31.35,0,8.84,11.18
370,232,377.73,31.35,1,38.68,1.64
370,232,377.73,31.35,2,28.50,9.89
370,232,377.73,31.35,3,34.74,23.46
370,232,377.73,31.35,4,3.34,30.83
370,233,361.90,229.46,0,8.84,11.18
370,233,361.90,229.46,1,38.68,1.64
370,233,361.90,229.46,2,28.50,9.89
370,233,361.90,229.46,3,34.74,23.46
370,233,361.90,229.46,4,3.34,30.83
370,237,165.14,142.23,0,8.84,11.18
370,237,165.14,142.23,1,38.68,1.64
370,237,165.14,142.23,2,28.50,9.89
370,237,165.14,142.23,3,34.74,23.46
370,237,165.14,142.23,4,3.34,30.83
370,238,23.42,306.93,0,8.84,11.18
370,238,23.42,306.93,1,38.68,1.64
370,238,23.42,306.93,2,28.50,9.89
370,238,23.42,306.93,3,34.74,23.46
370,238,23.42,306.93,4,3.34,30.83
370,239,233.01,117.10,0,8.84,11.18
370,239,233.01,117.10,1,38.68,1.64
370,239,233.01,117.10,2,28.50,9.89
370,239,233.01,117.10,3,34.74,23.46
370,239,233.01,117.10,4,3.34,30.83
370,240,108.22,252.05,0,8.84,11.18
370,240,108.22,252.05,1,38.68,1.64
370,240,108.22,252.05,2,28.50,9.89
370,240,108.22,252.05,3,34.74,23.46
370,240,108.22,252.05,4,3.34,30.83
370,241,376.34,212.85,0,8.84,11.18
370,241,376.34,212.85,1,38.68,1.64
370,241,376.34,212.85,2,28.50,9.89
370,241,376.34,212.85,3,34.74,23.46
370,241,376.34,212.85,4,3.34,30.83
370,242,210.78,224.54,0,8.84,11.18
370,242,210.78,224.54,1,38.68,1.64
370,242,210.78,224.54,2,28.50,9.89
370,242,210.78,224.54,3,34.74,23.46
370,242,210.78,224.54,4,3.34,30.83
370,243,32.70,306.85,0,8.84,11.18
370,243,32.70,306.85,1,38.68,1.64
370,243,32.70,306.85,2,28.50,9.89
370,243,32.70,306.85,3,34.74,23.46
370,243,32.70,306.85,4,3.34,30.83
370,244,152.50,324.39,0,8.84,11.18
370,244,152.50,324.39,1,38.68,1.64
370,244,152.50,324.39,2,28.50,9.89
370,244,152.50,324.39,3,34.74,23.46
370,244,152.50,324.39,4,3.34,30.83
370,245,246.12,127.65,0,8.84,11.18
370,245,246.12,127.65,1,38.68,1.64
370,245,246.12,127.65,2,28.50,9.89
370,245,246.12,127.65,3,34.74,23.46
370,245,246.12,127.65,4,3.34,30.83
370,248,375.32,270.47,0,8.84,11.18
370,248,375.32,270.47,1,38.68,1.64
370,248,375.32,270.47,2,28.50,9.89
370,248,375.32,270.47,3,34.74,23.46
370,248,375.32,270.47,4,3.34,30.83
370,249,380.01,393.88,0,8.84,11.18
370,249,380.01,393.88,1,38.68,1.64
370,249,380.01,393.88,2,28.50,9.89
370,249,380.01,393.88,3,34.74,23.46
370,249,380.01,393.88,4,3.34,30.83
370,250,253.99,289.87,0,8.84,11.18
370,250,253.99,289.87,1,38.68,1.64
370,250,253.99,289.87,2,28.50,9.89
370,250,253.99,289.87,3,34.74,23.46
370,250,253.99,289.87,4,3.34,30.83
370,251,51.56,311.10,0,8.84,11.18
370,251,51.56,311.10,1,38.68,1.64
370,251,51.56,311.10,2,28.50,9.89
370,251,51.56,311.10,3,34.74,23.46
370,251,51.56,311.10,4,3.34,30.83
370,252,52.89,97.76,0,8.84,11.18
370,252,52.89,97.76,1,38.68,1.64
370,252,52.89,97.76,2,28.50,9.89
370,252,52.89,97.76,3,34.74,23.46
370,252,52.89,97.76,4,3.34,30.83
370,253,343.69,204.52,0,8.84,11.18
370,253,343.69,204.52,1,38.68,1.64
370,253,343.69,204.52,2,28.50,9.89
370,253,343.69,204.52,3,34.74,23.46
370,253,343.69,204.52,4,3.34,30.83
370,254,366.02,186.54,0,8.84,11.18
370,254,366.02,186.54,1,38.68,1.64
370,254,366.02,186.54,2,28.50,9.89
370,254,366.02,186.54,3,34.74,23.46
370,254,366.02,186.54,4,3.34,30.83
370,256,90.00,107.00,0,8.84,11.18
370,256,90.00,107.00,1,38.68,1.64
370,256,90.00,107.00,2,28.50,9.89
370,256,90.00,107.00,3,34.74,23.46
370,256,90.00,107.00,4,3.34,30.83
370,257,355.85,214.19,0,8.84,11.18
370,257,355.85,214.19,1,38.68,1.64
370,257,355.85,214.19,2,28.50,9.89
370,257,355.85,214.19,3,34.74,23.46
370,257,355.85,214.19,4,3.34,30.83
370,258,384.58,31.81,0,8.84,11.18
370,258,384.58,31.81,1,38.68,1.64
370,258,384.58,31.81,2,28.50,9.89
370,258,384.58,31.81,3,34.74,23.46
370,258,384.58,31.81,4,3.34,30.83
370,259,94.36,107.16,0,8.84,11.18
370,259,94.36,107.16,1,38.68,1.64
370,259,94.36,107.16,2,28.50,9.89
370,259,94.36,107.16,3,34.74,23.46
370,259,94.36,107.16,4,3.34,30.83
370,260,321.02,365.56,0,8.84,11.18
370,260,321.02,365.56,1,38.68,1.64
370,260,321.02,365.56,2,28.50,9.89
370,260,321.02,365.56,3,34.74,23.46
370,260,321.02,365.56,4,3.34,30.83
370,261,41.72,320.08,0,8.84,11.18
370,261,41.72,320.08,1,38.68,1.64
370,261,41.72,320.08,2,28.50,9.89
370,261,41.72,320.08,3,34.74,23.46
370,261,41.72,320.08,4,3.34,30.83
370,262,152.30,100.00,0,8.84,11.18
370,262,152.30,100.00,1,38.68,1.64
370,262,152.30,100.00,2,28.50,9.89
370,262,152.30,100.00,3,34.74,23.46
370,262,152.30,100.00,4,3.34,30.83
370,263,148.60,89.00,0,8.84,11.18
370,263,148.60,89.00,1,38.68,1.64
370,263,148.60,89.00,2,28.50,9.89
370,263,148.60,89.00,3,34.74,23.46
370,263,148.60,89.00,4,3.34,30.83
370,264,67.97,125.10,0,8.84,11.18
370,264,67.97,125.10,1,38.68,1.64
370,264,67.97,125.10,2,28.50,9.89
370,264,67.97,125.10,3,34.74,23.46
370,264,67.97,125.10,4,3.34,30.83
370,265,225.31,334.10,0,8.84,11.18
370,265,225.31,334.10,1,38.68,1.64
370,265,225.31,334.10,2,28.50,9.89
370,265,225.31,334.10,3,34.74,23.46
370,265,225.31,334.10,4,3.34,30.83
370,266,73.33,306.79,0,8.84,11.18
370,266,73.33,306.79,1,38.68,1.64
370,266,73.33,306.79,2,28.50,9.89
370,266,73.33,306.79,3,34.74,23.46
370,266,73.33,306.79,4,3.34,30.83
370,267,223.66,78.17,0,8.84,11.18
370,267,223.66,78.17,1,38.68,1.64
370,267,223.66,78.17,2,28.50,9.89
370,267,223.66,78.17,3,34.74,23.46
370,267,223.66,78.17,4,3.34,30.83
370,268,257.47,103.71,0,8.84,11.18
370,268,257.47,103.71,1,38.68,1.64
370,268,257.47,103.71,2,28.50,9.89
370,268,257.47,103.71,3,34.74,23.46
370,268,257.47,103.71,4,3.34,30.83
370,269,53.62,133.26,0,8.84,11.18
370,269,53.62,133.26,1,38.68,1.64
370,269,53.62,133.26,2,28.50,9.89
370,269,53.62,133.26,3,34.74,23.46
370,269,53.62,133.26,4,3.34,30.83
370,271,85.88,111.63,0,8.84,11.18
370,271,85.88,111.63,1,38.68,1.64
370,271,85.88,111.63,2,28.50,9.89
370,271,85.88,111.63,3,34.74,23.46
370,271,85.88,111.63,4,3.34,30.83
370,273,28.37,298.49,0,8.84,11.18
370,273,28.37,298.49,1,38.68,1.64
370,273,28.37,298.49,2,28.50,9.89
370,273,28.37,298.49,3,34.74,23.46
370,273,28.37,298.49,4,3.34,30.83
370,274,98.69,51.79,0,8.84,11.18
370,274,98.69,51.79,1,38.68,1.64
370,274,98.69,51.79,2,28.50,9.89
370,274,98.69,51.79,3,34.74,23.46
370,274,98.69,51.79,4,3.34,30.83
370,275,343.18,226.76,0,8.84,11.18
370,275,343.18,226.76,1,38.68,1.64
370,275,343.18,226.76,2,28.50,9.89
370,275,343.18,226.76,3,34.74,23.46
370,275,343.18,226.76,4,3.34,30.83
370,276,347.00,233.50,0,8.84,11.18
370,276,347.00,233.50,1,38.68,1.64
370,276,347.00,233.50,2,28.50,9.89
370,276,347.00,233.50,3,34.74,23.46
370,276,347.00,233.50,4,3.34,30.83
370,277,315.18,199.10,0,8.84,11.18
370,277,315.18,199.10,1,38.68,1.64
370,277,315.18,199.10,2,28.50,9.89
370,277,315.18,199.10,3,34.74,23.46
370,277,315.18,199.10,4,3.34,30.83
370,278,61.80,345.91,0,8.84,11.18
370,278,61.80,345.91,1,38.68,1.64
370,278,61.80,345.91,2,28.50,9.89
370,278,61.80,345.91,3,34.74,23.46
370,278,61.80,345.91,4,3.34,30.83
370,279,215.40,392.62,0,8.84,11.18
370,279,215.40,392.62,1,38.68,1.64
370,279,215.40,392.62,2,28.50,9.89
370,279,215.40,392.62,3,34.74,23.46
370,279,215.40,392.62,4,3.34,30.83
370,281,258.99,73.43,0,8.84,11.18
370,281,258.99,73.43,1,38.68,1.64
370,281,258.99,73.43,2,28.50,9.89
370,281,258.99,73.43,3,34.74,23.46
370,281,258.99,73.43,4,3.34,30.83
370,282,367.40,211.60,0,8.84,11.18
370,282,367.40,211.60,1,38.68,1.64
370,282,367.40,211.60,2,28.50,9.89
370,282,367.40,211.60,3,34.74,23.46
370,282,367.40,211.60,4,3.34,30.83
370,283,346.87,195.87,0,8.84,11.18
370,283,346.87,195.87,1,38.68,1.64
370,283,346.87,195.87,2,28.50,9.89
370,283,346.87,195.87,3,34.74,23.46
370,283,346.87,195.87,4,3.34,30.83
370,284,279.33,94.67,0,8.84,11.18
370,284,279.33,94.67,1,38.68,1.64
370,284,279.33,94.67,2,28.50,9.89
370,284,279.33,94.67,3,34.74,23.46
370,284,279.33,94.67,4,3.34,30.83
370,285,221.55,353.53,0,8.84,11.18
370,285,221.55,353.53,1,38.68,1.64
370,285,221.55,353.53,2,28.50,9.89
370,285,221.55,353.53,3,34.74,23.46
370,285,221.55,353.53,4,3.34,30.83
370,286,257.58,345.57,0,8.84,11.18
370,286,257.58,345.57,1,38.68,1.64
370,286,257.58,345.57,2,28.50,9.89
370,286,257.58,345.57,3,34.74,23.46
370,286,257.58,345.57,4,3.34,30.83
370,288,95.55,42.00,0,8.84,11.18
370,288,95.55,42.00,1,38.68,1.64
370,288,95.55,42.00,2,28.50,9.89
370,288,95.55,42.00,3,34.74,23.46
370,288,95.55,42.00,4,3.34,30.83
370,290,340.16,245.96,0,8.84,11.18
370,290,340.16,245.96,1,38.68,1.64
370,290,340.16,245.96,2,28.50,9.89
370,290,340.16,245.96,3,34.74,23.46
370,290,340.16,245.96,4,3.34,30.83
370,291,71.51,81.93,0,8.84,11.18
370,291,71.51,81.93,1,38.68,1.64
370,291,71.51,81.93,2,28.50,9.89
370,291,71.51,81.93,3,34.74,23.46
370,291,71.51,81.93,4,3.34,30.83
370,292,291.25,290.64,0,8.84,11.18
370,292,291.25,290.64,1,38.68,1.64
370,292,291.25,290.64,2,28.50,9.89
370,292,291.25,290.64,3,34.74,23.46
370,292,291.25,290.64,4,3.34,30.83
370,293,270.58,103.06,0,8.84,11.18
370,293,270.58,103.06,1,38.68,1.64
370,293,270.58,103.06,2,28.50,9.89
370,293,270.58,103.06,3,34.74,23.46
370,293,270.58,103.06,4,3.34,30.83
370,294,64.02,326.14,0,8.84,11.18
370,294,64.02,326.14,1,38.68,1.64
370,294,64.02,326.14,2,28.50,9.89
370,294,64.02,326.14,3,34.74,23.46
370,294,64.02,326.14,4,3.34,30.83
370,297,369.57,190.74,0,8.84,11.18
370,297,369.57,190.74,1,38.68,1.64
370,297,369.57,190.74,2,28.50,9.89
370,297,369.57,190.74,3,34.74,23.46
370,297,369.57,190.74,4,3.34,30.83
370,298,385.44,29.00,0,8.84,11.18
370,298,385.44,29.00,1,38.68,1.64
370,298,385.44,29.00,2,28.50,9.89
370,298,385.44,29.00,3,34.74,23.46
370,298,385.44,29.00,4,3.34,30.83
370,300,212.38,340.94,0,8.84,11.18
370,300,212.38,340.94,1,38.68,1.64
370,300,212.38,340.94,2,28.50,9.89
370,300,212.38,340.94,3,34.74,23.46
370,300,212.38,340.94,4,3.34,30.83
380,2,83.15,100.21,0,8.60,11.50
380,2,83.15,100.21,1,38.39,1.54
380,2,83.15,100.21,2,28.50,9.89
380,2,83.15,100.21,3,34.74,23.46
380,2,83.15,100.21,4,3.34,30.83
380,3,182.50,285.06,0,8.60,11.50
380,3,182.50,285.06,1,38.39,1.54
380,3,182.50,285.06,2,28.50,9.89
380,3,182.50,285.06,3,34.74,23.46
380,3,182.50,285.06,4,3.34,30.83
380,6,48.94,302.26,0,8.60,11.50
380,6,48.94,302.26,1,38.39,1.54
380,6,48.94,302.26,2,28.50,9.89
380,6,48.94,302.26,3,34.74,23.46
380,6,48.94,302.26,4,3.34,30.83
380,8,89.13,363.85,0,8.60,11.50
380,8,89.13,363.85,1,38.39,1.54
380,8,89.13,363.85,2,28.50,9.89
380,8,89.13,363.85,3,34.74,23.46
380,8,89.13,363.85,4,3.34,30.83
380,9,318.27,210.74,0,8.60,11.50
380,9,318.27,210.74,1,38.39,1.54
380,9,318.27,210.74,2,28.50,9.89
380,9,318.27,210.74,3,34.74,23.46
380,9,318.27,210.74,4,3.34,30.83
380,11,157.11,111.30,0,8.60,11.50
380,11,157.11,111.30,1,38.39,1.54
380,11,157.11,111.30,2,28.50,9.89
380,11,157.11,111.30,3,34.74,23.46
380,11,157.11,111.30,4,3.34,30.83
380,13,128.67,99.45,0,8.60,11.50
380,13,128.67,99.45,1,38.39,1.54
380,13,128.67,99.45,2,28.50,9.89
380,13,128.67,99.45,3,34.74,23.46
380,13,128.67,99.45,4,3.34,30.83
380,14,22.91,324.36,0,8.60,11.50
380,14,22.91,324.36,1,38.39,1.54
380,14,22.91,324.36,2,28.50,9.89
380,14,22.91,324.36,3,34.74,23.46
380,14,22.91,324.36,4,3.34,30.83
380,15,26.00,309.13,0,8.60,11.50
380,15,26.00,309.13,1,38.39,1.54
380,15,26.00,309.13,2,28.50,9.89
380,15,26.00,309.13,3,34.74,23.46
380,15,26.00,309.13,4,3.34,30.83
380,16,352.27,243.59,0,8.60,11.50
380,16,352.27,243.59,1,38.39,1.54
380,16,352.27,243.59,2,28.50,9.89
380,16,352.27,243.59,3,34.74,23.46
380,16,352.27,243.59,4,3.34,30.83
380,18,139.93,332.39,0,8.60,11.50
380,18,139.93,332.39,1,38.39,1.54
380,18,139.93,332.39,2,28.50,9.89
380,18,139.93,332.39,3,34.74,23.46
380,18,139.93,332.39,4,3.34,30.83
380,20,206.63,393.42,0,8.60,11.50
380,20,206.63,393.42,1,38.39,1.54
380,20,206.63,393.42,2,28.50,9.89
380,20,206.63,393.42,3,34.74,23.46
380,20,206.63,393.42,4,3.34,30.83
380,21,377.29,184.58,0,8.60,11.50
380,21,377.29,184.58,1,38.39,1.54
380,21,377.29,184.58,2,28.50,9.89
380,21,377.29,184.58,3,34.74,23.46
380,21,377.29,184.58,4,3.34,30.83
380,22,292.22,375.73,0,8.60,11.50
380,22,292.22,375.73,1,38.39,1.54
380,22,292.22,375.73,2,28.50,9.89
380,22,292.22,375.73,3,34.74,23.46
380,22,292.22,375.73,4,3.34,30.83
380,23,351.60,229.60,0,8.60,11.50
380,23,351.60,229.60,1,38.39,1.54
380,23,351.60,229.60,2,28.50,9.89
380,23,351.60,229.60,3,34.74,23.46
380,23,351.60,229.60,4,3.34,30.83
380,24,120.57,97.89,0,8.60,11.50
380,24,120.57,97.89,1,38.39,1.54
380,24,120.57,97.89,2,28.50,9.89
380,24,120.57,97.89,3,34.74,23.46
380,24,120.57,97.89,4,3.34,30.83
380,26,288.93,73.62,0,8.60,11.50
380,26,288.93,73.62,1,38.39,1.54
380,26,288.93,73.62,2,28.50,9.89
380,26,288.93,73.62,3,34.74,23.46
380,26,288.93,73.62,4,3.34,30.83
380,28,379.55,318.95,0,8.60,11.50
380,28,379.55,318.95,1,38.39,1.54
380,28,379.55,318.95,2,28.50,9.89
380,28,379.55,318.95,3,34.74,23.46
380,28,379.55,318.95,4,3.34,30.83
380,29,102.91,289.24,0,8.60,11.50
380,29,102.91,289.24,1,38.39,1.54
380,29,102.91,289.24,2,28.50,9.89
380,29,102.91,289.24,3,34.74,23.46
380,29,102.91,289.24,4,3.34,30.83
380,31,253.51,74.11,0,8.60,11.50
380,31,253.51,74.11,1,38.39,1.54
380,31,253.51,74.11,2,28.50,9.89
380,31,253.51,74.11,3,34.74,23.46
380,31,253.51,74.11,4,3.34,30.83
380,34,258.00,104.20,0,8.60,11.50
380,34,258.00,104.20,1,38.39,1.54
380,34,258.00,104.20,2,28.50,9.89
380,34,258.00,104.20,3,34.74,23.46
380,34,258.00,104.20,4,3.34,30.83
380,35,348.52,224.79,0,8.60,11.50
380,35,348.52,224.79,1,38.39,1.54
380,35,348.52,224.79,2,28.50,9.89
380,35,348.52,224.79,3,34.74,23.46
380,35,348.52,224.79,4,3.34,30.83
380,36,45.13,316.08,0,8.60,11.50
380,36,45.13,316.08,1,38.39,1.54
380,36,45.13,316.08,2,28.50,9.89
380,36,45.13,316.08,3,34.74,23.46
380,36,45.13,316.08,4,3.34,30.83
380,37,349.00,238.00,0,8.60,11.50
380,37,349.00,238.00,1,38.39,1.54
380,37,349.00,238.00,2,28.50,9.89
380,37,349.00,238.00,3,34.74,23.46
380,37,349.00,238.00,4,3.34,30.83
380,38,91.12,253.87,0,8.60,11.50
380,38,91.12,253.87,1,38.39,1.54
380,38,91.12,253.87,2,28.50,9.89
380,38,91.12,253.87,3,34.74,23.46
380,38,91.12,253.87,4,3.34,30.83
380,39,93.55,157.40,0,8.60,11.50
380,39,93.55,157.40,1,38.39,1.54
380,39,93.55,157.40,2,28.50,9.89
380,39,93.55,157.40,3,34.74,23.46
380,39,93.55,157.40,4,3.34,30.83
380,40,292.03,100.24,0,8.60,11.50
380,40,292.03,100.24,1,38.39,1.54
380,40,292.03,100.24,2,28.50,9.89
380,40,292.03,100.24,3,34.74,23.46
380,40,292.03,100.24,4,3.34,30.83
380,41,284.28,282.74,0,8.60,11.50
380,41,284.28,282.74,1,38.39,1.54
380,41,284.28,282.74,2,28.50,9.89
380,41,284.28,282.74,3,34.74,23.46
380,41,284.28,282.74,4,3.34,30.83
380,49,260.07,106.24,0,8.60,11.50
380,49,260.07,106.24,1,38.39,1.54
380,49,260.07,106.24,2,28.50,9.89
380,49,260.07,106.24,3,34.74,23.46
380,49,260.07,106.24,4,3.34,30.83
380,50,336.97,273.55,0,8.60,11.50
380,50,336.97,273.55,1,38.39,1.54
380,50,336.97,273.55,2,28.50,9.89
380,50,336.97,273.55,3,34.74,23.46
380,50,336.97,273.55,4,3.34,30.83
380,53,324.96,224.98,0,8.60,11.50
380,53,324.96,224.98,1,38.39,1.54
380,53,324.96,224.98,2,28.50,9.89
380,53,324.96,224.98,3,34.74,23.46
380,53,324.96,224.98,4,3.34,30.83
380,54,374.31,25.72,0,8.60,11.50
380,54,374.31,25.72,1,38.39,1.54
380,54,374.31,25.72,2,28.50,9.89
380,54,374.31,25.72,3,34.74,23.46
380,54,374.31,25.72,4,3.34,30.83
380,55,328.75,233.21,0,8.60,11.50
380,55,328.75,233.21,1,38.39,1.54
380,55,328.75,233.21,2,28.50,9.89
380,55,328.75,233.21,3,34.74,23.46
380,55,328.75,233.21,4,3.34,30.83
380,56,353.04,199.80,0,8.60,11.50
380,56,353.04,199.80,1,38.39,1.54
380,56,353.04,199.80,2,28.50,9.89
380,56,353.04,199.80,3,34.74,23.46
380,56,353.04,199.80,4,3.34,30.83
380,57,84.72,133.19,0,8.60,11.50
380,57,84.72,133.19,1,38.39,1.54
380,57,84.72,133.19,2,28.50,9.89
380,57,84.72,133.19,3,34.74,23.46
380,57,84.72,133.19,4,3.34,30.83
380,60,139.90,295.15,0,8.60,11.50
380,60,139.90,295.15,1,38.39,1.54
380,60,139.90,295.15,2,28.50,9.89
380,60,139.90,295.15,3,34.74,23.46
380,60,139.90,295.15,4,3.34,30.83
380,61,81.69,120.69,0,8.60,11.50
380,61,81.69,120.69,1,38.39,1.54
380,61,81.69,120.69,2,28.50,9.89
380,61,81.69,120.69,3,34.74,23.46
380,61,81.69,120.69,4,3.34,30.83
380,62,33.14,328.87,0,8.60,11.50
380,62,33.14,328.87,1,38.39,1.54
380,62,33.14,328.87,2,28.50,9.89
380,62,33.14,328.87,3,34.74,23.46
380,62,33.14,328.87,4,3.34,30.83
380,63,93.16,125.91,0,8.60,11.50
380,63,93.16,125.91,1,38.39,1.54
380,63,93.16,125.91,2,28.50,9.89
380,63,93.16,125.91,3,34.74,23.46
380,63,93.16,125.91,4,3.34,30.83
380,66,55.55,336.60,0,8.60,11.50
380,66,55.55,336.60,1,38.39,1.54
380,66,55.55,336.60,2,28.50,9.89
380,66,55.55,336.60,3,34.74,23.46
380,66,55.55,336.60,4,3.34,30.83
380,67,65.94,175.33,0,8.60,11.50
380,67,65.94,175.33,1,38.39,1.54
380,67,65.94,175.33,2,28.50,9.89
380,67,65.94,175.33,3,34.74,23.46
380,67,65.94,175.33,4,3.34,30.83
380,68,209.39,341.63,0,8.60,11.50
380,68,209.39,341.63,1,38.39,1.54
380,68,209.39,341.63,2,28.50,9.89
380,68,209.39,341.63,3,34.74,23.46
380,68,209.39,341.63,4,3.34,30.83
380,69,384.59,309.94,0,8.60,11.50
380,69,384.59,309.94,1,38.39,1.54
380,69,384.59,309.94,2,28.50,9.89
380,69,384.59,309.94,3,34.74,23.46
380,69,384.59,309.94,4,3.34,30.83
380,71,35.09,322.49,0,8.60,11.50
380,71,35.09,322.49,1,38.39,1.54
380,71,35.09,322.49,2,28.50,9.89
380,71,35.09,322.49,3,34.74,23.46
380,71,35.09,322.49,4,3.34,30.83
380,72,26.50,330.79,0,8.60,11.50
380,72,26.50,330.79,1,38.39,1.54
380,72,26.50,330.79,2,28.50,9.89
380,72,26.50,330.79,3,34.74,23.46
380,72,26.50,330.79,4,3.34,30.83
380,73,379.39,206.47,0,8.60,11.50
380,73,379.39,206.47,1,38.39,1.54
380,73,379.39,206.47,2,28.50,9.89
380,73,379.39,206.47,3,34.74,23.46
380,73,379.39,206.47,4,3.34,30.83
380,74,273.19,96.07,0,8.60,11.50
380,74,273.19,96.07,1,38.39,1.54
380,74,273.19,96.07,2,28.50,9.89
380,74,273.19,96.07,3,34.74,23.46
380,74,273.19,96.07,4,3.34,30.83
380,75,247.20,96.82,0,8.60,11.50
380,75,247.20,96.82,1,38.39,1.54
380,75,247.20,96.82,2,28.50,9.89
380,75,247.20,96.82,3,34.74,23.46
380,75,247.20,96.82,4,3.34,30.83
380,76,366.28,190.59,0,8.60,11.50
380,76,366.28,190.59,1,38.39,1.54
380,76,366.28,190.59,2,28.50,9.89
380,76,366.28,190.59,3,34.74,23.46
380,76,366.28,190.59,4,3.34,30.83
380,77,88.88,121.30,0,8.60,11.50
380,77,88.88,121.30,1,38.39,1.54
380,77,88.88,121.30,2,28.50,9.89
380,77,88.88,121.30,3,34.74,23.46
380,77,88.88,121.30,4,3.34,30.83
380,78,191.81,376.58,0,8.60,11.50
380,78,191.81,376.58,1,38.39,1.54
380,78,191.81,376.58,2,28.50,9.89
380,78,191.81,376.58,3,34.74,23.46
380,78,191.81,376.58,4,3.34,30.83
380,81,265.89,353.43,0,8.60,11.50
380,81,265.89,353.43,1,38.39,1.54
380,81,265.89,353.43,2,28.50,9.89
380,81,265.89,353.43,3,34.74,23.46
380,81,265.89,353.43,4,3.34,30.83
380,82,341.66,156.66,0,8.60,11.50
380,82,341.66,156.66,1,38.39,1.54
380,82,341.66,156.66,2,28.50,9.89
380,82,341.66,156.66,3,34.74,23.46
380,82,341.66,156.66,4,3.34,30.83
380,83,224.04,64.00,0,8.60,11.50
380,83,224.04,64.00,1,38.39,1.54
380,83,224.04,64.00,2,28.50,9.89
380,83,224.04,64.00,3,34.74,23.46
380,83,224.04,64.00,4,3.34,30.83
380,84,234.20,282.47,0,8.60,11.50
380,84,234.20,282.47,1,38.39,1.54
380,84,234.20,282.47,2,28.50,9.89
380,84,234.20,282.47,3,34.74,23.46
380,84,234.20,282.47,4,3.34,30.83
380,85,359.01,197.84,0,8.60,11.50
380,85,359.01,197.84,1,38.39,1.54
380,85,359.01,197.84,2,28.50,9.89
380,85,359.01,197.84,3,34.74,23.46
380,85,359.01,197.84,4,3.34,30.83
380,86,77.49,112.76,0,8.60,11.50
380,86,77.49,112.76,1,38.39,1.54
380,86,77.49,112.76,2,28.50,9.89
380,86,77.49,112.76,3,34.74,23.46
380,86,77.49,112.76,4,3.34,30.83
380,87,391.15,24.77,0,8.60,11.50
380,87,391.15,24.77,1,38.39,1.54
380,87,391.15,24.77,2,28.50,9.89
380,87,391.15,24.77,3,34.74,23.46
380,87,391.15,24.77,4,3.34,30.83
380,88,139.74,303.94,0,8.60,11.50
380,88,139.74,303.94,1,38.39,1.54
380,88,139.74,303.94,2,28.50,9.89
380,88,139.74,303.94,3,34.74,23.46
380,88,139.74,303.94,4,3.34,30.83
380,89,293.86,90.78,0,8.60,11.50
380,89,293.86,90.78,1,38.39,1.54
380,89,293.86,90.78,2,28.50,9.89
380,89,293.86,90.78,3,34.74,23.46
380,89,293.86,90.78,4,3.34,30.83
380,90,243.50,74.97,0,8.60,11.50
380,90,243.50,74.97,1,38.39,1.54
380,90,243.50,74.97,2,28.50,9.89
380,90,243.50,74.97,3,34.74,23.46
380,90,243.50,74.97,4,3.34,30.83
380,93,285.58,92.34,0,8.60,11.50
380,93,285.58,92.34,1,38.39,1.54
380,93,285.58,92.34,2,28.50,9.89
380,93,285.58,92.34,3,34.74,23.46
380,93,285.58,92.34,4,3.34,30.83
380,94,23.30,315.86,0,8.60,11.50
380,94,23.30,315.86,1,38.39,1.54
380,94,23.30,315.86,2,28.50,9.89
380,94,23.30,315.86,3,34.74,23.46
380,94,23.30,315.86,4,3.34,30.83
380,95,352.18,211.75,0,8.60,11.50
380,95,352.18,211.75,1,38.39,1.54
380,95,352.18,211.75,2,28.50,9.89
380,95,352.18,211.75,3,34.74,23.46
380,95,352.18,211.75,4,3.34,30.83
380,96,83.40,123.52,0,8.60,11.50
380,96,83.40,123.52,1,38.39,1.54
380,96,83.40,123.52,2,28.50,9.89
380,96,83.40,123.52,3,34.74,23.46
380,96,83.40,123.52,4,3.34,30.83
380,97,273.86,115.67,0,8.60,11.50
380,97,273.86,115.67,1,38.39,1.54
380,97,273.86,115.67,2,28.50,9.89
380,97,273.86,115.67,3,34.74,23.46
380,97,273.86,115.67,4,3.34,30.83
380,98,375.11,20.02,0,8.60,11.50
380,98,375.11,20.02,1,38.39,1.54
380,98,375.11,20.02,2,28.50,9.89
380,98,375.11,20.02,3,34.74,23.46
380,98,375.11,20.02,4,3.34,30.83
380,102,75.57,133.32,0,8.60,11.50
380,102,75.57,133.32,1,38.39,1.54
380,102,75.57,133.32,2,28.50,9.89
380,102,75.57,133.32,3,34.74,23.46
380,102,75.57,133.32,4,3.34,30.83
380,103,72.21,349.56,0,8.60,11.50
380,103,72.21,349.56,1,38.39,1.54
380,103,72.21,349.56,2,28.50,9.89
380,103,72.21,349.56,3,34.74,23.46
380,103,72.21,349.56,4,3.34,30.83
380,104,381.34,15.47,0,8.60,11.50
380,104,381.34,15.47,1,38.39,1.54
380,104,381.34,15.47,2,28.50,9.89
380,104,381.34,15.47,3,34.74,23.46
380,104,381.34,15.47,4,3.34,30.83
380,106,37.35,301.33,0,8.60,11.50
380,106,37.35,301.33,1,38.39,1.54
380,106,37.35,301.33,2,28.50,9.89
380,106,37.35,301.33,3,34.74,23.46
380,106,37.35,301.33,4,3.34,30.83
380,107,284.57,106.01,0,8.60,11.50
380,107,284.57,106.01,1,38.39,1.54
380,107,284.57,106.01,2,28.50,9.89
380,107,284.57,106.01,3,34.74,23.46
380,107,284.57,106.01,4,3.34,30.83
380,108,44.25,85.24,0,8.60,11.50
380,108,44.25,85.24,1,38.39,1.54
380,108,44.25,85.24,2,28.50,9.89
380,108,44.25,85.24,3,34.74,23.46
380,108,44.25,85.24,4,3.34,30.83
380,110,71.32,315.36,0,8.60,11.50
380,110,71.32,315.36,1,38.39,1.54
380,110,71.32,315.36,2,28.50,9.89
380,110,71.32,315.36,3,34.74,23.46
380,110,71.32,315.36,4,3.34,30.83
380,111,386.69,38.30,0,8.60,11.50
380,111,386.69,38.30,1,38.39,1.54
380,111,386.69,38.30,2,28.50,9.89
380,111,386.69,38.30,3,34.74,23.46
380,111,386.69,38.30,4,3.34,30.83
380,112,246.98,103.98,0,8.60,11.50
380,112,246.98,103.98,1,38.39,1.54
380,112,246.98,103.98,2,28.50,9.89
380,112,246.98,103.98,3,34.74,23.46
380,112,246.98,103.98,4,3.34,30.83
380,113,96.70,113.53,0,8.60,11.50
380,113,96.70,113.53,1,38.39,1.54
380,113,96.70,113.53,2,28.50,9.89
380,113,96.70,113.53,3,34.74,23.46
380,113,96.70,113.53,4,3.34,30.83
380,114,157.25,59.94,0,8.60,11.50
380,114,157.25,59.94,1,38.39,1.54
380,114,157.25,59.94,2,28.50,9.89
380,114,157.25,59.94,3,34.74,23.46
380,114,157.25,59.94,4,3.34,30.83
380,115,364.02,224.13,0,8.60,11.50
380,115,364.02,224.13,1,38.39,1.54
380,115,364.02,224.13,2,28.50,9.89
380,115,364.02,224.13,3,34.74,23.46
380,115,364.02,224.13,4,3.34,30.83
380,116,265.18,111.39,0,8.60,11.50
380,116,265.18,111.39,1,38.39,1.54
380,116,265.18,111.39,2,28.50,9.89
380,116,265.18,111.39,3,34.74,23.46
380,116,265.18,111.39,4,3.34,30.83
380,117,358.93,164.83,0,8.60,11.50
380,117,358.93,164.83,1,38.39,1.54
380,117,358.93,164.83,2,28.50,9.89
380,117,358.93,164.83,3,34.74,23.46
380,117,358.93,164.83,4,3.34,30.83
380,118,86.79,156.06,0,8.60,11.50
380,118,86.79,156.06,1,38.39,1.54
380,118,86.79,156.06,2,28.50,9.89
380,118,86.79,156.06,3,34.74,23.46
380,118,86.79,156.06,4,3.34,30.83
380,119,301.41,114.35,0,8.60,11.50
380,119,301.41,114.35,1,38.39,1.54
380,119,301.41,114.35,2,28.50,9.89
380,119,301.41,114.35,3,34.74,23.46
380,119,301.41,114.35,4,3.34,30.83
380,120,171.88,214.29,0,8.60,11.50
380,120,171.88,214.29,1,38.39,1.54
380,120,171.88,214.29,2,28.50,9.89
380,120,171.88,214.29,3,34.74,23.46
380,120,171.88,214.29,4,3.34,30.83
380,122,104.68,259.75,0,8.60,11.50
380,122,104.68,259.75,1,38.39,1.54
380,122,104.68,259.75,2,28.50,9.89
380,122,104.68,259.75,3,34.74,23.46
380,122,104.68,259.75,4,3.34,30.83
380,123,119.88,317.46,0,8.60,11.50
380,123,119.88,317.46,1,38.39,1.54
380,123,119.88,317.46,2,28.50,9.89
380,123,119.88,317.46,3,34.74,23.46
380,123,119.88,317.46,4,3.34,30.83
380,124,102.68,79.64,0,8.60,11.50
380,124,102.68,79.64,1,38.39,1.54
380,124,102.68,79.64,2,28.50,9.89
380,124,102.68,79.64,3,34.74,23.46
380,124,102.68,79.64,4,3.34,30.83
380,125,362.88,150.71,0,8.60,11.50
380,125,362.88,150.71,1,38.39,1.54
380,125,362.88,150.71,2,28.50,9.89
380,125,362.88,150.71,3,34.74,23.46
380,125,362.88,150.71,4,3.34,30.83
380,126,75.45,105.59,0,8.60,11.50
380,126,75.45,105.59,1,38.39,1.54
380,126,75.45,105.59,2,28.50,9.89
380,126,75.45,105.59,3,34.74,23.46
380,126,75.45,105.59,4,3.34,30.83
380,127,27.24,316.94,0,8.60,11.50
380,127,27.24,316.94,1,38.39,1.54
380,127,27.24,316.94,2,28.50,9.89
380,127,27.24,316.94,3,34.74,23.46
380,127,27.24,316.94,4,3.34,30.83
380,128,230.90,352.98,0,8.60,11.50
380,128,230.90,352.98,1,38.39,1.54
380,128,230.90,352.98,2,28.50,9.89
380,128,230.90,352.98,3,34.74,23.46
380,128,230.90,352.98,4,3.34,30.83
380,129,322.42,184.96,0,8.60,11.50
380,129,322.42,184.96,1,38.39,1.54
380,129,322.42,184.96,2,28.50,9.89
380,129,322.42,184.96,3,34.74,23.46
380,129,322.42,184.96,4,3.34,30.83
380,132,365.03,247.45,0,8.60,11.50
380,132,365.03,247.45,1,38.39,1.54
380,132,365.03,247.45,2,28.50,9.89
380,132,365.03,247.45,3,34.74,23.46
380,132,365.03,247.45,4,3.34,30.83
380,133,67.75,112.72,0,8.60,11.50
380,133,67.75,112.72,1,38.39,1.54
380,133,67.75,112.72,2,28.50,9.89
380,133,67.75,112.72,3,34.74,23.46
380,133,67.75,112.72,4,3.34,30.83
380,135,50.80,294.64,0,8.60,11.50
380,135,50.80,294.64,1,38.39,1.54
380,135,50.80,294.64,2,28.50,9.89
380,135,50.80,294.64,3,34.74,23.46
380,135,50.80,294.64,4,3.34,30.83
380,137,281.88,99.13,0,8.60,11.50
380,137,281.88,99.13,1,38.39,1.54
380,137,281.88,99.13,2,28.50,9.89
380,137,281.88,99.13,3,34.74,23.46
380,137,281.88,99.13,4,3.34,30.83
380,139,356.41,174.37,0,8.60,11.50
380,139,356.41,174.37,1,38.39,1.54
380,139,356.41,174.37,2,28.50,9.89
380,139,356.41,174.37,3,34.74,23.46
380,139,356.41,174.37,4,3.34,30.83
380,141,347.34,388.63,0,8.60,11.50
380,141,347.34,388.63,1,38.39,1.54
380,141,347.34,388.63,2,28.50,9.89
380,141,347.34,388.63,3,34.74,23.46
380,141,347.34,388.63,4,3.34,30.83
380,142,275.40,105.35,0,8.60,11.50
380,142,275.40,105.35,1,38.39,1.54
380,142,275.40,105.35,2,28.50,9.89
380,142,275.40,105.35,3,34.74,23.46
380,142,275.40,105.35,4,3.34,30.83
380,143,341.71,309.44,0,8.60,11.50
380,143,341.71,309.44,1,38.39,1.54
380,143,341.71,309.44,2,28.50,9.89
380,143,341.71,309.44,3,34.74,23.46
380,143,341.71,309.44,4,3.34,30.83
380,145,223.49,328.13,0,8.60,11.50
380,145,223.49,328.13,1,38.39,1.54
380,145,223.49,328.13,2,28.50,9.89
380,145,223.49,328.13,3,34.74,23.46
380,145,223.49,328.13,4,3.34,30.83
380,146,100.78,151.10,0,8.60,11.50
380,146,100.78,151.10,1,38.39,1.54
380,146,100.78,151.10,2,28.50,9.89
380,146,100.78,151.10,3,34.74,23.46
380,146,100.78,151.10,4,3.34,30.83
380,148,339.34,222.36,0,8.60,11.50
380,148,339.34,222.36,1,38.39,1.54
380,148,339.34,222.36,2,28.50,9.89
380,148,339.34,222.36,3,34.74,23.46
380,148,339.34,222.36,4,3.34,30.83
380,149,351.50,234.56,0,8.60,11.50
380,149,351.50,234.56,1,38.39,1.54
380,149,351.50,234.56,2,28.50,9.89
380,149,351.50,234.56,3,34.74,23.46
380,149,351.50,234.56,4,3.34,30.83
380,150,289.55,111.70,0,8.60,11.50
380,150,289.55,111.70,1,38.39,1.54
380,150,289.55,111.70,2,28.50,9.89
380,150,289.55,111.70,3,34.74,23.46
380,150,289.55,111.70,4,3.34,30.83
380,151,255.43,93.61,0,8.60,11.50
380,151,255.43,93.61,1,38.39,1.54
380,151,255.43,93.61,2,28.50,9.89
380,151,255.43,93.61,3,34.74,23.46
380,151,255.43,93.61,4,3.34,30.83
380,152,78.30,102.37,0,8.60,11.50
380,152,78.30,102.37,1,38.39,1.54
380,152,78.30,102.37,2,28.50,9.89
380,152,78.30,102.37,3,34.74,23.46
380,152,78.30,102.37,4,3.34,30.83
380,155,258.47,115.42,0,8.60,11.50
380,155,258.47,115.42,1,38.39,1.54
380,155,258.47,115.42,2,28.50,9.89
380,155,258.47,115.42,3,34.74,23.46
380,155,258.47,115.42,4,3.34,30.83
380,156,356.94,273.75,0,8.60,11.50
380,156,356.94,273.75,1,38.39,1.54
380,156,356.94,273.75,2,28.50,9.89
380,156,356.94,273.75,3,34.74,23.46
380,156,356.94,273.75,4,3.34,30.83
380,157,264.58,99.42,0,8.60,11.50
380,157,264.58,99.42,1,38.39,1.54
380,157,264.58,99.42,2,28.50,9.89
380,157,264.58,99.42,3,34.74,23.46
380,157,264.58,99.42,4,3.34,30.83
380,159,362.66,257.23,0,8.60,11.50
380,159,362.66,257.23,1,38.39,1.54
380,159,362.66,257.23,2,28.50,9.89
380,159,362.66,257.23,3,34.74,23.46
380,159,362.66,257.23,4,3.34,30.83
380,160,320.98,390.19,0,8.60,11.50
380,160,320.98,390.19,1,38.39,1.54
380,160,320.98,390.19,2,28.50,9.89
380,160,320.98,390.19,3,34.74,23.46
380,160,320.98,390.19,4,3.34,30.83
380,161,168.11,134.17,0,8.60,11.50
380,161,168.11,134.17,1,38.39,1.54
380,161,168.11,134.17,2,28.50,9.89
380,161,168.11,134.17,3,34.74,23.46
380,161,168.11,134.17,4,3.34,30.83
380,162,293.30,336.88,0,8.60,11.50
380,162,293.30,336.88,1,38.39,1.54
380,162,293.30,336.88,2,28.50,9.89
380,162,293.30,336.88,3,34.74,23.46
380,162,293.30,336.88,4,3.34,30.83
380,163,193.03,125.99,0,8.60,11.50
380,163,193.03,125.99,1,38.39,1.54
380,163,193.03,125.99,2,28.50,9.89
380,163,193.03,125.99,3,34.74,23.46
380,163,193.03,125.99,4,3.34,30.83
380,164,55.15,67.21,0,8.60,11.50
380,164,55.15,67.21,1,38.39,1.54
380,164,55.15,67.21,2,28.50,9.89
380,164,55.15,67.21,3,34.74,23.46
380,164,55.15,67.21,4,3.34,30.83
380,165,94.62,101.89,0,8.60,11.50
380,165,94.62,101.89,1,38.39,1.54
380,165,94.62,101.89,2,28.50,9.89
380,165,94.62,101.89,3,34.74,23.46
380,165,94.62,101.89,4,3.34,30.83
380,166,292.57,362.65,0,8.60,11.50
380,166,292.57,362.65,1,38.39,1.54
380,166,292.57,362.65,2,28.50,9.89
380,166,292.57,362.65,3,34.74,23.46
380,166,292.57,362.65,4,3.34,30.83
380,167,376.47,285.62,0,8.60,11.50
380,167,376.47,285.62,1,38.39,1.54
380,167,376.47,285.62,2,28.50,9.89
380,167,376.47,285.62,3,34.74,23.46
380,167,376.47,285.62,4,3.34,30.83
380,168,193.87,278.06,0,8.60,11.50
380,168,193.87,278.06,1,38.39,1.54
380,168,193.87,278.06,2,28.50,9.89
380,168,193.87,278.06,3,34.74,23.46
380,168,193.87,278.06,4,3.34,30.83
380,169,257.93,91.32,0,8.60,11.50
380,169,257.93,91.32,1,38.39,1.54
380,169,257.93,91.32,2,28.50,9.89
380,169,257.93,91.32,3,34.74,23.46
380,169,257.93,91.32,4,3.34,30.83
380,170,341.85,237.10,0,8.60,11.50
380,170,341.85,237.10,1,38.39,1.54
380,170,341.85,237.10,2,28.50,9.89
380,170,341.85,237.10,3,34.74,23.46
380,170,341.85,237.10,4,3.34,30.83
380,172,367.30,216.48,0,8.60,11.50
380,172,367.30,216.48,1,38.39,1.54
380,172,367.30,216.48,2,28.50,9.89
380,172,367.30,216.48,3,34.74,23.46
380,172,367.30,216.48,4,3.34,30.83
380,173,378.07,198.04,0,8.60,11.50
380,173,378.07,198.04,1,38.39,1.54
380,173,378.07,198.04,2,28.50,9.89
380,173,378.07,198.04,3,34.74,23.46
380,173,378.07,198.04,4,3.34,30.83
380,174,156.58,217.41,0,8.60,11.50
380,174,156.58,217.41,1,38.39,1.54
380,174,156.58,217.41,2,28.50,9.89
380,174,156.58,217.41,3,34.74,23.46
380,174,156.58,217.41,4,3.34,30.83
380,176,67.82,158.98,0,8.60,11.50
380,176,67.82,158.98,1,38.39,1.54
380,176,67.82,158.98,2,28.50,9.89
380,176,67.82,158.98,3,34.74,23.46
380,176,67.82,158.98,4,3.34,30.83
380,177,204.40,275.75,0,8.60,11.50
380,177,204.40,275.75,1,38.39,1.54
380,177,204.40,275.75,2,28.50,9.89
380,177,204.40,275.75,3,34.74,23.46
380,177,204.40,275.75,4,3.34,30.83
380,178,266.57,92.13,0,8.60,11.50
380,178,266.57,92.13,1,38.39,1.54
380,178,266.57,92.13,2,28.50,9.89
380,178,266.57,92.13,3,34.74,23.46
380,178,266.57,92.13,4,3.34,30.83
380,180,241.26,133.00,0,8.60,11.50
380,180,241.26,133.00,1,38.39,1.54
380,180,241.26,133.00,2,28.50,9.89
380,180,241.26,133.00,3,34.74,23.46
380,180,241.26,133.00,4,3.34,30.83
380,181,49.28,125.60,0,8.60,11.50
380,181,49.28,125.60,1,38.39,1.54
380,181,49.28,125.60,2,28.50,9.89
380,181,49.28,125.60,3,34.74,23.46
380,181,49.28,125.60,4,3.34,30.83
380,183,91.50,114.30,0,8.60,11.50
380,183,91.50,114.30,1,38.39,1.54
380,183,91.50,114.30,2,28.50,9.89
380,183,91.50,114.30,3,34.74,23.46
380,183,91.50,114.30,4,3.34,30.83
380,184,87.56,98.35,0,8.60,11.50
380,184,87.56,98.35,1,38.39,1.54
380,184,87.56,98.35,2,28.50,9.89
380,184,87.56,98.35,3,34.74,23.46
380,184,87.56,98.35,4,3.34,30.83
380,185,50.04,306.37,0,8.60,11.50
380,185,50.04,306.37,1,38.39,1.54
380,185,50.04,306.37,2,28.50,9.89
380,185,50.04,306.37,3,34.74,23.46
380,185,50.04,306.37,4,3.34,30.83
380,186,275.43,106.60,0,8.60,11.50
380,186,275.43,106.60,1,38.39,1.54
380,186,275.43,106.60,2,28.50,9.89
380,186,275.43,106.60,3,34.74,23.46
380,186,275.43,106.60,4,3.34,30.83
380,187,91.55,313.76,0,8.60,11.50
380,187,91.55,313.76,1,38.39,1.54
380,187,91.55,313.76,2,28.50,9.89
380,187,91.55,313.76,3,34.74,23.46
380,187,91.55,313.76,4,3.34,30.83
380,188,280.80,105.84,0,8.60,11.50
380,188,280.80,105.84,1,38.39,1.54
380,188,280.80,105.84,2,28.50,9.89
380,188,280.80,105.84,3,34.74,23.46
380,188,280.80,105.84,4,3.34,30.83
380,190,70.53,89.80,0,8.60,11.50
380,190,70.53,89.80,1,38.39,1.54
380,190,70.53,89.80,2,28.50,9.89
380,190,70.53,89.80,3,34.74,23.46
380,190,70.53,89.80,4,3.34,30.83
380,193,304.85,105.24,0,8.60,11.50
380,193,304.85,105.24,1,38.39,1.54
380,193,304.85,105.24,2,28.50,9.89
380,193,304.85,105.24,3,34.74,23.46
380,193,304.85,105.24,4,3.34,30.83
380,194,82.34,115.26,0,8.60,11.50
380,194,82.34,115.26,1,38.39,1.54
380,194,82.34,115.26,2,28.50,9.89
380,194,82.34,115.26,3,34.74,23.46
380,194,82.34,115.26,4,3.34,30.83
380,195,66.51,336.16,0,8.60,11.50
380,195,66.51,336.16,1,38.39,1.54
380,195,66.51,336.16,2,28.50,9.89
380,195,66.51,336.16,3,34.74,23.46
380,195,66.51,336.16,4,3.34,30.83
380,198,358.69,215.79,0,8.60,11.50
380,198,358.69,215.79,1,38.39,1.54
380,198,358.69,215.79,2,28.50,9.89
380,198,358.69,215.79,3,34.74,23.46
380,198,358.69,215.79,4,3.34,30.83
380,199,65.48,134.85,0,8.60,11.50
380,199,65.48,134.85,1,38.39,1.54
380,199,65.48,134.85,2,28.50,9.89
380,199,65.48,134.85,3,34.74,23.46
380,199,65.48,134.85,4,3.34,30.83
380,200,63.89,98.96,0,8.60,11.50
380,200,63.89,98.96,1,38.39,1.54
380,200,63.89,98.96,2,28.50,9.89
380,200,63.89,98.96,3,34.74,23.46
380,200,63.89,98.96,4,3.34,30.83
380,201,364.14,212.90,0,8.60,11.50
380,201,364.14,212.90,1,38.39,1.54
380,201,364.14,212.90,2,28.50,9.89
380,201,364.14,212.90,3,34.74,23.46
380,201,364.14,212.90,4,3.34,30.83
380,203,358.47,221.93,0,8.60,11.50
380,203,358.47,221.93,1,38.39,1.54
380,203,358.47,221.93,2,28.50,9.89
380,203,358.47,221.93,3,34.74,23.46
380,203,358.47,221.93,4,3.34,30.83
380,206,276.23,103.45,0,8.60,11.50
380,206,276.23,103.45,1,38.39,1.54
380,206,276.23,103.45,2,28.50,9.89
380,206,276.23,103.45,3,34.74,23.46
380,206,276.23,103.45,4,3.34,30.83
380,207,21.92,302.75,0,8.60,11.50
380,207,21.92,302.75,1,38.39,1.54
380,207,21.92,302.75,2,28.50,9.89
380,207,21.92,302.75,3,34.74,23.46
380,207,21.92,302.75,4,3.34,30.83
380,208,33.10,314.50,0,8.60,11.50
380,208,33.10,314.50,1,38.39,1.54
380,208,33.10,314.50,2,28.50,9.89
380,208,33.10,314.50,3,34.74,23.46
380,208,33.10,314.50,4,3.34,30.83
380,211,90.02,357.91,0,8.60,11.50
380,211,90.02,357.91,1,38.39,1.54
380,211,90.02,357.91,2,28.50,9.89
380,211,90.02,357.91,3,34.74,23.46
380,211,90.02,357.91,4,3.34,30.83
380,212,366.21,244.30,0,8.60,11.50
380,212,366.21,244.30,1,38.39,1.54
380,212,366.21,244.30,2,28.50,9.89
380,212,366.21,244.30,3,34.74,23.46
380,212,366.21,244.30,4,3.34,30.83
380,213,361.14,234.01,0,8.60,11.50
380,213,361.14,234.01,1,38.39,1.54
380,213,361.14,234.01,2,28.50,9.89
380,213,361.14,234.01,3,34.74,23.46
380,213,361.14,234.01,4,3.34,30.83
380,214,273.28,88.52,0,8.60,11.50
380,214,273.28,88.52,1,38.39,1.54
380,214,273.28,88.52,2,28.50,9.89
380,214,273.28,88.52,3,34.74,23.46
380,214,273.28,88.52,4,3.34,30.83
380,215,246.70,391.44,0,8.60,11.50
380,215,246.70,391.44,1,38.39,1.54
380,215,246.70,391.44,2,28.50,9.89
380,215,246.70,391.44,3,34.74,23.46
380,215,246.70,391.44,4,3.34,30.83
380,216,244.84,394.83,0,8.60,11.50
380,216,244.84,394.83,1,38.39,1.54
380,216,244.84,394.83,2,28.50,9.89
380,216,244.84,394.83,3,34.74,23.46
380,216,244.84,394.83,4,3.34,30.83
380,217,387.51,14.11,0,8.60,11.50
380,217,387.51,14.11,1,38.39,1.54
380,217,387.51,14.11,2,28.50,9.89
380,217,387.51,14.11,3,34.74,23.46
380,217,387.51,14.11,4,3.34,30.83
380,218,274.46,385.46,0,8.60,11.50
380,218,274.46,385.46,1,38.39,1.54
380,218,274.46,385.46,2,28.50,9.89
380,218,274.46,385.46,3,34.74,23.46
380,218,274.46,385.46,4,3.34,30.83
380,219,60.34,106.93,0,8.60,11.50
380,219,60.34,106.93,1,38.39,1.54
380,219,60.34,106.93,2,28.50,9.89
380,219,60.34,106.93,3,34.74,23.46
380,219,60.34,106.93,4,3.34,30.83
380,221,348.47,232.33,0,8.60,11.50
380,221,348.47,232.33,1,38.39,1.54
380,221,348.47,232.33,2,28.50,9.89
380,221,348.47,232.33,3,34.74,23.46
380,221,348.47,232.33,4,3.34,30.83
380,223,353.58,221.58,0,8.60,11.50
380,223,353.58,221.58,1,38.39,1.54
380,223,353.58,221.58,2,28.50,9.89
380,223,353.58,221.58,3,34.74,23.46
380,223,353.58,221.58,4,3.34,30.83
380,226,296.28,138.12,0,8.60,11.50
380,226,296.28,138.12,1,38.39,1.54
380,226,296.28,138.12,2,28.50,9.89
380,226,296.28,138.12,3,34.74,23.46
380,226,296.28,138.12,4,3.34,30.83
380,227,58.48,315.01,0,8.60,11.50
380,227,58.48,315.01,1,38.39,1.54
380,227,58.48,315.01,2,28.50,9.89
380,227,58.48,315.01,3,34.74,23.46
380,227,58.48,315.01,4,3.34,30.83
380,228,274.34,83.22,0,8.60,11.50
380,228,274.34,83.22,1,38.39,1.54
380,228,274.34,83.22,2,28.50,9.89
380,228,274.34,83.22,3,34.74,23.46
380,228,274.34,83.22,4,3.34,30.83
380,229,143.84,111.31,0,8.60,11.50
380,229,143.84,111.31,1,38.39,1.54
380,229,143.84,111.31,2,28.50,9.89
380,229,143.84,111.31,3,34.74,23.46
380,229,143.84,111.31,4,3.34,30.83
380,230,137.82,69.80,0,8.60,11.50
380,230,137.82,69.80,1,38.39,1.54
380,230,137.82,69.80,2,28.50,9.89
380,230,137.82,69.80,3,34.74,23.46
380,230,137.82,69.80,4,3.34,30.83
380,231,301.04,308.72,0,8.60,11.50
380,231,301.04,308.72,1,38.39,1.54
380,231,301.04,308.72,2,28.50,9.89
380,231,301.04,308.72,3,34.74,23.46
380,231,301.04,308.72,4,3.34,30.83
380,232,378.29,31.09,0,8.60,11.50
380,232,378.29,31.09,1,38.39,1.54
380,232,378.29,31.09,2,28.50,9.89
380,232,378.29,31.09,3,34.74,23.46
380,232,378.29,31.09,4,3.34,30.83
380,233,363.51,228.71,0,8.60,11.50
380,233,363.51,228.71,1,38.39,1.54
380,233,363.51,228.71,2,28.50,9.89
380,233,363.51,228.71,3,34.74,23.46
380,233,363.51,228.71,4,3.34,30.83
380,237,163.05,141.85,0,8.60,11.50
380,237,163.05,141.85,1,38.39,1.54
380,237,163.05,141.85,2,28.50,9.89
380,237,163.05,141.85,3,34.74,23.46
380,237,163.05,141.85,4,3.34,30.83
380,238,22.41,307.46,0,8.60,11.50
380,238,22.41,307.46,1,38.39,1.54
380,238,22.41,307.46,2,28.50,9.89
380,238,22.41,307.46,3,34.74,23.46
380,238,22.41,307.46,4,3.34,30.83
380,239,233.99,116.43,0,8.60,11.50
380,239,233.99,116.43,1,38.39,1.54
380,239,233.99,116.43,2,28.50,9.89
380,239,233.99,116.43,3,34.74,23.46
380,239,233.99,116.43,4,3.34,30.83
380,240,107.03,253.45,0,8.60,11.50
380,240,107.03,253.45,1,38.39,1.54
380,240,107.03,253.45,2,28.50,9.89
380,240,107.03,253.45,3,34.74,23.46
380,240,107.03,253.45,4,3.34,30.83
380,241,375.03,215.01,0,8.60,11.50
380,241,375.03,215.01,1,38.39,1.54
380,241,375.03,215.01,2,28.50,9.89
380,241,375.03,215.01,3,34.74,23.46
380,241,375.03,215.01,4,3.34,30.83
380,242,215.87,223.22,0,8.60,11.50
380,242,215.87,223.22,1,38.39,1.54
380,242,215.87,223.22,2,28.50,9.89
380,242,215.87,223.22,3,34.74,23.46
380,242,215.87,223.22,4,3.34,30.83
380,243,32.60,307.00,0,8.60,11.50
380,243,32.60,307.00,1,38.39,1.54
380,243,32.60,307.00,2,28.50,9.89
380,243,32.60,307.00,3,34.74,23.46
380,243,32.60,307.00,4,3.34,30.83
380,244,150.58,324.35,0,8.60,11.50
380,244,150.58,324.35,1,38.39,1.54
380,244,150.58,324.35,2,28.50,9.89
380,244,150.58,324.35,3,34.74,23.46
380,244,150.58,324.35,4,3.34,30.83
380,245,247.78,125.89,0,8.60,11.50
380,245,247.78,125.89,1,38.39,1.54
380,245,247.78,125.89,2,28.50,9.89
380,245,247.78,125.89,3,34.74,23.46
380,245,247.78,125.89,4,3.34,30.83
380,248,374.54,269.75,0,8.60,11.50
380,248,374.54,269.75,1,38.39,1.54
380,248,374.54,269.75,2,28.50,9.89
380,248,374.54,269.75,3,34.74,23.46
380,248,374.54,269.75,4,3.34,30.83
380,249,383.23,394.01,0,8.60,11.50
380,249,383.23,394.01,1,38.39,1.54
380,249,383.23,394.01,2,28.50,9.89
380,249,383.23,394.01,3,34.74,23.46
380,249,383.23,394.01,4,3.34,30.83
380,250,255.61,288.96,0,8.60,11.50
380,250,255.61,288.96,1,38.39,1.54
380,250,255.61,288.96,2,28.50,9.89
380,250,255.61,288.96,3,34.74,23.46
380,250,255.61,288.96,4,3.34,30.83
380,251,48.20,311.58,0,8.60,11.50
380,251,48.20,311.58,1,38.39,1.54
380,251,48.20,311.58,2,28.50,9.89
380,251,48.20,311.58,3,34.74,23.46
380,251,48.20,311.58,4,3.34,30.83
380,252,57.05,99.34,0,8.60,11.50
380,252,57.05,99.34,1,38.39,1.54
380,252,57.05,99.34,2,28.50,9.89
380,252,57.05,99.34,3,34.74,23.46
380,252,57.05,99.34,4,3.34,30.83
380,253,343.94,205.59,0,8.60,11.50
380,253,343.94,205.59,1,38.39,1.54
380,253,343.94,205.59,2,28.50,9.89
380,253,343.94,205.59,3,34.74,23.46
380,253,343.94,205.59,4,3.34,30.83
380,254,366.74,191.08,0,8.60,11.50
380,254,366.74,191.08,1,38.39,1.54
380,254,366.74,191.08,2,28.50,9.89
380,254,366.74,191.08,3,34.74,23.46
380,254,366.74,191.08,4,3.34,30.83
380,257,351.54,220.33,0,8.60,11.50
380,257,351.54,220.33,1,38.39,1.54
380,257,351.54,220.33,2,28.50,9.89
380,257,351.54,220.33,3,34.74,23.46
380,257,351.54,220.33,4,3.34,30.83
380,258,384.29,28.80,0,8.60,11.50
380,258,384.29,28.80,1,38.39,1.54
380,258,384.29,28.80,2,28.50,9.89
380,258,384.29,28.80,3,34.74,23.46
380,258,384.29,28.80,4,3.34,30.83
380,259,95.24,108.36,0,8.60,11.50
380,259,95.24,108.36,1,38.39,1.54
380,259,95.24,108.36,2,28.50,9.89
380,259,95.24,108.36,3,34.74,23.46
380,259,95.24,108.36,4,3.34,30.83
380,260,326.27,363.18,0,8.60,11.50
380,260,326.27,363.18,1,38.39,1.54
380,260,326.27,363.18,2,28.50,9.89
380,260,326.27,363.18,3,34.74,23.46
380,260,326.27,363.18,4,3.34,30.83
380,261,41.37,319.48,0,8.60,11.50
380,261,41.37,319.48,1,38.39,1.54
380,261,41.37,319.48,2,28.50,9.89
380,261,41.37,319.48,3,34.74,23.46
380,261,41.37,319.48,4,3.34,30.83
380,262,150.41,100.50,0,8.60,11.50
380,262,150.41,100.50,1,38.39,1.54
380,262,150.41,100.50,2,28.50,9.89
380,262,150.41,100.50,3,34.74,23.46
380,262,150.41,100.50,4,3.34,30.83
380,263,146.04,89.68,0,8.60,11.50
380,263,146.04,89.68,1,38.39,1.54
380,263,146.04,89.68,2,28.50,9.89
380,263,146.04,89.68,3,34.74,23.46
380,263,146.04,89.68,4,3.34,30.83
380,264,70.83,123.03,0,8.60,11.50
380,264,70.83,123.03,1,38.39,1.54
380,264,70.83,123.03,2,28.50,9.89
380,264,70.83,123.03,3,34.74,23.46
380,264,70.83,123.03,4,3.34,30.83
380,265,226.31,335.54,0,8.60,11.50
380,265,226.31,335.54,1,38.39,1.54
380,265,226.31,335.54,2,28.50,9.89
380,265,226.31,335.54,3,34.74,23.46
380,265,226.31,335.54,4,3.34,30.83
380,266,70.33,306.43,0,8.60,11.50
380,266,70.33,306.43,1,38.39,1.54
380,266,70.33,306.43,2,28.50,9.89
380,266,70.33,306.43,3,34.74,23.46
380,266,70.33,306.43,4,3.34,30.83
380,267,227.16,78.26,0,8.60,11.50
380,267,227.16,78.26,1,38.39,1.54
380,267,227.16,78.26,2,28.50,9.89
380,267,227.16,78.26,3,34.74,23.46
380,267,227.16,78.26,4,3.34,30.83
380,268,261.71,102.67,0,8.60,11.50
380,268,261.71,102.67,1,38.39,1.54
380,268,261.71,102.67,2,28.50,9.89
380,268,261.71,102.67,3,34.74,23.46
380,268,261.71,102.67,4,3.34,30.83
380,269,56.72,132.84,0,8.60,11.50
380,269,56.72,132.84,1,38.39,1.54
380,269,56.72,132.84,2,28.50,9.89
380,269,56.72,132.84,3,34.74,23.46
380,269,56.72,132.84,4,3.34,30.83
380,271,88.50,110.50,0,8.60,11.50
380,271,88.50,110.50,1,38.39,1.54
380,271,88.50,110.50,2,28.50,9.89
380,271,88.50,110.50,3,34.74,23.46
380,271,88.50,110.50,4,3.34,30.83
380,273,27.78,299.52,0,8.60,11.50
380,273,27.78,299.52,1,38.39,1.54
380,273,27.78,299.52,2,28.50,9.89
380,273,27.78,299.52,3,34.74,23.46
380,273,27.78,299.52,4,3.34,30.83
380,274,97.72,54.20,0,8.60,11.50
380,274,97.72,54.20,1,38.39,1.54
380,274,97.72,54.20,2,28.50,9.89
380,274,97.72,54.20,3,34.74,23.46
380,274,97.72,54.20,4,3.34,30.83
380,275,341.31,228.41,0,8.60,11.50
380,275,341.31,228.41,1,38.39,1.54
380,275,341.31,228.41,2,28.50,9.89
380,275,341.31,228.41,3,34.74,23.46
380,275,341.31,228.41,4,3.34,30.83
380,277,316.98,200.75,0,8.60,11.50
380,277,316.98,200.75,1,38.39,1.54
380,277,316.98,200.75,2,28.50,9.89
380,277,316.98,200.75,3,34.74,23.46
380,277,316.98,200.75,4,3.34,30.83
380,278,60.19,342.35,0,8.60,11.50
380,278,60.19,342.35,1,38.39,1.54
380,278,60.19,342.35,2,28.50,9.89
380,278,60.19,342.35,3,34.74,23.46
380,278,60.19,342.35,4,3.34,30.83
380,279,211.82,393.51,0,8.60,11.50
380,279,211.82,393.51,1,38.39,1.54
380,279,211.82,393.51,2,28.50,9.89
380,279,211.82,393.51,3,34.74,23.46
380,279,211.82,393.51,4,3.34,30.83
380,281,262.70,76.19,0,8.60,11.50
380,281,262.70,76.19,1,38.39,1.54
380,281,262.70,76.19,2,28.50,9.89
380,281,262.70,76.19,3,34.74,23.46
380,281,262.70,76.19,4,3.34,30.83
380,282,366.87,212.53,0,8.60,11.50
380,282,366.87,212.53,1,38.39,1.54
380,282,366.87,212.53,2,28.50,9.89
380,282,366.87,212.53,3,34.74,23.46
380,282,366.87,212.53,4,3.34,30.83
380,283,346.50,196.90,0,8.60,11.50
380,283,346.50,196.90,1,38.39,1.54
380,283,346.50,196.90,2,28.50,9.89
380,283,346.50,196.90,3,34.74,23.46
380,283,346.50,196.90,4,3.34,30.83
380,284,278.50,95.50,0,8.60,11.50
380,284,278.50,95.50,1,38.39,1.54
380,284,278.50,95.50,2,28.50,9.89
380,284,278.50,95.50,3,34.74,23.46
380,284,278.50,95.50,4,3.34,30.83
380,285,220.59,353.68,0,8.60,11.50
380,285,220.59,353.68,1,38.39,1.54
380,285,220.59,353.68,2,28.50,9.89
380,285,220.59,353.68,3,34.74,23.46
380,285,220.59,353.68,4,3.34,30.83
380,286,258.18,344.64,0,8.60,11.50
380,286,258.18,344.64,1,38.39,1.54
380,286,258.18,344.64,2,28.50,9.89
380,286,258.18,344.64,3,34.74,23.46
380,286,258.18,344.64,4,3.34,30.83
380,288,95.58,44.72,0,8.60,11.50
380,288,95.58,44.72,1,38.39,1.54
380,288,95.58,44.72,2,28.50,9.89
380,288,95.58,44.72,3,34.74,23.46
380,288,95.58,44.72,4,3.34,30.83
380,290,341.45,244.36,0,8.60,11.50
380,290,341.45,244.36,1,38.39,1.54
380,290,341.45,244.36,2,28.50,9.89
380,290,341.45,244.36,3,34.74,23.46
380,290,341.45,244.36,4,3.34,30.83
380,291,72.44,83.76,0,8.60,11.50
380,291,72.44,83.76,1,38.39,1.54
380,291,72.44,83.76,2,28.50,9.89
380,291,72.44,83.76,3,34.74,23.46
380,291,72.44,83.76,4,3.34,30.83
380,292,292.72,289.07,0,8.60,11.50
380,292,292.72,289.07,1,38.39,1.54
380,292,292.72,289.07,2,28.50,9.89
380,292,292.72,289.07,3,34.74,23.46
380,292,292.72,289.07,4,3.34,30.83
380,293,272.69,101.72,0,8.60,11.50
380,293,272.69,101.72,1,38.39,1.54
380,293,272.69,101.72,2,28.50,9.89
380,293,272.69,101.72,3,34.74,23.46
380,293,272.69,101.72,4,3.34,30.83
380,294,61.65,326.15,0,8.60,11.50
380,294,61.65,326.15,1,38.39,1.54
380,294,61.65,326.15,2,28.50,9.89
380,294,61.65,326.15,3,34.74,23.46
380,294,61.65,326.15,4,3.34,30.83
380,297,369.81,194.18,0,8.60,11.50
380,297,369.81,194.18,1,38.39,1.54
380,297,369.81,194.18,2,28.50,9.89
380,297,369.81,194.18,3,34.74,23.46
380,297,369.81,194.18,4,3.34,30.83
380,298,387.00,25.88,0,8.60,11.50
380,298,387.00,25.88,1,38.39,1.54
380,298,387.00,25.88,2,28.50,9.89
380,298,387.00,25.88,3,34.74,23.46
380,298,387.00,25.88,4,3.34,30.83
380,300,213.16,339.79,0,8.60,11.50
380,300,213.16,339.79,1,38.39,1.54
380,300,213.16,339.79,2,28.50,9.89
380,300,213.16,339.79,3,34.74,23.46
380,300,213.16,339.79,4,3.34,30.83
390,2,82.26,102.21,0,8.37,11.82
390,2,82.26,102.21,1,37.65,1.30
390,2,82.26,102.21,2,28.50,9.89
390,2,82.26,102.21,3,34.74,23.46
390,2,82.26,102.21,4,3.34,30.83
390,3,179.02,282.53,0,8.37,11.82
390,3,179.02,282.53,1,37.65,1.30
390,3,179.02,282.53,2,28.50,9.89
390,3,179.02,282.53,3,34.74,23.46
390,3,179.02,282.53,4,3.34,30.83
390,6,47.54,304.11,0,8.37,11.82
390,6,47.54,304.11,1,37.65,1.30
390,6,47.54,304.11,2,28.50,9.89
390,6,47.54,304.11,3,34.74,23.46
390,6,47.54,304.11,4,3.34,30.83
390,8,89.73,363.12,0,8.37,11.82
390,8,89.73,363.12,1,37.65,1.30
390,8,89.73,363.12,2,28.50,9.89
390,8,89.73,363.12,3,34.74,23.46
390,8,89.73,363.12,4,3.34,30.83
390,9,319.88,212.25,0,8.37,11.82
390,9,319.88,212.25,1,37.65,1.30
390,9,319.88,212.25,2,28.50,9.89
390,9,319.88,212.25,3,34.74,23.46
390,9,319.88,212.25,4,3.34,30.83
390,11,153.83,112.19,0,8.37,11.82
390,11,153.83,112.19,1,37.65,1.30
390,11,153.83,112.19,2,28.50,9.89
390,11,153.83,112.19,3,34.74,23.46
390,11,153.83,112.19,4,3.34,30.83
390,13,126.63,100.55,0,8.37,11.82
390,13,126.63,100.55,1,37.65,1.30
390,13,126.63,100.55,2,28.50,9.89
390,13,126.63,100.55,3,34.74,23.46
390,13,126.63,100.55,4,3.34,30.83
390,14,22.14,323.85,0,8.37,11.82
390,14,22.14,323.85,1,37.65,1.30
390,14,22.14,323.85,2,28.50,9.89
390,14,22.14,323.85,3,34.74,23.46
390,14,22.14,323.85,4,3.34,30.83
390,15,26.43,311.14,0,8.37,11.82
390,15,26.43,311.14,1,37.65,1.30
390,15,26.43,311.14,2,28.50,9.89
390,15,26.43,311.14,3,34.74,23.46
390,15,26.43,311.14,4,3.34,30.83
390,16,352.44,243.49,0,8.37,11.82
390,16,352.44,243.49,1,37.65,1.30
390,16,352.44,243.49,2,28.50,9.89
390,16,352.44,243.49,3,34.74,23.46
390,16,352.44,243.49,4,3.34,30.83
390,18,137.26,332.62,0,8.37,11.82
390,18,137.26,332.62,1,37.65,1.30
390,18,137.26,332.62,2,28.50,9.89
390,18,137.26,332.62,3,34.74,23.46
390,18,137.26,332.62,4,3.34,30.83
390,20,209.85,392.84,0,8.37,11.82
390,20,209.85,392.84,1,37.65,1.30
390,20,209.85,392.84,2,28.50,9.89
390,20,209.85,392.84,3,34.74,23.46
390,20,209.85,392.84,4,3.34,30.83
390,21,377.28,185.24,0,8.37,11.82
390,21,377.28,185.24,1,37.65,1.30
390,21,377.28,185.24,2,28.50,9.89
390,21,377.28,185.24,3,34.74,23.46
390,21,377.28,185.24,4,3.34,30.83
390,22,291.97,375.80,0,8.37,11.82
390,22,291.97,375.80,1,37.65,1.30
390,22,291.97,375.80,2,28.50,9.89
390,22,291.97,375.80,3,34.74,23.46
390,22,291.97,375.80,4,3.34,30.83
390,24,118.85,97.21,0,8.37,11.82
390,24,118.85,97.21,1,37.65,1.30
390,24,118.85,97.21,2,28.50,9.89
390,24,118.85,97.21,3,34.74,23.46
390,24,118.85,97.21,4,3.34,30.83
390,26,289.42,75.50,0,8.37,11.82
390,26,289.42,75.50,1,37.65,1.30
390,26,289.42,75.50,2,28.50,9.89
390,26,289.42,75.50,3,34.74,23.46
390,26,289.42,75.50,4,3.34,30.83
390,28,379.55,314.89,0,8.37,11.82
390,28,379.55,314.89,1,37.65,1.30
390,28,379.55,314.89,2,28.50,9.89
390,28,379.55,314.89,3,34.74,23.46
390,28,379.55,314.89,4,3.34,30.83
390,29,101.14,289.65,0,8.37,11.82
390,29,101.14,289.65,1,37.65,1.30
390,29,101.14,289.65,2,28.50,9.89
390,29,101.14,289.65,3,34.74,23.46
390,29,101.14,289.65,4,3.34,30.83
390,31,254.96,75.83,0,8.37,11.82
390,31,254.96,75.83,1,37.65,1.30
390,31,254.96,75.83,2,28.50,9.89
390,31,254.96,75.83,3,34.74,23.46
390,31,254.96,75.83,4,3.34,30.83
390,34,259.50,104.00,0,8.37,11.82
390,34,259.50,104.00,1,37.65,1.30
390,34,259.50,104.00,2,28.50,9.89
390,34,259.50,104.00,3,34.74,23.46
390,34,259.50,104.00,4,3.34,30.83
390,35,346.29,224.63,0,8.37,11.82
390,35,346.29,224.63,1,37.65,1.30
390,35,346.29,224.63,2,28.50,9.89
390,35,346.29,224.63,3,34.74,23.46
390,35,346.29,224.63,4,3.34,30.83
390,36,44.89,317.83,0,8.37,11.82
390,36,44.89,317.83,1,37.65,1.30
390,36,44.89,317.83,2,28.50,9.89
390,36,44.89,317.83,3,34.74,23.46
390,36,44.89,317.83,4,3.34,30.83
390,37,349.50,236.50,0,8.37,11.82
390,37,349.50,236.50,1,37.65,1.30
390,37,349.50,236.50,2,28.50,9.89
390,37,349.50,236.50,3,34.74,23.46
390,37,349.50,236.50,4,3.34,30.83
390,38,90.01,255.83,0,8.37,11.82
390,38,90.01,255.83,1,37.65,1.30
390,38,90.01,255.83,2,28.50,9.89
390,38,90.01,255.83,3,34.74,23.46
390,38,90.01,255.83,4,3.34,30.83
390,39,92.45,156.28,0,8.37,11.82
390,39,92.45,156.28,1,37.65,1.30
390,39,92.45,156.28,2,28.50,9.89
390,39,92.45,156.28,3,34.74,23.46
390,39,92.45,156.28,4,3.34,30.83
390,40,291.44,100.67,0,8.37,11.82
390,40,291.44,100.67,1,37.65,1.30
390,40,291.44,100.67,2,28.50,9.89
390,40,291.44,100.67,3,34.74,23.46
390,40,291.44,100.67,4,3.34,30.83
390,41,285.78,281.16,0,8.37,11.82
390,41,285.78,281.16,1,37.65,1.30
390,41,285.78,281.16,2,28.50,9.89
390,41,285.78,281.16,3,34.74,23.46
390,41,285.78,281.16,4,3.34,30.83
390,49,263.59,105.24,0,8.37,11.82
390,49,263.59,105.24,1,37.65,1.30
390,49,263.59,105.24,2,28.50,9.89
390,49,263.59,105.24,3,34.74,23.46
390,49,263.59,105.24,4,3.34,30.83
390,50,337.47,272.37,0,8.37,11.82
390,50,337.47,272.37,1,37.65,1.30
390,50,337.47,272.37,2,28.50,9.89
390,50,337.47,272.37,3,34.74,23.46
390,50,337.47,272.37,4,3.34,30.83
390,53,326.84,225.63,0,8.37,11.82
390,53,326.84,225.63,1,37.65,1.30
390,53,326.84,225.63,2,28.50,9.89
390,53,326.84,225.63,3,34.74,23.46
390,53,326.84,225.63,4,3.34,30.83
390,54,374.36,23.47,0,8.37,11.82
390,54,374.36,23.47,1,37.65,1.30
390,54,374.36,23.47,2,28.50,9.89
390,54,374.36,23.47,3,34.74,23.46
390,54,374.36,23.47,4,3.34,30.83
390,55,333.23,234.02,0,8.37,11.82
390,55,333.23,234.02,1,37.65,1.30
390,55,333.23,234.02,2,28.50,9.89
390,55,333.23,234.02,3,34.74,23.46
390,55,333.23,234.02,4,3.34,30.83
390,56,352.90,203.57,0,8.37,11.82
390,56,352.90,203.57,1,37.65,1.30
390,56,352.90,203.57,2,28.50,9.89
390,56,352.90,203.57,3,34.74,23.46
390,56,352.90,203.57,4,3.34,30.83
390,57,85.33,131.84,0,8.37,11.82
390,57,85.33,131.84,1,37.65,1.30
390,57,85.33,131.84,2,28.50,9.89
390,57,85.33,131.84,3,34.74,23.46
390,57,85.33,131.84,4,3.34,30.83
390,60,137.80,296.19,0,8.37,11.82
390,60,137.80,296.19,1,37.65,1.30
390,60,137.80,296.19,2,28.50,9.89
390,60,137.80,296.19,3,34.74,23.46
390,60,137.80,296.19,4,3.34,30.83
390,61,79.36,123.24,0,8.37,11.82
390,61,79.36,123.24,1,37.65,1.30
390,61,79.36,123.24,2,28.50,9.89
390,61,79.36,123.24,3,34.74,23.46
390,61,79.36,123.24,4,3.34,30.83
390,62,33.36,325.93,0,8.37,11.82
390,62,33.36,325.93,1,37.65,1.30
390,62,33.36,325.93,2,28.50,9.89
390,62,33.36,325.93,3,34.74,23.46
390,62,33.36,325.93,4,3.34,30.83
390,63,93.67,125.50,0,8.37,11.82
390,63,93.67,125.50,1,37.65,1.30
390,63,93.67,125.50,2,28.50,9.89
390,63,93.67,125.50,3,34.74,23.46
390,63,93.67,125.50,4,3.34,30.83
390,66,52.26,335.23,0,8.37,11.82
390,66,52.26,335.23,1,37.65,1.30
390,66,52.26,335.23,2,28.50,9.89
390,66,52.26,335.23,3,34.74,23.46
390,66,52.26,335.23,4,3.34,30.83
390,67,65.27,174.92,0,8.37,11.82
390,67,65.27,174.92,1,37.65,1.30
390,67,65.27,174.92,2,28.50,9.89
390,67,65.27,174.92,3,34.74,23.46
390,67,65.27,174.92,4,3.34,30.83
390,68,210.13,343.04,0,8.37,11.82
390,68,210.13,343.04,1,37.65,1.30
390,68,210.13,343.04,2,28.50,9.89
390,68,210.13,343.04,3,34.74,23.46
390,68,210.13,343.04,4,3.34,30.83
390,69,384.28,307.60,0,8.37,11.82
390,69,384.28,307.60,1,37.65,1.30
390,69,384.28,307.60,2,28.50,9.89
390,69,384.28,307.60,3,34.74,23.46
390,69,384.28,307.60,4,3.34,30.83
390,71,35.22,319.98,0,8.37,11.82
390,71,35.22,319.98,1,37.65,1.30
390,71,35.22,319.98,2,28.50,9.89
390,71,35.22,319.98,3,34.74,23.46
390,71,35.22,319.98,4,3.34,30.83
390,72,26.02,328.58,0,8.37,11.82
390,72,26.02,328.58,1,37.65,1.30
390,72,26.02,328.58,2,28.50,9.89
390,72,26.02,328.58,3,34.74,23.46
390,72,26.02,328.58,4,3.34,30.83
390,73,375.78,208.65,0,8.37,11.82
390,73,375.78,208.65,1,37.65,1.30
390,73,375.78,208.65,2,28.50,9.89
390,73,375.78,208.65,3,34.74,23.46
390,73,375.78,208.65,4,3.34,30.83
390,74,276.04,95.08,0,8.37,11.82
390,74,276.04,95.08,1,37.65,1.30
390,74,276.04,95.08,2,28.50,9.89
390,74,276.04,95.08,3,34.74,23.46
390,74,276.04,95.08,4,3.34,30.83
390,75,247.92,97.48,0,8.37,11.82
390,75,247.92,97.48,1,37.65,1.30
390,75,247.92,97.48,2,28.50,9.89
390,75,247.92,97.48,3,34.74,23.46
390,75,247.92,97.48,4,3.34,30.83
390,76,364.12,194.46,0,8.37,11.82
390,76,364.12,194.46,1,37.65,1.30
390,76,364.12,194.46,2,28.50,9.89
390,76,364.12,194.46,3,34.74,23.46
390,76,364.12,194.46,4,3.34,30.83
390,77,86.39,124.78,0,8.37,11.82
390,77,86.39,124.78,1,37.65,1.30
390,77,86.39,124.78,2,28.50,9.89
390,77,86.39,124.78,3,34.74,23.46
390,77,86.39,124.78,4,3.34,30.83
390,78,188.76,374.34,0,8.37,11.82
390,78,188.76,374.34,1,37.65,1.30
390,78,188.76,374.34,2,28.50,9.89
390,78,188.76,374.34,3,34.74,23.46
390,78,188.76,374.34,4,3.34,30.83
390,81,265.96,351.36,0,8.37,11.82
390,81,265.96,351.36,1,37.65,1.30
390,81,265.96,351.36,2,28.50,9.89
390,81,265.96,351.36,3,34.74,23.46
390,81,265.96,351.36,4,3.34,30.83
390,82,345.28,162.76,0,8.37,11.82
390,82,345.28,162.76,1,37.65,1.30
390,82,345.28,162.76,2,28.50,9.89
390,82,345.28,162.76,3,34.74,23.46
390,82,345.28,162.76,4,3.34,30.83
390,83,224.76,66.25,0,8.37,11.82
390,83,224.76,66.25,1,37.65,1.30
390,83,224.76,66.25,2,28.50,9.89
390,83,224.76,66.25,3,34.74,23.46
390,83,224.76,66.25,4,3.34,30.83
390,84,236.76,280.77,0,8.37,11.82
390,84,236.76,280.77,1,37.65,1.30
390,84,236.76,280.77,2,28.50,9.89
390,84,236.76,280.77,3,34.74,23.46
390,84,236.76,280.77,4,3.34,30.83
390,85,357.08,200.50,0,8.37,11.82
390,85,357.08,200.50,1,37.65,1.30
390,85,357.08,200.50,2,28.50,9.89
390,85,357.08,200.50,3,34.74,23.46
390,85,357.08,200.50,4,3.34,30.83
390,86,77.68,115.13,0,8.37,11.82
390,86,77.68,115.13,1,37.65,1.30
390,86,77.68,115.13,2,28.50,9.89
390,86,77.68,115.13,3,34.74,23.46
390,86,77.68,115.13,4,3.34,30.83
390,87,390.72,24.01,0,8.37,11.82
390,87,390.72,24.01,1,37.65,1.30
390,87,390.72,24.01,2,28.50,9.89
390,87,390.72,24.01,3,34.74,23.46
390,87,390.72,24.01,4,3.34,30.83
390,88,137.80,305.47,0,8.37,11.82
390,88,137.80,305.47,1,37.65,1.30
390,88,137.80,305.47,2,28.50,9.89
390,88,137.80,305.47,3,34.74,23.46
390,88,137.80,305.47,4,3.34,30.83
390,89,293.73,92.13,0,8.37,11.82
390,89,293.73,92.13,1,37.65,1.30
390,89,293.73,92.13,2,28.50,9.89
390,89,293.73,92.13,3,34.74,23.46
390,89,293.73,92.13,4,3.34,30.83
390,90,245.69,74.09,0,8.37,11.82
390,90,245.69,74.09,1,37.65,1.30
390,90,245.69,74.09,2,28.50,9.89
390,90,245.69,74.09,3,34.74,23.46
390,90,245.69,74.09,4,3.34,30.83
390,93,285.36,92.47,0,8.37,11.82
390,93,285.36,92.47,1,37.65,1.30
390,93,285.36,92.47,2,28.50,9.89
390,93,285.36,92.47,3,34.74,23.46
390,93,285.36,92.47,4,3.34,30.83
390,94,22.84,316.18,0,8.37,11.82
390,94,22.84,316.18,1,37.65,1.30
390,94,22.84,316.18,2,28.50,9.89
390,94,22.84,316.18,3,34.74,23.46
390,94,22.84,316.18,4,3.34,30.83
390,95,349.70,216.07,0,8.37,11.82
390,95,349.70,216.07,1,37.65,1.30
390,95,349.70,216.07,2,28.50,9.89
390,95,349.70,216.07,3,34.74,23.46
390,95,349.70,216.07,4,3.34,30.83
390,96,84.76,122.48,0,8.37,11.82
390,96,84.76,122.48,1,37.65,1.30
390,96,84.76,122.48,2,28.50,9.89
390,96,84.76,122.48,3,34.74,23.46
390,96,84.76,122.48,4,3.34,30.83
390,97,275.02,113.48,0,8.37,11.82
390,97,275.02,113.48,1,37.65,1.30
390,97,275.02,113.48,2,28.50,9.89
390,97,275.02,113.48,3,34.74,23.46
390,97,275.02,113.48,4,3.34,30.83
390,98,373.81,18.04,0,8.37,11.82
390,98,373.81,18.04,1,37.65,1.30
390,98,373.81,18.04,2,28.50,9.89
390,98,373.81,18.04,3,34.74,23.46
390,98,373.81,18.04,4,3.34,30.83
390,102,76.82,131.47,0,8.37,11.82
390,102,76.82,131.47,1,37.65,1.30
390,102,76.82,131.47,2,28.50,9.89
390,102,76.82,131.47,3,34.74,23.46
390,102,76.82,131.47,4,3.34,30.83
390,103,69.77,348.32,0,8.37,11.82
390,103,69.77,348.32,1,37.65,1.30
390,103,69.77,348.32,2,28.50,9.89
390,103,69.77,348.32,3,34.74,23.46
390,103,69.77,348.32,4,3.34,30.83
390,104,381.71,15.09,0,8.37,11.82
390,104,381.71,15.09,1,37.65,1.30
390,104,381.71,15.09,2,28.50,9.89
390,104,381.71,15.09,3,34.74,23.46
390,104,381.71,15.09,4,3.34,30.83
390,106,36.06,302.50,0,8.37,11.82
390,106,36.06,302.50,1,37.65,1.30
390,106,36.06,302.50,2,28.50,9.89
390,106,36.06,302.50,3,34.74,23.46
390,106,36.06,302.50,4,3.34,30.83
390,107,284.06,105.96,0,8.37,11.82
390,107,284.06,105.96,1,37.65,1.30
390,107,284.06,105.96,2,28.50,9.89
390,107,284.06,105.96,3,34.74,23.46
390,107,284.06,105.96,4,3.34,30.83
390,108,45.54,86.25,0,8.37,11.82
390,108,45.54,86.25,1,37.65,1.30
390,108,45.54,86.25,2,28.50,9.89
390,108,45.54,86.25,3,34.74,23.46
390,108,45.54,86.25,4,3.34,30.83
390,110,68.09,315.01,0,8.37,11.82
390,110,68.09,315.01,1,37.65,1.30
390,110,68.09,315.01,2,28.50,9.89
390,110,68.09,315.01,3,34.74,23.46
390,110,68.09,315.01,4,3.34,30.83
390,111,386.06,36.62,0,8.37,11.82
390,111,386.06,36.62,1,37.65,1.30
390,111,386.06,36.62,2,28.50,9.89
390,111,386.06,36.62,3,34.74,23.46
390,111,386.06,36.62,4,3.34,30.83
390,112,249.47,104.36,0,8.37,11.82
390,112,249.47,104.36,1,37.65,1.30
390,112,249.47,104.36,2,28.50,9.89
390,112,249.47,104.36,3,34.74,23.46
390,112,249.47,104.36,4,3.34,30.83
390,113,95.64,114.64,0,8.37,11.82
390,113,95.64,114.64,1,37.65,1.30
390,113,95.64,114.64,2,28.50,9.89
390,113,95.64,114.64,3,34.74,23.46
390,113,95.64,114.64,4,3.34,30.83
390,114,155.07,61.52,0,8.37,11.82
390,114,155.07,61.52,1,37.65,1.30
390,114,155.07,61.52,2,28.50,9.89
390,114,155.07,61.52,3,34.74,23.46
390,114,155.07,61.52,4,3.34,30.83
390,115,364.04,225.04,0,8.37,11.82
390,115,364.04,225.04,1,37.65,1.30
390,115,364.04,225.04,2,28.50,9.89
390,115,364.04,225.04,3,34.74,23.46
390,115,364.04,225.04,4,3.34,30.83
390,116,266.75,111.23,0,8.37,11.82
390,116,266.75,111.23,1,37.65,1.30
390,116,266.75,111.23,2,28.50,9.89
390,116,266.75,111.23,3,34.74,23.46
390,116,266.75,111.23,4,3.34,30.83
390,117,358.79,168.23,0,8.37,11.82
390,117,358.79,168.23,1,37.65,1.30
390,117,358.79,168.23,2,28.50,9.89
390,117,358.79,168.23,3,34.74,23.46
390,117,358.79,168.23,4,3.34,30.83
390,118,85.77,154.86,0,8.37,11.82
390,118,85.77,154.86,1,37.65,1.30
390,118,85.77,154.86,2,28.50,9.89
390,118,85.77,154.86,3,34.74,23.46
390,118,85.77,154.86,4,3.34,30.83
390,119,298.82,113.45,0,8.37,11.82
390,119,298.82,113.45,1,37.65,1.30
390,119,298.82,113.45,2,28.50,9.89
390,119,298.82,113.45,3,34.74,23.46
390,119,298.82,113.45,4,3.34,30.83
390,120,168.88,213.37,0,8.37,11.82
390,120,168.88,213.37,1,37.65,1.30
390,120,168.88,213.37,2,28.50,9.89
390,120,168.88,213.37,3,34.74,23.46
390,120,168.88,213.37,4,3.34,30.83
390,122,103.92,261.39,0,8.37,11.82
390,122,103.92,261.39,1,37.65,1.30
390,122,103.92,261.39,2,28.50,9.89
390,122,103.92,261.39,3,34.74,23.46
390,122,103.92,261.39,4,3.34,30.83
390,123,117.27,316.30,0,8.37,11.82
390,123,117.27,316.30,1,37.65,1.30
390,123,117.27,316.30,2,28.50,9.89
390,123,117.27,316.30,3,34.74,23.46
390,123,117.27,316.30,4,3.34,30.83
390,124,102.13,81.15,0,8.37,11.82
390,124,102.13,81.15,1,37.65,1.30
390,124,102.13,81.15,2,28.50,9.89
390,124,102.13,81.15,3,34.74,23.46
390,124,102.13,81.15,4,3.34,30.83
390,125,362.25,153.20,0,8.37,11.82
390,125,362.25,153.20,1,37.65,1.30
390,125,362.25,153.20,2,28.50,9.89
390,125,362.25,153.20,3,34.74,23.46
390,125,362.25,153.20,4,3.34,30.83
390,126,77.85,108.21,0,8.37,11.82
390,126,77.85,108.21,1,37.65,1.30
390,126,77.85,108.21,2,28.50,9.89
390,126,77.85,108.21,3,34.74,23.46
390,126,77.85,108.21,4,3.34,30.83
390,127,29.33,316.00,0,8.37,11.82
390,127,29.33,316.00,1,37.65,1.30
390,127,29.33,316.00,2,28.50,9.89
390,127,29.33,316.00,3,34.74,23.46
390,127,29.33,316.00,4,3.34,30.83
390,128,228.30,353.77,0,8.37,11.82
390,128,228.30,353.77,1,37.65,1.30
390,128,228.30,353.77,2,28.50,9.89
390,128,228.30,353.77,3,34.74,23.46
390,128,228.30,353.77,4,3.34,30.83
390,129,321.62,188.58,0,8.37,11.82
390,129,321.62,188.58,1,37.65,1.30
390,129,321.62,188.58,2,28.50,9.89
390,129,321.62,188.58,3,34.74,23.46
390,129,321.62,188.58,4,3.34,30.83
390,132,365.08,248.00,0,8.37,11.82
390,132,365.08,248.00,1,37.65,1.30
390,132,365.08,248.00,2,28.50,9.89
390,132,365.08,248.00,3,34.74,23.46
390,132,365.08,248.00,4,3.34,30.83
390,133,69.46,114.05,0,8.37,11.82
390,133,69.46,114.05,1,37.65,1.30
390,133,69.46,114.05,2,28.50,9.89
390,133,69.46,114.05,3,34.74,23.46
390,133,69.46,114.05,4,3.34,30.83
390,135,49.28,295.97,0,8.37,11.82
390,135,49.28,295.97,1,37.65,1.30
390,135,49.28,295.97,2,28.50,9.89
390,135,49.28,295.97,3,34.74,23.46
390,135,49.28,295.97,4,3.34,30.83
390,139,354.62,179.16,0,8.37,11.82
390,139,354.62,179.16,1,37.65,1.30
390,139,354.62,179.16,2,28.50,9.89
390,139,354.62,179.16,3,34.74,23.46
390,139,354.62,179.16,4,3.34,30.83
390,141,348.38,388.96,0,8.37,11.82
390,141,348.38,388.96,1,37.65,1.30
390,141,348.38,388.96,2,28.50,9.89
390,141,348.38,388.96,3,34.74,23.46
390,141,348.38,388.96,4,3.34,30.83
390,142,268.50,115.25,0,8.37,11.82
390,142,268.50,115.25,1,37.65,1.30
390,142,268.50,115.25,2,28.50,9.89
390,142,268.50,115.25,3,34.74,23.46
390,142,268.50,115.25,4,3.34,30.83
390,143,343.78,308.16,0,8.37,11.82
390,143,343.78,308.16,1,37.65,1.30
390,143,343.78,308.16,2,28.50,9.89
390,143,343.78,308.16,3,34.74,23.46
390,143,343.78,308.16,4,3.34,30.83
390,145,221.72,329.01,0,8.37,11.82
390,145,221.72,329.01,1,37.65,1.30
390,145,221.72,329.01,2,28.50,9.89
390,145,221.72,329.01,3,34.74,23.46
390,145,221.72,329.01,4,3.34,30.83
390,146,101.21,148.93,0,8.37,11.82
390,146,101.21,148.93,1,37.65,1.30
390,146,101.21,148.93,2,28.50,9.89
390,146,101.21,148.93,3,34.74,23.46
390,146,101.21,148.93,4,3.34,30.83
390,148,339.53,223.44,0,8.37,11.82
390,148,339.53,223.44,1,37.65,1.30
390,148,339.53,223.44,2,28.50,9.89
390,148,339.53,223.44,3,34.74,23.46
390,148,339.53,223.44,4,3.34,30.83
390,149,350.67,234.33,0,8.37,11.82
390,149,350.67,234.33,1,37.65,1.30
390,149,350.67,234.33,2,28.50,9.89
390,149,350.67,234.33,3,34.74,23.46
390,149,350.67,234.33,4,3.34,30.83
390,150,287.73,111.27,0,8.37,11.82
390,150,287.73,111.27,1,37.65,1.30
390,150,287.73,111.27,2,28.50,9.89
390,150,287.73,111.27,3,34.74,23.46
390,150,287.73,111.27,4,3.34,30.83
390,151,253.85,95.18,0,8.37,11.82
390,151,253.85,95.18,1,37.65,1.30
390,151,253.85,95.18,2,28.50,9.89
390,151,253.85,95.18,3,34.74,23.46
390,151,253.85,95.18,4,3.34,30.83
390,152,76.29,104.47,0,8.37,11.82
390,152,76.29,104.47,1,37.65,1.30
390,152,76.29,104.47,2,28.50,9.89
390,152,76.29,104.47,3,34.74,23.46
390,152,76.29,104.47,4,3.34,30.83
390,155,261.50,113.57,0,8.37,11.82
390,155,261.50,113.57,1,37.65,1.30
390,155,261.50,113.57,2,28.50,9.89
390,155,261.50,113.57,3,34.74,23.46
390,155,261.50,113.57,4,3.34,30.83
390,156,355.80,269.80,0,8.37,11.82
390,156,355.80,269.80,1,37.65,1.30
390,156,355.80,269.80,2,28.50,9.89
390,156,355.80,269.80,3,34.74,23.46
390,156,355.80,269.80,4,3.34,30.83
390,157,270.00,96.09,0,8.37,11.82
390,157,270.00,96.09,1,37.65,1.30
390,157,270.00,96.09,2,28.50,9.89
390,157,270.00,96.09,3,34.74,23.46
390,157,270.00,96.09,4,3.34,30.83
390,159,361.83,254.45,0,8.37,11.82
390,159,361.83,254.45,1,37.65,1.30
390,159,361.83,254.45,2,28.50,9.89
390,159,361.83,254.45,3,34.74,23.46
390,159,361.83,254.45,4,3.34,30.83
390,160,325.29,387.51,0,8.37,11.82
390,160,325.29,387.51,1,37.65,1.30
390,160,325.29,387.51,2,28.50,9.89
390,160,325.29,387.51,3,34.74,23.46
390,160,325.29,387.51,4,3.34,30.83
390,161,165.73,133.78,0,8.37,11.82
390,161,165.73,133.78,1,37.65,1.30
390,161,165.73,133.78,2,28.50,9.89
390,161,165.73,133.78,3,34.74,23.46
390,161,165.73,133.78,4,3.34,30.83
390,162,294.89,335.41,0,8.37,11.82
390,162,294.89,335.41,1,37.65,1.30
390,162,294.89,335.41,2,28.50,9.89
390,162,294.89,335.41,3,34.74,23.46
390,162,294.89,335.41,4,3.34,30.83
390,163,195.82,124.94,0,8.37,11.82
390,163,195.82,124.94,1,37.65,1.30
390,163,195.82,124.94,2,28.50,9.89
390,163,195.82,124.94,3,34.74,23.46
390,163,195.82,124.94,4,3.34,30.83
390,164,56.12,69.80,0,8.37,11.82
390,164,56.12,69.80,1,37.65,1.30
390,164,56.12,69.80,2,28.50,9.89
390,164,56.12,69.80,3,34.74,23.46
390,164,56.12,69.80,4,3.34,30.83
390,165,92.90,103.76,0,8.37,11.82
390,165,92.90,103.76,1,37.65,1.30
390,165,92.90,103.76,2,28.50,9.89
390,165,92.90,103.76,3,34.74,23.46
390,165,92.90,103.76,4,3.34,30.83
390,166,292.44,362.52,0,8.37,11.82
390,166,292.44,362.52,1,37.65,1.30
390,166,292.44,362.52,2,28.50,9.89
390,166,292.44,362.52,3,34.74,23.46
390,166,292.44,362.52,4,3.34,30.83
390,167,376.07,282.56,0,8.37,11.82
390,167,376.07,282.56,1,37.65,1.30
390,167,376.07,282.56,2,28.50,9.89
390,167,376.07,282.56,3,34.74,23.46
390,167,376.07,282.56,4,3.34,30.83
390,168,192.67,277.48,0,8.37,11.82
390,168,192.67,277.48,1,37.65,1.30
390,168,192.67,277.48,2,28.50,9.89
390,168,192.67,277.48,3,34.74,23.46
390,168,192.67,277.48,4,3.34,30.83
390,169,259.97,91.84,0,8.37,11.82
390,169,259.97,91.84,1,37.65,1.30
390,169,259.97,91.84,2,28.50,9.89
390,169,259.97,91.84,3,34.74,23.46
390,169,259.97,91.84,4,3.34,30.83
390,170,342.75,236.36,0,8.37,11.82
390,170,342.75,236.36,1,37.65,1.30
390,170,342.75,236.36,2,28.50,9.89
390,170,342.75,236.36,3,34.74,23.46
390,170,342.75,236.36,4,3.34,30.83
390,172,364.50,219.36,0,8.37,11.82
390,172,364.50,219.36,1,37.65,1.30
390,172,364.50,219.36,2,28.50,9.89
390,172,364.50,219.36,3,34.74,23.46
390,172,364.50,219.36,4,3.34,30.83
390,173,378.13,198.61,0,8.37,11.82
390,173,378.13,198.61,1,37.65,1.30
390,173,378.13,198.61,2,28.50,9.89
390,173,378.13,198.61,3,34.74,23.46
390,173,378.13,198.61,4,3.34,30.83
390,174,155.45,218.57,0,8.37,11.82
390,174,155.45,218.57,1,37.65,1.30
390,174,155.45,218.57,2,28.50,9.89
390,174,155.45,218.57,3,34.74,23.46
390,174,155.45,218.57,4,3.34,30.83
390,176,68.22,157.02,0,8.37,11.82
390,176,68.22,157.02,1,37.65,1.30
390,176,68.22,157.02,2,28.50,9.89
390,176,68.22,157.02,3,34.74,23.46
390,176,68.22,157.02,4,3.34,30.83
390,177,203.13,276.45,0,8.37,11.82
390,177,203.13,276.45,1,37.65,1.30
390,177,203.13,276.45,2,28.50,9.89
390,177,203.13,276.45,3,34.74,23.46
390,177,203.13,276.45,4,3.34,30.83
390,178,268.64,92.21,0,8.37,11.82
390,178,268.64,92.21,1,37.65,1.30
390,178,268.64,92.21,2,28.50,9.89
390,178,268.64,92.21,3,34.74,23.46
390,178,268.64,92.21,4,3.34,30.83
390,180,243.30,132.22,0,8.37,11.82
390,180,243.30,132.22,1,37.65,1.30
390,180,243.30,132.22,2,28.50,9.89
390,180,243.30,132.22,3,34.74,23.46
390,180,243.30,132.22,4,3.34,30.83
390,181,51.59,124.58,0,8.37,11.82
390,181,51.59,124.58,1,37.65,1.30
390,181,51.59,124.58,2,28.50,9.89
390,181,51.59,124.58,3,34.74,23.46
390,181,51.59,124.58,4,3.34,30.83
390,183,89.20,117.50,0,8.37,11.82
390,183,89.20,117.50,1,37.65,1.30
390,183,89.20,117.50,2,28.50,9.89
390,183,89.20,117.50,3,34.74,23.46
390,183,89.20,117.50,4,3.34,30.83
390,184,86.63,97.38,0,8.37,11.82
390,184,86.63,97.38,1,37.65,1.30
390,184,86.63,97.38,2,28.50,9.89
390,184,86.63,97.38,3,34.74,23.46
390,184,86.63,97.38,4,3.34,30.83
390,185,50.07,307.60,0,8.37,11.82
390,185,50.07,307.60,1,37.65,1.30
390,185,50.07,307.60,2,28.50,9.89
390,185,50.07,307.60,3,34.74,23.46
390,185,50.07,307.60,4,3.34,30.83
390,186,280.33,104.33,0,8.37,11.82
390,186,280.33,104.33,1,37.65,1.30
390,186,280.33,104.33,2,28.50,9.89
390,186,280.33,104.33,3,34.74,23.46
390,186,280.33,104.33,4,3.34,30.83
390,187,88.94,313.47,0,8.37,11.82
390,187,88.94,313.47,1,37.65,1.30
390,187,88.94,313.47,2,28.50,9.89
390,187,88.94,313.47,3,34.74,23.46
390,187,88.94,313.47,4,3.34,30.83
390,188,281.21,103.33,0,8.37,11.82
390,188,281.21,103.33,1,37.65,1.30
390,188,281.21,103.33,2,28.50,9.89
390,188,281.21,103.33,3,34.74,23.46
390,188,281.21,103.33,4,3.34,30.83
390,190,72.52,94.13,0,8.37,11.82
390,190,72.52,94.13,1,37.65,1.30
390,190,72.52,94.13,2,28.50,9.89
390,190,72.52,94.13,3,34.74,23.46
390,190,72.52,94.13,4,3.34,30.83
390,193,302.72,104.61,0,8.37,11.82
390,193,302.72,104.61,1,37.65,1.30
390,193,302.72,104.61,2,28.50,9.89
390,193,302.72,104.61,3,34.74,23.46
390,193,302.72,104.61,4,3.34,30.83
390,194,84.06,117.00,0,8.37,11.82
390,194,84.06,117.00,1,37.65,1.30
390,194,84.06,117.00,2,28.50,9.89
390,194,84.06,117.00,3,34.74,23.46
390,194,84.06,117.00,4,3.34,30.83
390,195,65.76,334.75,0,8.37,11.82
390,195,65.76,334.75,1,37.65,1.30
390,195,65.76,334.75,2,28.50,9.89
390,195,65.76,334.75,3,34.74,23.46
390,195,65.76,334.75,4,3.34,30.83
390,198,356.28,218.56,0,8.37,11.82
390,198,356.28,218.56,1,37.65,1.30
390,198,356.28,218.56,2,28.50,9.89
390,198,356.28,218.56,3,34.74,23.46
390,198,356.28,218.56,4,3.34,30.83
390,199,66.73,134.57,0,8.37,11.82
390,199,66.73,134.57,1,37.65,1.30
390,199,66.73,134.57,2,28.50,9.89
390,199,66.73,134.57,3,34.74,23.46
390,199,66.73,134.57,4,3.34,30.83
390,200,66.09,101.44,0,8.37,11.82
390,200,66.09,101.44,1,37.65,1.30
390,200,66.09,101.44,2,28.50,9.89
390,200,66.09,101.44,3,34.74,23.46
390,200,66.09,101.44,4,3.34,30.83
390,201,361.81,215.74,0,8.37,11.82
390,201,361.81,215.74,1,37.65,1.30
390,201,361.81,215.74,2,28.50,9.89
390,201,361.81,215.74,3,34.74,23.46
390,201,361.81,215.74,4,3.34,30.83
390,203,357.31,226.38,0,8.37,11.82
390,203,357.31,226.38,1,37.65,1.30
390,203,357.31,226.38,2,28.50,9.89
390,203,357.31,226.38,3,34.74,23.46
390,203,357.31,226.38,4,3.34,30.83
390,206,277.46,102.54,0,8.37,11.82
390,206,277.46,102.54,1,37.65,1.30
390,206,277.46,102.54,2,28.50,9.89
390,206,277.46,102.54,3,34.74,23.46
390,206,277.46,102.54,4,3.34,30.83
390,207,23.80,303.83,0,8.37,11.82
390,207,23.80,303.83,1,37.65,1.30
390,207,23.80,303.83,2,28.50,9.89
390,207,23.80,303.83,3,34.74,23.46
390,207,23.80,303.83,4,3.34,30.83
390,208,32.71,312.43,0,8.37,11.82
390,208,32.71,312.43,1,37.65,1.30
390,208,32.71,312.43,2,28.50,9.89
390,208,32.71,312.43,3,34.74,23.46
390,208,32.71,312.43,4,3.34,30.83
390,211,88.19,356.66,0,8.37,11.82
390,211,88.19,356.66,1,37.65,1.30
390,211,88.19,356.66,2,28.50,9.89
390,211,88.19,356.66,3,34.74,23.46
390,211,88.19,356.66,4,3.34,30.83
390,212,364.67,242.71,0,8.37,11.82
390,212,364.67,242.71,1,37.65,1.30
390,212,364.67,242.71,2,28.50,9.89
390,212,364.67,242.71,3,34.74,23.46
390,212,364.67,242.71,4,3.34,30.83
390,213,359.39,233.77,0,8.37,11.82
390,213,359.39,233.77,1,37.65,1.30
390,213,359.39,233.77,2,28.50,9.89
390,213,359.39,233.77,3,34.74,23.46
390,213,359.39,233.77,4,3.34,30.83
390,214,275.15,90.60,0,8.37,11.82
390,214,275.15,90.60,1,37.65,1.30
390,214,275.15,90.60,2,28.50,9.89
390,214,275.15,90.60,3,34.74,23.46
390,214,275.15,90.60,4,3.34,30.83
390,215,247.39,391.17,0,8.37,11.82
390,215,247.39,391.17,1,37.65,1.30
390,215,247.39,391.17,2,28.50,9.89
390,215,247.39,391.17,3,34.74,23.46
390,215,247.39,391.17,4,3.34,30.83
390,216,244.10,394.35,0,8.37,11.82
390,216,244.10,394.35,1,37.65,1.30
390,216,244.10,394.35,2,28.50,9.89
390,216,244.10,394.35,3,34.74,23.46
390,216,244.10,394.35,4,3.34,30.83
390,217,385.82,12.56,0,8.37,11.82
390,217,385.82,12.56,1,37.65,1.30
390,217,385.82,12.56,2,28.50,9.89
390,217,385.82,12.56,3,34.74,23.46
390,217,385.82,12.56,4,3.34,30.83
390,218,272.71,382.97,0,8.37,11.82
390,218,272.71,382.97,1,37.65,1.30
390,218,272.71,382.97,2,28.50,9.89
390,218,272.71,382.97,3,34.74,23.46
390,218,272.71,382.97,4,3.34,30.83
390,219,59.98,108.42,0,8.37,11.82
390,219,59.98,108.42,1,37.65,1.30
390,219,59.98,108.42,2,28.50,9.89
390,219,59.98,108.42,3,34.74,23.46
390,219,59.98,108.42,4,3.34,30.83
390,221,348.60,232.00,0,8.37,11.82
390,221,348.60,232.00,1,37.65,1.30
390,221,348.60,232.00,2,28.50,9.89
390,221,348.60,232.00,3,34.74,23.46
390,221,348.60,232.00,4,3.34,30.83
390,223,352.85,224.35,0,8.37,11.82
390,223,352.85,224.35,1,37.65,1.30
390,223,352.85,224.35,2,28.50,9.89
390,223,352.85,224.35,3,34.74,23.46
390,223,352.85,224.35,4,3.34,30.83
390,226,295.76,136.03,0,8.37,11.82
390,226,295.76,136.03,1,37.65,1.30
390,226,295.76,136.03,2,28.50,9.89
390,226,295.76,136.03,3,34.74,23.46
390,226,295.76,136.03,4,3.34,30.83
390,227,52.55,314.05,0,8.37,11.82
390,227,52.55,314.05,1,37.65,1.30
390,227,52.55,314.05,2,28.50,9.89
390,227,52.55,314.05,3,34.74,23.46
390,227,52.55,314.05,4,3.34,30.83
390,228,275.66,85.76,0,8.37,11.82
390,228,275.66,85.76,1,37.65,1.30
390,228,275.66,85.76,2,28.50,9.89
390,228,275.66,85.76,3,34.74,23.46
390,228,275.66,85.76,4,3.34,30.83
390,229,140.92,113.18,0,8.37,11.82
390,229,140.92,113.18,1,37.65,1.30
390,229,140.92,113.18,2,28.50,9.89
390,229,140.92,113.18,3,34.74,23.46
390,229,140.92,113.18,4,3.34,30.83
390,230,136.12,72.05,0,8.37,11.82
390,230,136.12,72.05,1,37.65,1.30
390,230,136.12,72.05,2,28.50,9.89
390,230,136.12,72.05,3,34.74,23.46
390,230,136.12,72.05,4,3.34,30.83
390,231,302.72,306.76,0,8.37,11.82
390,231,302.72,306.76,1,37.65,1.30
390,231,302.72,306.76,2,28.50,9.89
390,231,302.72,306.76,3,34.74,23.46
390,231,302.72,306.76,4,3.34,30.83
390,232,376.46,30.35,0,8.37,11.82
390,232,376.46,30.35,1,37.65,1.30
390,232,376.46,30.35,2,28.50,9.89
390,232,376.46,30.35,3,34.74,23.46
390,232,376.46,30.35,4,3.34,30.83
390,233,363.83,228.13,0,8.37,11.82
390,233,363.83,228.13,1,37.65,1.30
390,233,363.83,228.13,2,28.50,9.89
390,233,363.83,228.13,3,34.74,23.46
390,233,363.83,228.13,4,3.34,30.83
390,237,161.95,141.42,0,8.37,11.82
390,237,161.95,141.42,1,37.65,1.30
390,237,161.95,141.42,2,28.50,9.89
390,237,161.95,141.42,3,34.74,23.46
390,237,161.95,141.42,4,3.34,30.83
390,238,23.74,308.49,0,8.37,11.82
390,238,23.74,308.49,1,37.65,1.30
390,238,23.74,308.49,2,28.50,9.89
390,238,23.74,308.49,3,34.74,23.46
390,238,23.74,308.49,4,3.34,30.83
390,239,234.85,115.80,0,8.37,11.82
390,239,234.85,115.80,1,37.65,1.30
390,239,234.85,115.80,2,28.50,9.89
390,239,234.85,115.80,3,34.74,23.46
390,239,234.85,115.80,4,3.34,30.83
390,240,107.04,253.84,0,8.37,11.82
390,240,107.04,253.84,1,37.65,1.30
390,240,107.04,253.84,2,28.50,9.89
390,240,107.04,253.84,3,34.74,23.46
390,240,107.04,253.84,4,3.34,30.83
390,241,374.71,216.70,0,8.37,11.82
390,241,374.71,216.70,1,37.65,1.30
390,241,374.71,216.70,2,28.50,9.89
390,241,374.71,216.70,3,34.74,23.46
390,241,374.71,216.70,4,3.34,30.83
390,242,220.74,222.33,0,8.37,11.82
390,242,220.74,222.33,1,37.65,1.30
390,242,220.74,222.33,2,28.50,9.89
390,242,220.74,222.33,3,34.74,23.46
390,242,220.74,222.33,4,3.34,30.83
390,243,31.67,309.33,0,8.37,11.82
390,243,31.67,309.33,1,37.65,1.30
390,243,31.67,309.33,2,28.50,9.89
390,243,31.67,309.33,3,34.74,23.46
390,243,31.67,309.33,4,3.34,30.83
390,244,146.97,324.34,0,8.37,11.82
390,244,146.97,324.34,1,37.65,1.30
390,244,146.97,324.34,2,28.50,9.89
390,244,146.97,324.34,3,34.74,23.46
390,244,146.97,324.34,4,3.34,30.83
390,245,249.92,124.54,0,8.37,11.82
390,245,249.92,124.54,1,37.65,1.30
390,245,249.92,124.54,2,28.50,9.89
390,245,249.92,124.54,3,34.74,23.46
390,245,249.92,124.54,4,3.34,30.83
390,248,373.33,268.54,0,8.37,11.82
390,248,373.33,268.54,1,37.65,1.30
390,248,373.33,268.54,2,28.50,9.89
390,248,373.33,268.54,3,34.74,23.46
390,248,373.33,268.54,4,3.34,30.83
390,249,383.79,393.28,0,8.37,11.82
390,249,383.79,393.28,1,37.65,1.30
390,249,383.79,393.28,2,28.50,9.89
390,249,383.79,393.28,3,34.74,23.46
390,249,383.79,393.28,4,3.34,30.83
390,250,258.00,287.13,0,8.37,11.82
390,250,258.00,287.13,1,37.65,1.30
390,250,258.00,287.13,2,28.50,9.89
390,250,258.00,287.13,3,34.74,23.46
390,250,258.00,287.13,4,3.34,30.83
390,251,46.95,312.93,0,8.37,11.82
390,251,46.95,312.93,1,37.65,1.30
390,251,46.95,312.93,2,28.50,9.89
390,251,46.95,312.93,3,34.74,23.46
390,251,46.95,312.93,4,3.34,30.83
390,252,59.83,99.88,0,8.37,11.82
390,252,59.83,99.88,1,37.65,1.30
390,252,59.83,99.88,2,28.50,9.89
390,252,59.83,99.88,3,34.74,23.46
390,252,59.83,99.88,4,3.34,30.83
390,253,343.79,209.29,0,8.37,11.82
390,253,343.79,209.29,1,37.65,1.30
390,253,343.79,209.29,2,28.50,9.89
390,253,343.79,209.29,3,34.74,23.46
390,253,343.79,209.29,4,3.34,30.83
390,254,365.59,189.03,0,8.37,11.82
390,254,365.59,189.03,1,37.65,1.30
390,254,365.59,189.03,2,28.50,9.89
390,254,365.59,189.03,3,34.74,23.46
390,254,365.59,189.03,4,3.34,30.83
390,257,352.00,224.00,0,8.37,11.82
390,257,352.00,224.00,1,37.65,1.30
390,257,352.00,224.00,2,28.50,9.89
390,257,352.00,224.00,3,34.74,23.46
390,257,352.00,224.00,4,3.34,30.83
390,258,383.14,27.51,0,8.37,11.82
390,258,383.14,27.51,1,37.65,1.30
390,258,383.14,27.51,2,28.50,9.89
390,258,383.14,27.51,3,34.74,23.46
390,258,383.14,27.51,4,3.34,30.83
390,259,92.40,110.80,0,8.37,11.82
390,259,92.40,110.80,1,37.65,1.30
390,259,92.40,110.80,2,28.50,9.89
390,259,92.40,110.80,3,34.74,23.46
390,259,92.40,110.80,4,3.34,30.83
390,260,328.01,361.30,0,8.37,11.82
390,260,328.01,361.30,1,37.65,1.30
390,260,328.01,361.30,2,28.50,9.89
390,260,328.01,361.30,3,34.74,23.46
390,260,328.01,361.30,4,3.34,30.83
390,261,41.68,318.49,0,8.37,11.82
390,261,41.68,318.49,1,37.65,1.30
390,261,41.68,318.49,2,28.50,9.89
390,261,41.68,318.49,3,34.74,23.46
390,261,41.68,318.49,4,3.34,30.83
390,262,146.88,102.58,0,8.37,11.82
390,262,146.88,102.58,1,37.65,1.30
390,262,146.88,102.58,2,28.50,9.89
390,262,146.88,102.58,3,34.74,23.46
390,262,146.88,102.58,4,3.34,30.83
390,263,143.54,91.02,0,8.37,11.82
390,263,143.54,91.02,1,37.65,1.30
390,263,143.54,91.02,2,28.50,9.89
390,263,143.54,91.02,3,34.74,23.46
390,263,143.54,91.02,4,3.34,30.83
390,264,72.27,123.57,0,8.37,11.82
390,264,72.27,123.57,1,37.65,1.30
390,264,72.27,123.57,2,28.50,9.89
390,264,72.27,123.57,3,34.74,23.46
390,264,72.27,123.57,4,3.34,30.83
390,265,227.51,336.43,0,8.37,11.82
390,265,227.51,336.43,1,37.65,1.30
390,265,227.51,336.43,2,28.50,9.89
390,265,227.51,336.43,3,34.74,23.46
390,265,227.51,336.43,4,3.34,30.83
390,266,68.99,306.28,0,8.37,11.82
390,266,68.99,306.28,1,37.65,1.30
390,266,68.99,306.28,2,28.50,9.89
390,266,68.99,306.28,3,34.74,23.46
390,266,68.99,306.28,4,3.34,30.83
390,267,229.55,78.85,0,8.37,11.82
390,267,229.55,78.85,1,37.65,1.30
390,267,229.55,78.85,2,28.50,9.89
390,267,229.55,78.85,3,34.74,23.46
390,267,229.55,78.85,4,3.34,30.83
390,268,261.00,103.40,0,8.37,11.82
390,268,261.00,103.40,1,37.65,1.30
390,268,261.00,103.40,2,28.50,9.89
390,268,261.00,103.40,3,34.74,23.46
390,268,261.00,103.40,4,3.34,30.83
390,269,58.55,132.29,0,8.37,11.82
390,269,58.55,132.29,1,37.65,1.30
390,269,58.55,132.29,2,28.50,9.89
390,269,58.55,132.29,3,34.74,23.46
390,269,58.55,132.29,4,3.34,30.83
390,271,87.00,111.33,0,8.37,11.82
390,271,87.00,111.33,1,37.65,1.30
390,271,87.00,111.33,2,28.50,9.89
390,271,87.00,111.33,3,34.74,23.46
390,271,87.00,111.33,4,3.34,30.83
390,273,27.35,299.26,0,8.37,11.82
390,273,27.35,299.26,1,37.65,1.30
390,273,27.35,299.26,2,28.50,9.89
390,273,27.35,299.26,3,34.74,23.46
390,273,27.35,299.26,4,3.34,30.83
390,274,96.91,56.31,0,8.37,11.82
390,274,96.91,56.31,1,37.65,1.30
390,274,96.91,56.31,2,28.50,9.89
390,274,96.91,56.31,3,34.74,23.46
390,274,96.91,56.31,4,3.34,30.83
390,275,341.54,230.15,0,8.37,11.82
390,275,341.54,230.15,1,37.65,1.30
390,275,341.54,230.15,2,28.50,9.89
390,275,341.54,230.15,3,34.74,23.46
390,275,341.54,230.15,4,3.34,30.83
390,277,319.75,203.20,0,8.37,11.82
390,277,319.75,203.20,1,37.65,1.30
390,277,319.75,203.20,2,28.50,9.89
390,277,319.75,203.20,3,34.74,23.46
390,277,319.75,203.20,4,3.34,30.83
390,278,58.59,338.93,0,8.37,11.82
390,278,58.59,338.93,1,37.65,1.30
390,278,58.59,338.93,2,28.50,9.89
390,278,58.59,338.93,3,34.74,23.46
390,278,58.59,338.93,4,3.34,30.83
390,279,209.22,393.70,0,8.37,11.82
390,279,209.22,393.70,1,37.65,1.30
390,279,209.22,393.70,2,28.50,9.89
390,279,209.22,393.70,3,34.74,23.46
390,279,209.22,393.70,4,3.34,30.83
390,281,265.51,78.70,0,8.37,11.82
390,281,265.51,78.70,1,37.65,1.30
390,281,265.51,78.70,2,28.50,9.89
390,281,265.51,78.70,3,34.74,23.46
390,281,265.51,78.70,4,3.34,30.83
390,282,366.86,215.86,0,8.37,11.82
390,282,366.86,215.86,1,37.65,1.30
390,282,366.86,215.86,2,28.50,9.89
390,282,366.86,215.86,3,34.74,23.46
390,282,366.86,215.86,4,3.34,30.83
390,283,346.27,201.68,0,8.37,11.82
390,283,346.27,201.68,1,37.65,1.30
390,283,346.27,201.68,2,28.50,9.89
390,283,346.27,201.68,3,34.74,23.46
390,283,346.27,201.68,4,3.34,30.83
390,285,220.16,353.74,0,8.37,11.82
390,285,220.16,353.74,1,37.65,1.30
390,285,220.16,353.74,2,28.50,9.89
390,285,220.16,353.74,3,34.74,23.46
390,285,220.16,353.74,4,3.34,30.83
390,286,258.38,342.71,0,8.37,11.82
390,286,258.38,342.71,1,37.65,1.30
390,286,258.38,342.71,2,28.50,9.89
390,286,258.38,342.71,3,34.74,23.46
390,286,258.38,342.71,4,3.34,30.83
390,288,95.25,47.09,0,8.37,11.82
390,288,95.25,47.09,1,37.65,1.30
390,288,95.25,47.09,2,28.50,9.89
390,288,95.25,47.09,3,34.74,23.46
390,288,95.25,47.09,4,3.34,30.83
390,290,342.80,243.45,0,8.37,11.82
390,290,342.80,243.45,1,37.65,1.30
390,290,342.80,243.45,2,28.50,9.89
390,290,342.80,243.45,3,34.74,23.46
390,290,342.80,243.45,4,3.34,30.83
390,291,72.91,87.54,0,8.37,11.82
390,291,72.91,87.54,1,37.65,1.30
390,291,72.91,87.54,2,28.50,9.89
390,291,72.91,87.54,3,34.74,23.46
390,291,72.91,87.54,4,3.34,30.83
390,292,293.73,287.96,0,8.37,11.82
390,292,293.73,287.96,1,37.65,1.30
390,292,293.73,287.96,2,28.50,9.89
390,292,293.73,287.96,3,34.74,23.46
390,292,293.73,287.96,4,3.34,30.83
390,293,274.00,100.43,0,8.37,11.82
390,293,274.00,100.43,1,37.65,1.30
390,293,274.00,100.43,2,28.50,9.89
390,293,274.00,100.43,3,34.74,23.46
390,293,274.00,100.43,4,3.34,30.83
390,294,59.68,325.32,0,8.37,11.82
390,294,59.68,325.32,1,37.65,1.30
390,294,59.68,325.32,2,28.50,9.89
390,294,59.68,325.32,3,34.74,23.46
390,294,59.68,325.32,4,3.34,30.83
390,297,368.55,197.73,0,8.37,11.82
390,297,368.55,197.73,1,37.65,1.30
390,297,368.55,197.73,2,28.50,9.89
390,297,368.55,197.73,3,34.74,23.46
390,297,368.55,197.73,4,3.34,30.83
390,298,387.16,26.79,0,8.37,11.82
390,298,387.16,26.79,1,37.65,1.30
390,298,387.16,26.79,2,28.50,9.89
390,298,387.16,26.79,3,34.74,23.46
390,298,387.16,26.79,4,3.34,30.83
390,300,209.50,339.05,0,8.37,11.82
390,300,209.50,339.05,1,37.65,1.30
390,300,209.50,339.05,2,28.50,9.89
390,300,209.50,339.05,3,34.74,23.46
390,300,209.50,339.05,4,3.34,30.83
400,2,82.13,104.85,0,8.14,12.14
400,2,82.13,104.85,1,36.91,1.05
400,2,82.13,104.85,2,28.50,9.89
400,2,82.13,104.85,3,34.74,23.46
400,2,82.13,104.85,4,3.63,30.92
400,3,171.29,278.26,0,8.14,12.14
400,3,171.29,278.26,1,36.91,1.05
400,3,171.29,278.26,2,28.50,9.89
400,3,171.29,278.26,3,34.74,23.46
400,3,171.29,278.26,4,3.63,30.92
400,6,45.62,303.65,0,8.14,12.14
400,6,45.62,303.65,1,36.91,1.05
400,6,45.62,303.65,2,28.50,9.89
400,6,45.62,303.65,3,34.74,23.46
400,6,45.62,303.65,4,3.63,30.92
400,8,87.97,361.37,0,8.14,12.14
400,8,87.97,361.37,1,36.91,1.05
400,8,87.97,361.37,2,28.50,9.89
400,8,87.97,361.37,3,34.74,23.46
400,8,87.97,361.37,4,3.63,30.92
400,9,321.62,214.69,0,8.14,12.14
400,9,321.62,214.69,1,36.91,1.05
400,9,321.62,214.69,2,28.50,9.89
400,9,321.62,214.69,3,34.74,23.46
400,9,321.62,214.69,4,3.63,30.92
400,11,150.33,113.06,0,8.14,12.14
400,11,150.33,113.06,1,36.91,1.05
400,11,150.33,113.06,2,28.50,9.89
400,11,150.33,113.06,3,34.74,23.46
400,11,150.33,113.06,4,3.63,30.92
400,13,124.68,101.61,0,8.14,12.14
400,13,124.68,101.61,1,36.91,1.05
400,13,124.68,101.61,2,28.50,9.89
400,13,124.68,101.61,3,34.74,23.46
400,13,124.68,101.61,4,3.63,30.92
400,14,20.14,325.63,0,8.14,12.14
400,14,20.14,325.63,1,36.91,1.05
400,14,20.14,325.63,2,28.50,9.89
400,14,20.14,325.63,3,34.74,23.46
400,14,20.14,325.63,4,3.63,30.92
400,15,26.00,311.25,0,8.14,12.14
400,15,26.00,311.25,1,36.91,1.05
400,15,26.00,311.25,2,28.50,9.89
400,15,26.00,311.25,3,34.74,23.46
400,15,26.00,311.25,4,3.63,30.92
400,16,351.96,243.45,0,8.14,12.14
400,16,351.96,243.45,1,36.91,1.05
400,16,351.96,243.45,2,28.50,9.89
400,16,351.96,243.45,3,34.74,23.46
400,16,351.96,243.45,4,3.63,30.92
400,18,134.76,332.39,0,8.14,12.14
400,18,134.76,332.39,1,36.91,1.05
400,18,134.76,332.39,2,28.50,9.89
400,18,134.76,332.39,3,34.74,23.46
400,18,134.76,332.39,4,3.63,30.92
400,20,204.58,393.02,0,8.14,12.14
400,20,204.58,393.02,1,36.91,1.05
400,20,204.58,393.02,2,28.50,9.89
400,20,204.58,393.02,3,34.74,23.46
400,20,204.58,393.02,4,3.63,30.92
400,21,376.52,188.26,0,8.14,12.14
400,21,376.52,188.26,1,36.91,1.05
400,21,376.52,188.26,2,28.50,9.89
400,21,376.52,188.26,3,34.74,23.46
400,21,376.52,188.26,4,3.63,30.92
400,22,291.14,376.93,0,8.14,12.14
400,22,291.14,376.93,1,36.91,1.05
400,22,291.14,376.93,2,28.50,9.89
400,22,291.14,376.93,3,34.74,23.46
400,22,291.14,376.93,4,3.63,30.92
400,24,117.60,96.33,0,8.14,12.14
400,24,117.60,96.33,1,36.91,1.05
400,24,117.60,96.33,2,28.50,9.89
400,24,117.60,96.33,3,34.74,23.46
400,24,117.60,96.33,4,3.63,30.92
400,26,288.85,77.97,0,8.14,12.14
400,26,288.85,77.97,1,36.91,1.05
400,26,288.85,77.97,2,28.50,9.89
400,26,288.85,77.97,3,34.74,23.46
400,26,288.85,77.97,4,3.63,30.92
400,28,379.35,311.47,0,8.14,12.14
400,28,379.35,311.47,1,36.91,1.05
400,28,379.35,311.47,2,28.50,9.89
400,28,379.35,311.47,3,34.74,23.46
400,28,379.35,311.47,4,3.63,30.92
400,29,99.23,290.79,0,8.14,12.14
400,29,99.23,290.79,1,36.91,1.05
400,29,99.23,290.79,2,28.50,9.89
400,29,99.23,290.79,3,34.74,23.46
400,29,99.23,290.79,4,3.63,30.92
400,31,257.63,77.53,0,8.14,12.14
400,31,257.63,77.53,1,36.91,1.05
400,31,257.63,77.53,2,28.50,9.89
400,31,257.63,77.53,3,34.74,23.46
400,31,257.63,77.53,4,3.63,30.92
400,34,261.00,99.00,0,8.14,12.14
400,34,261.00,99.00,1,36.91,1.05
400,34,261.00,99.00,2,28.50,9.89
400,34,261.00,99.00,3,34.74,23.46
400,34,261.00,99.00,4,3.63,30.92
400,35,345.89,225.77,0,8.14,12.14
400,35,345.89,225.77,1,36.91,1.05
400,35,345.89,225.77,2,28.50,9.89
400,35,345.89,225.77,3,34.74,23.46
400,35,345.89,225.77,4,3.63,30.92
400,36,47.07,319.17,0,8.14,12.14
400,36,47.07,319.17,1,36.91,1.05
400,36,47.07,319.17,2,28.50,9.89
400,36,47.07,319.17,3,34.74,23.46
400,36,47.07,319.17,4,3.63,30.92
400,38,86.43,257.64,0,8.14,12.14
400,38,86.43,257.64,1,36.91,1.05
400,38,86.43,257.64,2,28.50,9.89
400,38,86.43,257.64,3,34.74,23.46
400,38,86.43,257.64,4,3.63,30.92
400,39,90.96,155.39,0,8.14,12.14
400,39,90.96,155.39,1,36.91,1.05
400,39,90.96,155.39,2,28.50,9.89
400,39,90.96,155.39,3,34.74,23.46
400,39,90.96,155.39,4,3.63,30.92
400,40,291.57,100.52,0,8.14,12.14
400,40,291.57,100.52,1,36.91,1.05
400,40,291.57,100.52,2,28.50,9.89
400,40,291.57,100.52,3,34.74,23.46
400,40,291.57,100.52,4,3.63,30.92
400,41,287.40,279.59,0,8.14,12.14
400,41,287.40,279.59,1,36.91,1.05
400,41,287.40,279.59,2,28.50,9.89
400,41,287.40,279.59,3,34.74,23.46
400,41,287.40,279.59,4,3.63,30.92
400,49,267.61,104.33,0,8.14,12.14
400,49,267.61,104.33,1,36.91,1.05
400,49,267.61,104.33,2,28.50,9.89
400,49,267.61,104.33,3,34.74,23.46
400,49,267.61,104.33,4,3.63,30.92
400,50,336.90,270.79,0,8.14,12.14
400,50,336.90,270.79,1,36.91,1.05
400,50,336.90,270.79,2,28.50,9.89
400,50,336.90,270.79,3,34.74,23.46
400,50,336.90,270.79,4,3.63,30.92
400,53,329.56,226.81,0,8.14,12.14
400,53,329.56,226.81,1,36.91,1.05
400,53,329.56,226.81,2,28.50,9.89
400,53,329.56,226.81,3,34.74,23.46
400,53,329.56,226.81,4,3.63,30.92
400,54,372.39,19.81,0,8.14,12.14
400,54,372.39,19.81,1,36.91,1.05
400,54,372.39,19.81,2,28.50,9.89
400,54,372.39,19.81,3,34.74,23.46
400,54,372.39,19.81,4,3.63,30.92
400,55,336.31,234.23,0,8.14,12.14
400,55,336.31,234.23,1,36.91,1.05
400,55,336.31,234.23,2,28.50,9.89
400,55,336.31,234.23,3,34.74,23.46
400,55,336.31,234.23,4,3.63,30.92
400,56,353.41,207.78,0,8.14,12.14
400,56,353.41,207.78,1,36.91,1.05
400,56,353.41,207.78,2,28.50,9.89
400,56,353.41,207.78,3,34.74,23.46
400,56,353.41,207.78,4,3.63,30.92
400,57,83.92,128.77,0,8.14,12.14
400,57,83.92,128.77,1,36.91,1.05
400,57,83.92,128.77,2,28.50,9.89
400,57,83.92,128.77,3,34.74,23.46
400,57,83.92,128.77,4,3.63,30.92
400,60,134.56,296.07,0,8.14,12.14
400,60,134.56,296.07,1,36.91,1.05
400,60,134.56,296.07,2,28.50,9.89
400,60,134.56,296.07,3,34.74,23.46
400,60,134.56,296.07,4,3.63,30.92
400,61,79.56,122.78,0,8.14,12.14
400,61,79.56,122.78,1,36.91,1.05
400,61,79.56,122.78,2,28.50,9.89
400,61,79.56,122.78,3,34.74,23.46
400,61,79.56,122.78,4,3.63,30.92
400,62,33.48,323.39,0,8.14,12.14
400,62,33.48,323.39,1,36.91,1.05
400,62,33.48,323.39,2,28.50,9.89
400,62,33.48,323.39,3,34.74,23.46
400,62,33.48,323.39,4,3.63,30.92
400,63,92.07,124.64,0,8.14,12.14
400,63,92.07,124.64,1,36.91,1.05
400,63,92.07,124.64,2,28.50,9.89
400,63,92.07,124.64,3,34.74,23.46
400,63,92.07,124.64,4,3.63,30.92
400,66,49.76,334.48,0,8.14,12.14
400,66,49.76,334.48,1,36.91,1.05
400,66,49.76,334.48,2,28.50,9.89
400,66,49.76,334.48,3,34.74,23.46
400,66,49.76,334.48,4,3.63,30.92
400,67,66.74,171.64,0,8.14,12.14
400,67,66.74,171.64,1,36.91,1.05
400,67,66.74,171.64,2,28.50,9.89
400,67,66.74,171.64,3,34.74,23.46
400,67,66.74,171.64,4,3.63,30.92
400,68,211.20,343.47,0,8.14,12.14
400,68,211.20,343.47,1,36.91,1.05
400,68,211.20,343.47,2,28.50,9.89
400,68,211.20,343.47,3,34.74,23.46
400,68,211.20,343.47,4,3.63,30.92
400,69,386.36,305.81,0,8.14,12.14
400,69,386.36,305.81,1,36.91,1.05
400,69,386.36,305.81,2,28.50,9.89
400,69,386.36,305.81,3,34.74,23.46
400,69,386.36,305.81,4,3.63,30.92
400,71,36.23,319.63,0,8.14,12.14
400,71,36.23,319.63,1,36.91,1.05
400,71,36.23,319.63,2,28.50,9.89
400,71,36.23,319.63,3,34.74,23.46
400,71,36.23,319.63,4,3.63,30.92
400,72,26.47,326.25,0,8.14,12.14
400,72,26.47,326.25,1,36.91,1.05
400,72,26.47,326.25,2,28.50,9.89
400,72,26.47,326.25,3,34.74,23.46
400,72,26.47,326.25,4,3.63,30.92
400,73,374.73,209.94,0,8.14,12.14
400,73,374.73,209.94,1,36.91,1.05
400,73,374.73,209.94,2,28.50,9.89
400,73,374.73,209.94,3,34.74,23.46
400,73,374.73,209.94,4,3.63,30.92
400,74,279.50,97.75,0,8.14,12.14
400,74,279.50,97.75,1,36.91,1.05
400,74,279.50,97.75,2,28.50,9.89
400,74,279.50,97.75,3,34.74,23.46
400,74,279.50,97.75,4,3.63,30.92
400,75,249.58,96.78,0,8.14,12.14
400,75,249.58,96.78,1,36.91,1.05
400,75,249.58,96.78,2,28.50,9.89
400,75,249.58,96.78,3,34.74,23.46
400,75,249.58,96.78,4,3.63,30.92
400,76,363.35,197.79,0,8.14,12.14
400,76,363.35,197.79,1,36.91,1.05
400,76,363.35,197.79,2,28.50,9.89
400,76,363.35,197.79,3,34.74,23.46
400,76,363.35,197.79,4,3.63,30.92
400,77,84.92,122.42,0,8.14,12.14
400,77,84.92,122.42,1,36.91,1.05
400,77,84.92,122.42,2,28.50,9.89
400,77,84.92,122.42,3,34.74,23.46
400,77,84.92,122.42,4,3.63,30.92
400,78,187.19,373.45,0,8.14,12.14
400,78,187.19,373.45,1,36.91,1.05
400,78,187.19,373.45,2,28.50,9.89
400,78,187.19,373.45,3,34.74,23.46
400,78,187.19,373.45,4,3.63,30.92
400,81,265.43,349.05,0,8.14,12.14
400,81,265.43,349.05,1,36.91,1.05
400,81,265.43,349.05,2,28.50,9.89
400,81,265.43,349.05,3,34.74,23.46
400,81,265.43,349.05,4,3.63,30.92
400,82,345.88,164.43,0,8.14,12.14
400,82,345.88,164.43,1,36.91,1.05
400,82,345.88,164.43,2,28.50,9.89
400,82,345.88,164.43,3,34.74,23.46
400,82,345.88,164.43,4,3.63,30.92
400,83,227.59,66.94,0,8.14,12.14
400,83,227.59,66.94,1,36.91,1.05
400,83,227.59,66.94,2,28.50,9.89
400,83,227.59,66.94,3,34.74,23.46
400,83,227.59,66.94,4,3.63,30.92
400,84,239.63,278.10,0,8.14,12.14
400,84,239.63,278.10,1,36.91,1.05
400,84,239.63,278.10,2,28.50,9.89
400,84,239.63,278.10,3,34.74,23.46
400,84,239.63,278.10,4,3.63,30.92
400,85,356.87,201.74,0,8.14,12.14
400,85,356.87,201.74,1,36.91,1.05
400,85,356.87,201.74,2,28.50,9.89
400,85,356.87,201.74,3,34.74,23.46
400,85,356.87,201.74,4,3.63,30.92
400,86,79.58,116.96,0,8.14,12.14
400,86,79.58,116.96,1,36.91,1.05
400,86,79.58,116.96,2,28.50,9.89
400,86,79.58,116.96,3,34.74,23.46
400,86,79.58,116.96,4,3.63,30.92
400,87,389.41,22.98,0,8.14,12.14
400,87,389.41,22.98,1,36.91,1.05
400,87,389.41,22.98,2,28.50,9.89
400,87,389.41,22.98,3,34.74,23.46
400,87,389.41,22.98,4,3.63,30.92
400,88,136.06,305.60,0,8.14,12.14
400,88,136.06,305.60,1,36.91,1.05
400,88,136.06,305.60,2,28.50,9.89
400,88,136.06,305.60,3,34.74,23.46
400,88,136.06,305.60,4,3.63,30.92
400,89,293.24,93.26,0,8.14,12.14
400,89,293.24,93.26,1,36.91,1.05
400,89,293.24,93.26,2,28.50,9.89
400,89,293.24,93.26,3,34.74,23.46
400,89,293.24,93.26,4,3.63,30.92
400,90,247.50,75.09,0,8.14,12.14
400,90,247.50,75.09,1,36.91,1.05
400,90,247.50,75.09,2,28.50,9.89
400,90,247.50,75.09,3,34.74,23.46
400,90,247.50,75.09,4,3.63,30.92
400,93,285.05,91.69,0,8.14,12.14
400,93,285.05,91.69,1,36.91,1.05
400,93,285.05,91.69,2,28.50,9.89
400,93,285.05,91.69,3,34.74,23.46
400,93,285.05,91.69,4,3.63,30.92
400,94,23.11,315.14,0,8.14,12.14
400,94,23.11,315.14,1,36.91,1.05
400,94,23.11,315.14,2,28.50,9.89
400,94,23.11,315.14,3,34.74,23.46
400,94,23.11,315.14,4,3.63,30.92
400,95,351.79,217.10,0,8.14,12.14
400,95,351.79,217.10,1,36.91,1.05
400,95,351.79,217.10,2,28.50,9.89
400,95,351.79,217.10,3,34.74,23.46
400,95,351.79,217.10,4,3.63,30.92
400,97,275.30,114.11,0,8.14,12.14
400,97,275.30,114.11,1,36.91,1.05
400,97,275.30,114.11,2,28.50,9.89
400,97,275.30,114.11,3,34.74,23.46
400,97,275.30,114.11,4,3.63,30.92
400,98,372.03,14.30,0,8.14,12.14
400,98,372.03,14.30,1,36.91,1.05
400,98,372.03,14.30,2,28.50,9.89
400,98,372.03,14.30,3,34.74,23.46
400,98,372.03,14.30,4,3.63,30.92
400,102,77.16,132.22,0,8.14,12.14
400,102,77.16,132.22,1,36.91,1.05
400,102,77.16,132.22,2,28.50,9.89
400,102,77.16,132.22,3,34.74,23.46
400,102,77.16,132.22,4,3.63,30.92
400,103,67.33,346.56,0,8.14,12.14
400,103,67.33,346.56,1,36.91,1.05
400,103,67.33,346.56,2,28.50,9.89
400,103,67.33,346.56,3,34.74,23.46
400,103,67.33,346.56,4,3.63,30.92
400,104,381.21,14.63,0,8.14,12.14
400,104,381.21,14.63,1,36.91,1.05
400,104,381.21,14.63,2,28.50,9.89
400,104,381.21,14.63,3,34.74,23.46
400,104,381.21,14.63,4,3.63,30.92
400,106,35.93,302.58,0,8.14,12.14
400,106,35.93,302.58,1,36.91,1.05
400,106,35.93,302.58,2,28.50,9.89
400,106,35.93,302.58,3,34.74,23.46
400,106,35.93,302.58,4,3.63,30.92
400,107,283.88,104.69,0,8.14,12.14
400,107,283.88,104.69,1,36.91,1.05
400,107,283.88,104.69,2,28.50,9.89
400,107,283.88,104.69,3,34.74,23.46
400,107,283.88,104.69,4,3.63,30.92
400,108,47.40,88.25,0,8.14,12.14
400,108,47.40,88.25,1,36.91,1.05
400,108,47.40,88.25,2,28.50,9.89
400,108,47.40,88.25,3,34.74,23.46
400,108,47.40,88.25,4,3.63,30.92
400,110,65.68,314.74,0,8.14,12.14
400,110,65.68,314.74,1,36.91,1.05
400,110,65.68,314.74,2,28.50,9.89
400,110,65.68,314.74,3,34.74,23.46
400,110,65.68,314.74,4,3.63,30.92
400,111,385.89,35.07,0,8.14,12.14
400,111,385.89,35.07,1,36.91,1.05
400,111,385.89,35.07,2,28.50,9.89
400,111,385.89,35.07,3,34.74,23.46
400,111,385.89,35.07,4,3.63,30.92
400,112,251.58,104.81,0,8.14,12.14
400,112,251.58,104.81,1,36.91,1.05
400,112,251.58,104.81,2,28.50,9.89
400,112,251.58,104.81,3,34.74,23.46
400,112,251.58,104.81,4,3.63,30.92
400,113,95.15,114.73,0,8.14,12.14
400,113,95.15,114.73,1,36.91,1.05
400,113,95.15,114.73,2,28.50,9.89
400,113,95.15,114.73,3,34.74,23.46
400,113,95.15,114.73,4,3.63,30.92
400,114,153.85,63.08,0,8.14,12.14
400,114,153.85,63.08,1,36.91,1.05
400,114,153.85,63.08,2,28.50,9.89
400,114,153.85,63.08,3,34.74,23.46
400,114,153.85,63.08,4,3.63,30.92
400,115,364.07,226.17,0,8.14,12.14
400,115,364.07,226.17,1,36.91,1.05
400,115,364.07,226.17,2,28.50,9.89
400,115,364.07,226.17,3,34.74,23.46
400,115,364.07,226.17,4,3.63,30.92
400,116,268.90,109.77,0,8.14,12.14
400,116,268.90,109.77,1,36.91,1.05
400,116,268.90,109.77,2,28.50,9.89
400,116,268.90,109.77,3,34.74,23.46
400,116,268.90,109.77,4,3.63,30.92
400,117,357.91,170.93,0,8.14,12.14
400,117,357.91,170.93,1,36.91,1.05
400,117,357.91,170.93,2,28.50,9.89
400,117,357.91,170.93,3,34.74,23.46
400,117,357.91,170.93,4,3.63,30.92
400,118,84.40,152.72,0,8.14,12.14
400,118,84.40,152.72,1,36.91,1.05
400,118,84.40,152.72,2,28.50,9.89
400,118,84.40,152.72,3,34.74,23.46
400,118,84.40,152.72,4,3.63,30.92
400,119,297.85,112.31,0,8.14,12.14
400,119,297.85,112.31,1,36.91,1.05
400,119,297.85,112.31,2,28.50,9.89
400,119,297.85,112.31,3,34.74,23.46
400,119,297.85,112.31,4,3.63,30.92
400,120,169.15,211.87,0,8.14,12.14
400,120,169.15,211.87,1,36.91,1.05
400,120,169.15,211.87,2,28.50,9.89
400,120,169.15,211.87,3,34.74,23.46
400,120,169.15,211.87,4,3.63,30.92
400,122,101.23,262.70,0,8.14,12.14
400,122,101.23,262.70,1,36.91,1.05
400,122,101.23,262.70,2,28.50,9.89
400,122,101.23,262.70,3,34.74,23.46
400,122,101.23,262.70,4,3.63,30.92
400,123,114.75,315.22,0,8.14,12.14
400,123,114.75,315.22,1,36.91,1.05
400,123,114.75,315.22,2,28.50,9.89
400,123,114.75,315.22,3,34.74,23.46
400,123,114.75,315.22,4,3.63,30.92
400,124,100.92,82.92,0,8.14,12.14
400,124,100.92,82.92,1,36.91,1.05
400,124,100.92,82.92,2,28.50,9.89
400,124,100.92,82.92,3,34.74,23.46
400,124,100.92,82.92,4,3.63,30.92
400,125,361.69,153.42,0,8.14,12.14
400,125,361.69,153.42,1,36.91,1.05
400,125,361.69,153.42,2,28.50,9.89
400,125,361.69,153.42,3,34.74,23.46
400,125,361.69,153.42,4,3.63,30.92
400,126,78.50,110.42,0,8.14,12.14
400,126,78.50,110.42,1,36.91,1.05
400,126,78.50,110.42,2,28.50,9.89
400,126,78.50,110.42,3,34.74,23.46
400,126,78.50,110.42,4,3.63,30.92
400,128,227.00,353.75,0,8.14,12.14
400,128,227.00,353.75,1,36.91,1.05
400,128,227.00,353.75,2,28.50,9.89
400,128,227.00,353.75,3,34.74,23.46
400,128,227.00,353.75,4,3.63,30.92
400,129,321.38,191.72,0,8.14,12.14
400,129,321.38,191.72,1,36.91,1.05
400,129,321.38,191.72,2,28.50,9.89
400,129,321.38,191.72,3,34.74,23.46
400,129,321.38,191.72,4,3.63,30.92
400,132,365.12,249.12,0,8.14,12.14
400,132,365.12,249.12,1,36.91,1.05
400,132,365.12,249.12,2,28.50,9.89
400,132,365.12,249.12,3,34.74,23.46
400,132,365.12,249.12,4,3.63,30.92
400,133,70.94,115.91,0,8.14,12.14
400,133,70.94,115.91,1,36.91,1.05
400,133,70.94,115.91,2,28.50,9.89
400,133,70.94,115.91,3,34.74,23.46
400,133,70.94,115.91,4,3.63,30.92
400,135,47.89,297.12,0,8.14,12.14
400,135,47.89,297.12,1,36.91,1.05
400,135,47.89,297.12,2,28.50,9.89
400,135,47.89,297.12,3,34.74,23.46
400,135,47.89,297.12,4,3.63,30.92
400,139,354.25,182.14,0,8.14,12.14
400,139,354.25,182.14,1,36.91,1.05
400,139,354.25,182.14,2,28.50,9.89
400,139,354.25,182.14,3,34.74,23.46
400,139,354.25,182.14,4,3.63,30.92
400,141,350.30,390.42,0,8.14,12.14
400,141,350.30,390.42,1,36.91,1.05
400,141,350.30,390.42,2,28.50,9.89
400,141,350.30,390.42,3,34.74,23.46
400,141,350.30,390.42,4,3.63,30.92
400,143,343.29,306.16,0,8.14,12.14
400,143,343.29,306.16,1,36.91,1.05
400,143,343.29,306.16,2,28.50,9.89
400,143,343.29,306.16,3,34.74,23.46
400,143,343.29,306.16,4,3.63,30.92
400,145,220.44,329.30,0,8.14,12.14
400,145,220.44,329.30,1,36.91,1.05
400,145,220.44,329.30,2,28.50,9.89
400,145,220.44,329.30,3,34.74,23.46
400,145,220.44,329.30,4,3.63,30.92
400,146,100.46,145.98,0,8.14,12.14
400,146,100.46,145.98,1,36.91,1.05
400,146,100.46,145.98,2,28.50,9.89
400,146,100.46,145.98,3,34.74,23.46
400,146,100.46,145.98,4,3.63,30.92
400,148,340.69,223.64,0,8.14,12.14
400,148,340.69,223.64,1,36.91,1.05
400,148,340.69,223.64,2,28.50,9.89
400,148,340.69,223.64,3,34.74,23.46
400,148,340.69,223.64,4,3.63,30.92
400,149,350.00,235.50,0,8.14,12.14
400,149,350.00,235.50,1,36.91,1.05
400,149,350.00,235.50,2,28.50,9.89
400,149,350.00,235.50,3,34.74,23.46
400,149,350.00,235.50,4,3.63,30.92
400,150,287.16,111.13,0,8.14,12.14
400,150,287.16,111.13,1,36.91,1.05
400,150,287.16,111.13,2,28.50,9.89
400,150,287.16,111.13,3,34.74,23.46
400,150,287.16,111.13,4,3.63,30.92
400,151,255.23,95.95,0,8.14,12.14
400,151,255.23,95.95,1,36.91,1.05
400,151,255.23,95.95,2,28.50,9.89
400,151,255.23,95.95,3,34.74,23.46
400,151,255.23,95.95,4,3.63,30.92
400,152,77.14,107.11,0,8.14,12.14
400,152,77.14,107.11,1,36.91,1.05
400,152,77.14,107.11,2,28.50,9.89
400,152,77.14,107.11,3,34.74,23.46
400,152,77.14,107.11,4,3.63,30.92
400,155,263.45,112.01,0,8.14,12.14
400,155,263.45,112.01,1,36.91,1.05
400,155,263.45,112.01,2,28.50,9.89
400,155,263.45,112.01,3,34.74,23.46
400,155,263.45,112.01,4,3.63,30.92
400,156,354.68,266.95,0,8.14,12.14
400,156,354.68,266.95,1,36.91,1.05
400,156,354.68,266.95,2,28.50,9.89
400,156,354.68,266.95,3,34.74,23.46
400,156,354.68,266.95,4,3.63,30.92
400,157,276.00,95.83,0,8.14,12.14
400,157,276.00,95.83,1,36.91,1.05
400,157,276.00,95.83,2,28.50,9.89
400,157,276.00,95.83,3,34.74,23.46
400,157,276.00,95.83,4,3.63,30.92
400,159,359.86,252.83,0,8.14,12.14
400,159,359.86,252.83,1,36.91,1.05
400,159,359.86,252.83,2,28.50,9.89
400,159,359.86,252.83,3,34.74,23.46
400,159,359.86,252.83,4,3.63,30.92
400,160,328.35,385.63,0,8.14,12.14
400,160,328.35,385.63,1,36.91,1.05
400,160,328.35,385.63,2,28.50,9.89
400,160,328.35,385.63,3,34.74,23.46
400,160,328.35,385.63,4,3.63,30.92
400,161,163.65,132.21,0,8.14,12.14
400,161,163.65,132.21,1,36.91,1.05
400,161,163.65,132.21,2,28.50,9.89
400,161,163.65,132.21,3,34.74,23.46
400,161,163.65,132.21,4,3.63,30.92
400,162,296.71,333.14,0,8.14,12.14
400,162,296.71,333.14,1,36.91,1.05
400,162,296.71,333.14,2,28.50,9.89
400,162,296.71,333.14,3,34.74,23.46
400,162,296.71,333.14,4,3.63,30.92
400,163,201.74,123.18,0,8.14,12.14
400,163,201.74,123.18,1,36.91,1.05
400,163,201.74,123.18,2,28.50,9.89
400,163,201.74,123.18,3,34.74,23.46
400,163,201.74,123.18,4,3.63,30.92
400,164,57.08,72.31,0,8.14,12.14
400,164,57.08,72.31,1,36.91,1.05
400,164,57.08,72.31,2,28.50,9.89
400,164,57.08,72.31,3,34.74,23.46
400,164,57.08,72.31,4,3.63,30.92
400,165,91.21,107.31,0,8.14,12.14
400,165,91.21,107.31,1,36.91,1.05
400,165,91.21,107.31,2,28.50,9.89
400,165,91.21,107.31,3,34.74,23.46
400,165,91.21,107.31,4,3.63,30.92
400,166,294.26,362.93,0,8.14,12.14
400,166,294.26,362.93,1,36.91,1.05
400,166,294.26,362.93,2,28.50,9.89
400,166,294.26,362.93,3,34.74,23.46
400,166,294.26,362.93,4,3.63,30.92
400,167,374.72,280.88,0,8.14,12.14
400,167,374.72,280.88,1,36.91,1.05
400,167,374.72,280.88,2,28.50,9.89
400,167,374.72,280.88,3,34.74,23.46
400,167,374.72,280.88,4,3.63,30.92
400,168,191.04,277.92,0,8.14,12.14
400,168,191.04,277.92,1,36.91,1.05
400,168,191.04,277.92,2,28.50,9.89
400,168,191.04,277.92,3,34.74,23.46
400,168,191.04,277.92,4,3.63,30.92
400,169,263.33,91.66,0,8.14,12.14
400,169,263.33,91.66,1,36.91,1.05
400,169,263.33,91.66,2,28.50,9.89
400,169,263.33,91.66,3,34.74,23.46
400,169,263.33,91.66,4,3.63,30.92
400,170,342.35,236.39,0,8.14,12.14
400,170,342.35,236.39,1,36.91,1.05
400,170,342.35,236.39,2,28.50,9.89
400,170,342.35,236.39,3,34.74,23.46
400,170,342.35,236.39,4,3.63,30.92
400,172,363.44,220.56,0,8.14,12.14
400,172,363.44,220.56,1,36.91,1.05
400,172,363.44,220.56,2,28.50,9.89
400,172,363.44,220.56,3,34.74,23.46
400,172,363.44,220.56,4,3.63,30.92
400,173,377.67,199.94,0,8.14,12.14
400,173,377.67,199.94,1,36.91,1.05
400,173,377.67,199.94,2,28.50,9.89
400,173,377.67,199.94,3,34.74,23.46
400,173,377.67,199.94,4,3.63,30.92
400,174,154.79,221.35,0,8.14,12.14
400,174,154.79,221.35,1,36.91,1.05
400,174,154.79,221.35,2,28.50,9.89
400,174,154.79,221.35,3,34.74,23.46
400,174,154.79,221.35,4,3.63,30.92
400,176,69.03,154.27,0,8.14,12.14
400,176,69.03,154.27,1,36.91,1.05
400,176,69.03,154.27,2,28.50,9.89
400,176,69.03,154.27,3,34.74,23.46
400,176,69.03,154.27,4,3.63,30.92
400,177,202.97,276.40,0,8.14,12.14
400,177,202.97,276.40,1,36.91,1.05
400,177,202.97,276.40,2,28.50,9.89
400,177,202.97,276.40,3,34.74,23.46
400,177,202.97,276.40,4,3.63,30.92
400,178,270.84,94.00,0,8.14,12.14
400,178,270.84,94.00,1,36.91,1.05
400,178,270.84,94.00,2,28.50,9.89
400,178,270.84,94.00,3,34.74,23.46
400,178,270.84,94.00,4,3.63,30.92
400,180,244.85,130.72,0,8.14,12.14
400,180,244.85,130.72,1,36.91,1.05
400,180,244.85,130.72,2,28.50,9.89
400,180,244.85,130.72,3,34.74,23.46
400,180,244.85,130.72,4,3.63,30.92
400,181,52.82,124.32,0,8.14,12.14
400,181,52.82,124.32,1,36.91,1.05
400,181,52.82,124.32,2,28.50,9.89
400,181,52.82,124.32,3,34.74,23.46
400,181,52.82,124.32,4,3.63,30.92
400,183,90.00,118.00,0,8.14,12.14
400,183,90.00,118.00,1,36.91,1.05
400,183,90.00,118.00,2,28.50,9.89
400,183,90.00,118.00,3,34.74,23.46
400,183,90.00,118.00,4,3.63,30.92
400,184,85.89,100.07,0,8.14,12.14
400,184,85.89,100.07,1,36.91,1.05
400,184,85.89,100.07,2,28.50,9.89
400,184,85.89,100.07,3,34.74,23.46
400,184,85.89,100.07,4,3.63,30.92
400,185,50.14,307.11,0,8.14,12.14
400,185,50.14,307.11,1,36.91,1.05
400,185,50.14,307.11,2,28.50,9.89
400,185,50.14,307.11,3,34.74,23.46
400,185,50.14,307.11,4,3.63,30.92
400,187,87.08,313.03,0,8.14,12.14
400,187,87.08,313.03,1,36.91,1.05
400,187,87.08,313.03,2,28.50,9.89
400,187,87.08,313.03,3,34.74,23.46
400,187,87.08,313.03,4,3.63,30.92
400,188,287.57,101.86,0,8.14,12.14
400,188,287.57,101.86,1,36.91,1.05
400,188,287.57,101.86,2,28.50,9.89
400,188,287.57,101.86,3,34.74,23.46
400,188,287.57,101.86,4,3.63,30.92
400,190,70.71,95.89,0,8.14,12.14
400,190,70.71,95.89,1,36.91,1.05
400,190,70.71,95.89,2,28.50,9.89
400,190,70.71,95.89,3,34.74,23.46
400,190,70.71,95.89,4,3.63,30.92
400,193,299.05,103.71,0,8.14,12.14
400,193,299.05,103.71,1,36.91,1.05
400,193,299.05,103.71,2,28.50,9.89
400,193,299.05,103.71,3,34.74,23.46
400,193,299.05,103.71,4,3.63,30.92
400,194,85.52,117.78,0,8.14,12.14
400,194,85.52,117.78,1,36.91,1.05
400,194,85.52,117.78,2,28.50,9.89
400,194,85.52,117.78,3,34.74,23.46
400,194,85.52,117.78,4,3.63,30.92
400,195,64.23,333.94,0,8.14,12.14
400,195,64.23,333.94,1,36.91,1.05
400,195,64.23,333.94,2,28.50,9.89
400,195,64.23,333.94,3,34.74,23.46
400,195,64.23,333.94,4,3.63,30.92
400,198,355.25,223.77,0,8.14,12.14
400,198,355.25,223.77,1,36.91,1.05
400,198,355.25,223.77,2,28.50,9.89
400,198,355.25,223.77,3,34.74,23.46
400,198,355.25,223.77,4,3.63,30.92
400,199,69.56,132.57,0,8.14,12.14
400,199,69.56,132.57,1,36.91,1.05
400,199,69.56,132.57,2,28.50,9.89
400,199,69.56,132.57,3,34.74,23.46
400,199,69.56,132.57,4,3.63,30.92
400,200,65.43,100.90,0,8.14,12.14
400,200,65.43,100.90,1,36.91,1.05
400,200,65.43,100.90,2,28.50,9.89
400,200,65.43,100.90,3,34.74,23.46
400,200,65.43,100.90,4,3.63,30.92
400,201,360.38,218.38,0,8.14,12.14
400,201,360.38,218.38,1,36.91,1.05
400,201,360.38,218.38,2,28.50,9.89
400,201,360.38,218.38,3,34.74,23.46
400,201,360.38,218.38,4,3.63,30.92
400,203,355.50,228.50,0,8.14,12.14
400,203,355.50,228.50,1,36.91,1.05
400,203,355.50,228.50,2,28.50,9.89
400,203,355.50,228.50,3,34.74,23.46
400,203,355.50,228.50,4,3.63,30.92
400,206,281.54,101.46,0,8.14,12.14
400,206,281.54,101.46,1,36.91,1.05
400,206,281.54,101.46,2,28.50,9.89
400,206,281.54,101.46,3,34.74,23.46
400,206,281.54,101.46,4,3.63,30.92
400,207,25.00,304.14,0,8.14,12.14
400,207,25.00,304.14,1,36.91,1.05
400,207,25.00,304.14,2,28.50,9.89
400,207,25.00,304.14,3,34.74,23.46
400,207,25.00,304.14,4,3.63,30.92
400,208,31.50,311.50,0,8.14,12.14
400,208,31.50,311.50,1,36.91,1.05
400,208,31.50,311.50,2,28.50,9.89
400,208,31.50,311.50,3,34.74,23.46
400,208,31.50,311.50,4,3.63,30.92
400,211,86.06,354.21,0,8.14,12.14
400,211,86.06,354.21,1,36.91,1.05
400,211,86.06,354.21,2,28.50,9.89
400,211,86.06,354.21,3,34.74,23.46
400,211,86.06,354.21,4,3.63,30.92
400,212,362.83,241.54,0,8.14,12.14
400,212,362.83,241.54,1,36.91,1.05
400,212,362.83,241.54,2,28.50,9.89
400,212,362.83,241.54,3,34.74,23.46
400,212,362.83,241.54,4,3.63,30.92
400,213,359.93,233.93,0,8.14,12.14
400,213,359.93,233.93,1,36.91,1.05
400,213,359.93,233.93,2,28.50,9.89
400,213,359.93,233.93,3,34.74,23.46
400,213,359.93,233.93,4,3.63,30.92
400,214,280.26,94.78,0,8.14,12.14
400,214,280.26,94.78,1,36.91,1.05
400,214,280.26,94.78,2,28.50,9.89
400,214,280.26,94.78,3,34.74,23.46
400,214,280.26,94.78,4,3.63,30.92
400,215,246.74,391.96,0,8.14,12.14
400,215,246.74,391.96,1,36.91,1.05
400,215,246.74,391.96,2,28.50,9.89
400,215,246.74,391.96,3,34.74,23.46
400,215,246.74,391.96,4,3.63,30.92
400,216,242.80,391.73,0,8.14,12.14
400,216,242.80,391.73,1,36.91,1.05
400,216,242.80,391.73,2,28.50,9.89
400,216,242.80,391.73,3,34.74,23.46
400,216,242.80,391.73,4,3.63,30.92
400,217,383.83,11.78,0,8.14,12.14
400,217,383.83,11.78,1,36.91,1.05
400,217,383.83,11.78,2,28.50,9.89
400,217,383.83,11.78,3,34.74,23.46
400,217,383.83,11.78,4,3.63,30.92
400,218,272.20,379.69,0,8.14,12.14
400,218,272.20,379.69,1,36.91,1.05
400,218,272.20,379.69,2,28.50,9.89
400,218,272.20,379.69,3,34.74,23.46
400,218,272.20,379.69,4,3.63,30.92
400,219,61.39,108.81,0,8.14,12.14
400,219,61.39,108.81,1,36.91,1.05
400,219,61.39,108.81,2,28.50,9.89
400,219,61.39,108.81,3,34.74,23.46
400,219,61.39,108.81,4,3.63,30.92
400,221,349.00,235.00,0,8.14,12.14
400,221,349.00,235.00,1,36.91,1.05
400,221,349.00,235.00,2,28.50,9.89
400,221,349.00,235.00,3,34.74,23.46
400,221,349.00,235.00,4,3.63,30.92
400,223,351.86,226.25,0,8.14,12.14
400,223,351.86,226.25,1,36.91,1.05
400,223,351.86,226.25,2,28.50,9.89
400,223,351.86,226.25,3,34.74,23.46
400,223,351.86,226.25,4,3.63,30.92
400,226,295.79,133.75,0,8.14,12.14
400,226,295.79,133.75,1,36.91,1.05
400,226,295.79,133.75,2,28.50,9.89
400,226,295.79,133.75,3,34.74,23.46
400,226,295.79,133.75,4,3.63,30.92
400,227,49.30,314.14,0,8.14,12.14
400,227,49.30,314.14,1,36.91,1.05
400,227,49.30,314.14,2,28.50,9.89
400,227,49.30,314.14,3,34.74,23.46
400,227,49.30,314.14,4,3.63,30.92
400,228,275.70,86.62,0,8.14,12.14
400,228,275.70,86.62,1,36.91,1.05
400,228,275.70,86.62,2,28.50,9.89
400,228,275.70,86.62,3,34.74,23.46
400,228,275.70,86.62,4,3.63,30.92
400,229,138.49,113.20,0,8.14,12.14
400,229,138.49,113.20,1,36.91,1.05
400,229,138.49,113.20,2,28.50,9.89
400,229,138.49,113.20,3,34.74,23.46
400,229,138.49,113.20,4,3.63,30.92
400,230,134.03,74.28,0,8.14,12.14
400,230,134.03,74.28,1,36.91,1.05
400,230,134.03,74.28,2,28.50,9.89
400,230,134.03,74.28,3,34.74,23.46
400,230,134.03,74.28,4,3.63,30.92
400,231,303.02,303.45,0,8.14,12.14
400,231,303.02,303.45,1,36.91,1.05
400,231,303.02,303.45,2,28.50,9.89
400,231,303.02,303.45,3,34.74,23.46
400,231,303.02,303.45,4,3.63,30.92
400,232,374.16,28.37,0,8.14,12.14
400,232,374.16,28.37,1,36.91,1.05
400,232,374.16,28.37,2,28.50,9.89
400,232,374.16,28.37,3,34.74,23.46
400,232,374.16,28.37,4,3.63,30.92
400,233,364.14,229.31,0,8.14,12.14
400,233,364.14,229.31,1,36.91,1.05
400,233,364.14,229.31,2,28.50,9.89
400,233,364.14,229.31,3,34.74,23.46
400,233,364.14,229.31,4,3.63,30.92
400,237,159.91,139.95,0,8.14,12.14
400,237,159.91,139.95,1,36.91,1.05
400,237,159.91,139.95,2,28.50,9.89
400,237,159.91,139.95,3,34.74,23.46
400,237,159.91,139.95,4,3.63,30.92
400,238,23.46,308.22,0,8.14,12.14
400,238,23.46,308.22,1,36.91,1.05
400,238,23.46,308.22,2,28.50,9.89
400,238,23.46,308.22,3,34.74,23.46
400,238,23.46,308.22,4,3.63,30.92
400,239,236.94,116.13,0,8.14,12.14
400,239,236.94,116.13,1,36.91,1.05
400,239,236.94,116.13,2,28.50,9.89
400,239,236.94,116.13,3,34.74,23.46
400,239,236.94,116.13,4,3.63,30.92
400,240,104.89,254.79,0,8.14,12.14
400,240,104.89,254.79,1,36.91,1.05
400,240,104.89,254.79,2,28.50,9.89
400,240,104.89,254.79,3,34.74,23.46
400,240,104.89,254.79,4,3.63,30.92
400,241,374.13,217.26,0,8.14,12.14
400,241,374.13,217.26,1,36.91,1.05
400,241,374.13,217.26,2,28.50,9.89
400,241,374.13,217.26,3,34.74,23.46
400,241,374.13,217.26,4,3.63,30.92
400,242,226.41,221.09,0,8.14,12.14
400,242,226.41,221.09,1,36.91,1.05
400,242,226.41,221.09,2,28.50,9.89
400,242,226.41,221.09,3,34.74,23.46
400,242,226.41,221.09,4,3.63,30.92
400,243,32.00,310.00,0,8.14,12.14
400,243,32.00,310.00,1,36.91,1.05
400,243,32.00,310.00,2,28.50,9.89
400,243,32.00,310.00,3,34.74,23.46
400,243,32.00,310.00,4,3.63,30.92
400,244,144.11,325.06,0,8.14,12.14
400,244,144.11,325.06,1,36.91,1.05
400,244,144.11,325.06,2,28.50,9.89
400,244,144.11,325.06,3,34.74,23.46
400,244,144.11,325.06,4,3.63,30.92
400,245,250.91,123.38,0,8.14,12.14
400,245,250.91,123.38,1,36.91,1.05
400,245,250.91,123.38,2,28.50,9.89
400,245,250.91,123.38,3,34.74,23.46
400,245,250.91,123.38,4,3.63,30.92
400,248,372.48,267.13,0,8.14,12.14
400,248,372.48,267.13,1,36.91,1.05
400,248,372.48,267.13,2,28.50,9.89
400,248,372.48,267.13,3,34.74,23.46
400,248,372.48,267.13,4,3.63,30.92
400,249,384.39,392.90,0,8.14,12.14
400,249,384.39,392.90,1,36.91,1.05
400,249,384.39,392.90,2,28.50,9.89
400,249,384.39,392.90,3,34.74,23.46
400,249,384.39,392.90,4,3.63,30.92
400,250,260.15,285.95,0,8.14,12.14
400,250,260.15,285.95,1,36.91,1.05
400,250,260.15,285.95,2,28.50,9.89
400,250,260.15,285.95,3,34.74,23.46
400,250,260.15,285.95,4,3.63,30.92
400,251,42.65,312.88,0,8.14,12.14
400,251,42.65,312.88,1,36.91,1.05
400,251,42.65,312.88,2,28.50,9.89
400,251,42.65,312.88,3,34.74,23.46
400,251,42.65,312.88,4,3.63,30.92
400,252,62.00,101.40,0,8.14,12.14
400,252,62.00,101.40,1,36.91,1.05
400,252,62.00,101.40,2,28.50,9.89
400,252,62.00,101.40,3,34.74,23.46
400,252,62.00,101.40,4,3.63,30.92
400,253,342.79,211.15,0,8.14,12.14
400,253,342.79,211.15,1,36.91,1.05
400,253,342.79,211.15,2,28.50,9.89
400,253,342.79,211.15,3,34.74,23.46
400,253,342.79,211.15,4,3.63,30.92
400,254,364.99,192.25,0,8.14,12.14
400,254,364.99,192.25,1,36.91,1.05
400,254,364.99,192.25,2,28.50,9.89
400,254,364.99,192.25,3,34.74,23.46
400,254,364.99,192.25,4,3.63,30.92
400,258,381.20,25.90,0,8.14,12.14
400,258,381.20,25.90,1,36.91,1.05
400,258,381.20,25.90,2,28.50,9.89
400,258,381.20,25.90,3,34.74,23.46
400,258,381.20,25.90,4,3.63,30.92
400,259,94.90,109.60,0,8.14,12.14
400,259,94.90,109.60,1,36.91,1.05
400,259,94.90,109.60,2,28.50,9.89
400,259,94.90,109.60,3,34.74,23.46
400,259,94.90,109.60,4,3.63,30.92
400,260,329.85,358.63,0,8.14,12.14
400,260,329.85,358.63,1,36.91,1.05
400,260,329.85,358.63,2,28.50,9.89
400,260,329.85,358.63,3,34.74,23.46
400,260,329.85,358.63,4,3.63,30.92
400,261,39.71,317.91,0,8.14,12.14
400,261,39.71,317.91,1,36.91,1.05
400,261,39.71,317.91,2,28.50,9.89
400,261,39.71,317.91,3,34.74,23.46
400,261,39.71,317.91,4,3.63,30.92
400,262,149.19,101.44,0,8.14,12.14
400,262,149.19,101.44,1,36.91,1.05
400,262,149.19,101.44,2,28.50,9.89
400,262,149.19,101.44,3,34.74,23.46
400,262,149.19,101.44,4,3.63,30.92
400,263,142.30,91.45,0,8.14,12.14
400,263,142.30,91.45,1,36.91,1.05
400,263,142.30,91.45,2,28.50,9.89
400,263,142.30,91.45,3,34.74,23.46
400,263,142.30,91.45,4,3.63,30.92
400,264,73.46,122.01,0,8.14,12.14
400,264,73.46,122.01,1,36.91,1.05
400,264,73.46,122.01,2,28.50,9.89
400,264,73.46,122.01,3,34.74,23.46
400,264,73.46,122.01,4,3.63,30.92
400,265,228.58,337.05,0,8.14,12.14
400,265,228.58,337.05,1,36.91,1.05
400,265,228.58,337.05,2,28.50,9.89
400,265,228.58,337.05,3,34.74,23.46
400,265,228.58,337.05,4,3.63,30.92
400,266,66.74,306.65,0,8.14,12.14
400,266,66.74,306.65,1,36.91,1.05
400,266,66.74,306.65,2,28.50,9.89
400,266,66.74,306.65,3,34.74,23.46
400,266,66.74,306.65,4,3.63,30.92
400,267,232.46,78.89,0,8.14,12.14
400,267,232.46,78.89,1,36.91,1.05
400,267,232.46,78.89,2,28.50,9.89
400,267,232.46,78.89,3,34.74,23.46
400,267,232.46,78.89,4,3.63,30.92
400,268,261.00,101.00,0,8.14,12.14
400,268,261.00,101.00,1,36.91,1.05
400,268,261.00,101.00,2,28.50,9.89
400,268,261.00,101.00,3,34.74,23.46
400,268,261.00,101.00,4,3.63,30.92
400,269,60.22,132.18,0,8.14,12.14
400,269,60.22,132.18,1,36.91,1.05
400,269,60.22,132.18,2,28.50,9.89
400,269,60.22,132.18,3,34.74,23.46
400,269,60.22,132.18,4,3.63,30.92
400,273,28.56,301.29,0,8.14,12.14
400,273,28.56,301.29,1,36.91,1.05
400,273,28.56,301.29,2,28.50,9.89
400,273,28.56,301.29,3,34.74,23.46
400,273,28.56,301.29,4,3.63,30.92
400,274,95.96,58.66,0,8.14,12.14
400,274,95.96,58.66,1,36.91,1.05
400,274,95.96,58.66,2,28.50,9.89
400,274,95.96,58.66,3,34.74,23.46
400,274,95.96,58.66,4,3.63,30.92
400,275,343.39,232.61,0,8.14,12.14
400,275,343.39,232.61,1,36.91,1.05
400,275,343.39,232.61,2,28.50,9.89
400,275,343.39,232.61,3,34.74,23.46
400,275,343.39,232.61,4,3.63,30.92
400,277,321.09,206.45,0,8.14,12.14
400,277,321.09,206.45,1,36.91,1.05
400,277,321.09,206.45,2,28.50,9.89
400,277,321.09,206.45,3,34.74,23.46
400,277,321.09,206.45,4,3.63,30.92
400,278,57.21,337.17,0,8.14,12.14
400,278,57.21,337.17,1,36.91,1.05
400,278,57.21,337.17,2,28.50,9.89
400,278,57.21,337.17,3,34.74,23.46
400,278,57.21,337.17,4,3.63,30.92
400,279,211.69,391.83,0,8.14,12.14
400,279,211.69,391.83,1,36.91,1.05
400,279,211.69,391.83,2,28.50,9.89
400,279,211.69,391.83,3,34.74,23.46
400,279,211.69,391.83,4,3.63,30.92
400,281,267.34,80.32,0,8.14,12.14
400,281,267.34,80.32,1,36.91,1.05
400,281,267.34,80.32,2,28.50,9.89
400,281,267.34,80.32,3,34.74,23.46
400,281,267.34,80.32,4,3.63,30.92
400,282,367.20,217.60,0,8.14,12.14
400,282,367.20,217.60,1,36.91,1.05
400,282,367.20,217.60,2,28.50,9.89
400,282,367.20,217.60,3,34.74,23.46
400,282,367.20,217.60,4,3.63,30.92
400,283,346.75,204.14,0,8.14,12.14
400,283,346.75,204.14,1,36.91,1.05
400,283,346.75,204.14,2,28.50,9.89
400,283,346.75,204.14,3,34.74,23.46
400,283,346.75,204.14,4,3.63,30.92
400,285,220.13,354.25,0,8.14,12.14
400,285,220.13,354.25,1,36.91,1.05
400,285,220.13,354.25,2,28.50,9.89
400,285,220.13,354.25,3,34.74,23.46
400,285,220.13,354.25,4,3.63,30.92
400,286,258.77,341.21,0,8.14,12.14
400,286,258.77,341.21,1,36.91,1.05
400,286,258.77,341.21,2,28.50,9.89
400,286,258.77,341.21,3,34.74,23.46
400,286,258.77,341.21,4,3.63,30.92
400,288,94.23,49.48,0,8.14,12.14
400,288,94.23,49.48,1,36.91,1.05
400,288,94.23,49.48,2,28.50,9.89
400,288,94.23,49.48,3,34.74,23.46
400,288,94.23,49.48,4,3.63,30.92
400,290,343.45,242.35,0,8.14,12.14
400,290,343.45,242.35,1,36.91,1.05
400,290,343.45,242.35,2,28.50,9.89
400,290,343.45,242.35,3,34.74,23.46
400,290,343.45,242.35,4,3.63,30.92
400,291,74.83,91.01,0,8.14,12.14
400,291,74.83,91.01,1,36.91,1.05
400,291,74.83,91.01,2,28.50,9.89
400,291,74.83,91.01,3,34.74,23.46
400,291,74.83,91.01,4,3.63,30.92
400,292,294.93,286.53,0,8.14,12.14
400,292,294.93,286.53,1,36.91,1.05
400,292,294.93,286.53,2,28.50,9.89
400,292,294.93,286.53,3,34.74,23.46
400,292,294.93,286.53,4,3.63,30.92
400,293,276.62,98.92,0,8.14,12.14
400,293,276.62,98.92,1,36.91,1.05
400,293,276.62,98.92,2,28.50,9.89
400,293,276.62,98.92,3,34.74,23.46
400,293,276.62,98.92,4,3.63,30.92
400,294,56.99,324.85,0,8.14,12.14
400,294,56.99,324.85,1,36.91,1.05
400,294,56.99,324.85,2,28.50,9.89
400,294,56.99,324.85,3,34.74,23.46
400,294,56.99,324.85,4,3.63,30.92
400,297,367.22,201.97,0,8.14,12.14
400,297,367.22,201.97,1,36.91,1.05
400,297,367.22,201.97,2,28.50,9.89
400,297,367.22,201.97,3,34.74,23.46
400,297,367.22,201.97,4,3.63,30.92
400,298,384.76,24.90,0,8.14,12.14
400,298,384.76,24.90,1,36.91,1.05
400,298,384.76,24.90,2,28.50,9.89
400,298,384.76,24.90,3,34.74,23.46
400,298,384.76,24.90,4,3.63,30.92
400,300,207.10,336.79,0,8.14,12.14
400,300,207.10,336.79,1,36.91,1.05
400,300,207.10,336.79,2,28.50,9.89
400,300,207.10,336.79,3,34.74,23.46
400,300,207.10,336.79,4,3.63,30.92
410,2,82.74,108.38,0,7.91,12.46
410,2,82.74,108.38,1,36.17,0.80
410,2,82.74,108.38,2,28.50,9.89
410,2,82.74,108.38,3,34.74,23.46
410,2,82.74,108.38,4,4.35,31.13
410,3,168.75,278.05,0,7.91,12.46
410,3,168.75,278.05,1,36.17,0.80
410,3,168.75,278.05,2,28.50,9.89
410,3,168.75,278.05,3,34.74,23.46
410,3,168.75,278.05,4,4.35,31.13
410,6,47.16,304.37,0,7.91,12.46
410,6,47.16,304.37,1,36.17,0.80
410,6,47.16,304.37,2,28.50,9.89
410,6,47.16,304.37,3,34.74,23.46
410,6,47.16,304.37,4,4.35,31.13
410,8,85.24,359.03,0,7.91,12.46
410,8,85.24,359.03,1,36.17,0.80
410,8,85.24,359.03,2,28.50,9.89
410,8,85.24,359.03,3,34.74,23.46
410,8,85.24,359.03,4,4.35,31.13
410,9,323.22,216.02,0,7.91,12.46
410,9,323.22,216.02,1,36.17,0.80
410,9,323.22,216.02,2,28.50,9.89
410,9,323.22,216.02,3,34.74,23.46
410,9,323.22,216.02,4,4.35,31.13
410,11,147.19,113.02,0,7.91,12.46
410,11,147.19,113.02,1,36.17,0.80
410,11,147.19,113.02,2,28.50,9.89
410,11,147.19,113.02,3,34.74,23.46
410,11,147.19,113.02,4,4.35,31.13
410,13,123.03,102.50,0,7.91,12.46
410,13,123.03,102.50,1,36.17,0.80
410,13,123.03,102.50,2,28.50,9.89
410,13,123.03,102.50,3,34.74,23.46
410,13,123.03,102.50,4,4.35,31.13
410,14,21.57,326.79,0,7.91,12.46
410,14,21.57,326.79,1,36.17,0.80
410,14,21.57,326.79,2,28.50,9.89
410,14,21.57,326.79,3,34.74,23.46
410,14,21.57,326.79,4,4.35,31.13
410,16,351.75,242.59,0,7.91,12.46
410,16,351.75,242.59,1,36.17,0.80
410,16,351.75,242.59,2,28.50,9.89
410,16,351.75,242.59,3,34.74,23.46
410,16,351.75,242.59,4,4.35,31.13
410,18,132.12,331.87,0,7.91,12.46
410,18,132.12,331.87,1,36.17,0.80
410,18,132.12,331.87,2,28.50,9.89
410,18,132.12,331.87,3,34.74,23.46
410,18,132.12,331.87,4,4.35,31.13
410,20,204.85,392.18,0,7.91,12.46
410,20,204.85,392.18,1,36.17,0.80
410,20,204.85,392.18,2,28.50,9.89
410,20,204.85,392.18,3,34.74,23.46
410,20,204.85,392.18,4,4.35,31.13
410,21,376.57,186.46,0,7.91,12.46
410,21,376.57,186.46,1,36.17,0.80
410,21,376.57,186.46,2,28.50,9.89
410,21,376.57,186.46,3,34.74,23.46
410,21,376.57,186.46,4,4.35,31.13
410,22,291.19,378.46,0,7.91,12.46
410,22,291.19,378.46,1,36.17,0.80
410,22,291.19,378.46,2,28.50,9.89
410,22,291.19,378.46,3,34.74,23.46
410,22,291.19,378.46,4,4.35,31.13
410,24,114.88,96.45,0,7.91,12.46
410,24,114.88,96.45,1,36.17,0.80
410,24,114.88,96.45,2,28.50,9.89
410,24,114.88,96.45,3,34.74,23.46
410,24,114.88,96.45,4,4.35,31.13
410,26,287.13,80.97,0,7.91,12.46
410,26,287.13,80.97,1,36.17,0.80
410,26,287.13,80.97,2,28.50,9.89
410,26,287.13,80.97,3,34.74,23.46
410,26,287.13,80.97,4,4.35,31.13
410,28,378.88,309.14,0,7.91,12.46
410,28,378.88,309.14,1,36.17,0.80
410,28,378.88,309.14,2,28.50,9.89
410,28,378.88,309.14,3,34.74,23.46
410,28,378.88,309.14,4,4.35,31.13
410,29,96.88,290.13,0,7.91,12.46
410,29,96.88,290.13,1,36.17,0.80
410,29,96.88,290.13,2,28.50,9.89
410,29,96.88,290.13,3,34.74,23.46
410,29,96.88,290.13,4,4.35,31.13
410,31,260.16,79.53,0,7.91,12.46
410,31,260.16,79.53,1,36.17,0.80
410,31,260.16,79.53,2,28.50,9.89
410,31,260.16,79.53,3,34.74,23.46
410,31,260.16,79.53,4,4.35,31.13
410,35,346.76,227.29,0,7.91,12.46
410,35,346.76,227.29,1,36.17,0.80
410,35,346.76,227.29,2,28.50,9.89
410,35,346.76,227.29,3,34.74,23.46
410,35,346.76,227.29,4,4.35,31.13
410,36,46.83,320.17,0,7.91,12.46
410,36,46.83,320.17,1,36.17,0.80
410,36,46.83,320.17,2,28.50,9.89
410,36,46.83,320.17,3,34.74,23.46
410,36,46.83,320.17,4,4.35,31.13
410,38,83.82,259.14,0,7.91,12.46
410,38,83.82,259.14,1,36.17,0.80
410,38,83.82,259.14,2,28.50,9.89
410,38,83.82,259.14,3,34.74,23.46
410,38,83.82,259.14,4,4.35,31.13
410,39,91.06,155.69,0,7.91,12.46
410,39,91.06,155.69,1,36.17,0.80
410,39,91.06,155.69,2,28.50,9.89
410,39,91.06,155.69,3,34.74,23.46
410,39,91.06,155.69,4,4.35,31.13
410,40,291.00,99.00,0,7.91,12.46
410,40,291.00,99.00,1,36.17,0.80
410,40,291.00,99.00,2,28.50,9.89
410,40,291.00,99.00,3,34.74,23.46
410,40,291.00,99.00,4,4.35,31.13
410,41,289.90,279.17,0,7.91,12.46
410,41,289.90,279.17,1,36.17,0.80
410,41,289.90,279.17,2,28.50,9.89
410,41,289.90,279.17,3,34.74,23.46
410,41,289.90,279.17,4,4.35,31.13
410,49,268.46,104.18,0,7.91,12.46
410,49,268.46,104.18,1,36.17,0.80
410,49,268.46,104.18,2,28.50,9.89
410,49,268.46,104.18,3,34.74,23.46
410,49,268.46,104.18,4,4.35,31.13
410,50,337.31,268.70,0,7.91,12.46
410,50,337.31,268.70,1,36.17,0.80
410,50,337.31,268.70,2,28.50,9.89
410,50,337.31,268.70,3,34.74,23.46
410,50,337.31,268.70,4,4.35,31.13
410,53,331.71,226.79,0,7.91,12.46
410,53,331.71,226.79,1,36.17,0.80
410,53,331.71,226.79,2,28.50,9.89
410,53,331.71,226.79,3,34.74,23.46
410,53,331.71,226.79,4,4.35,31.13
410,54,369.07,18.07,0,7.91,12.46
410,54,369.07,18.07,1,36.17,0.80
410,54,369.07,18.07,2,28.50,9.89
410,54,369.07,18.07,3,34.74,23.46
410,54,369.07,18.07,4,4.35,31.13
410,55,336.42,233.93,0,7.91,12.46
410,55,336.42,233.93,1,36.17,0.80
410,55,336.42,233.93,2,28.50,9.89
410,55,336.42,233.93,3,34.74,23.46
410,55,336.42,233.93,4,4.35,31.13
410,56,353.52,213.04,0,7.91,12.46
410,56,353.52,213.04,1,36.17,0.80
410,56,353.52,213.04,2,28.50,9.89
410,56,353.52,213.04,3,34.74,23.46
410,56,353.52,213.04,4,4.35,31.13
410,57,83.70,129.94,0,7.91,12.46
410,57,83.70,129.94,1,36.17,0.80
410,57,83.70,129.94,2,28.50,9.89
410,57,83.70,129.94,3,34.74,23.46
410,57,83.70,129.94,4,4.35,31.13
410,60,132.27,297.06,0,7.91,12.46
410,60,132.27,297.06,1,36.17,0.80
410,60,132.27,297.06,2,28.50,9.89
410,60,132.27,297.06,3,34.74,23.46
410,60,132.27,297.06,4,4.35,31.13
410,61,79.00,123.50,0,7.91,12.46
410,61,79.00,123.50,1,36.17,0.80
410,61,79.00,123.50,2,28.50,9.89
410,61,79.00,123.50,3,34.74,23.46
410,61,79.00,123.50,4,4.35,31.13
410,62,34.68,323.28,0,7.91,12.46
410,62,34.68,323.28,1,36.17,0.80
410,62,34.68,323.28,2,28.50,9.89
410,62,34.68,323.28,3,34.74,23.46
410,62,34.68,323.28,4,4.35,31.13
410,63,89.25,124.90,0,7.91,12.46
410,63,89.25,124.90,1,36.17,0.80
410,63,89.25,124.90,2,28.50,9.89
410,63,89.25,124.90,3,34.74,23.46
410,63,89.25,124.90,4,4.35,31.13
410,66,49.20,332.41,0,7.91,12.46
410,66,49.20,332.41,1,36.17,0.80
410,66,49.20,332.41,2,28.50,9.89
410,66,49.20,332.41,3,34.74,23.46
410,66,49.20,332.41,4,4.35,31.13
410,67,66.85,169.07,0,7.91,12.46
410,67,66.85,169.07,1,36.17,0.80
410,67,66.85,169.07,2,28.50,9.89
410,67,66.85,169.07,3,34.74,23.46
410,67,66.85,169.07,4,4.35,31.13
410,68,211.29,343.82,0,7.91,12.46
410,68,211.29,343.82,1,36.17,0.80
410,68,211.29,343.82,2,28.50,9.89
410,68,211.29,343.82,3,34.74,23.46
410,68,211.29,343.82,4,4.35,31.13
410,69,386.50,305.09,0,7.91,12.46
410,69,386.50,305.09,1,36.17,0.80
410,69,386.50,305.09,2,28.50,9.89
410,69,386.50,305.09,3,34.74,23.46
410,69,386.50,305.09,4,4.35,31.13
410,71,37.69,318.56,0,7.91,12.46
410,71,37.69,318.56,1,36.17,0.80
410,71,37.69,318.56,2,28.50,9.89
410,71,37.69,318.56,3,34.74,23.46
410,71,37.69,318.56,4,4.35,31.13
410,72,29.97,322.91,0,7.91,12.46
410,72,29.97,322.91,1,36.17,0.80
410,72,29.97,322.91,2,28.50,9.89
410,72,29.97,322.91,3,34.74,23.46
410,72,29.97,322.91,4,4.35,31.13
410,73,373.87,210.08,0,7.91,12.46
410,73,373.87,210.08,1,36.17,0.80
410,73,373.87,210.08,2,28.50,9.89
410,73,373.87,210.08,3,34.74,23.46
410,73,373.87,210.08,4,4.35,31.13
410,74,280.25,97.00,0,7.91,12.46
410,74,280.25,97.00,1,36.17,0.80
410,74,280.25,97.00,2,28.50,9.89
410,74,280.25,97.00,3,34.74,23.46
410,74,280.25,97.00,4,4.35,31.13
410,75,251.52,97.64,0,7.91,12.46
410,75,251.52,97.64,1,36.17,0.80
410,75,251.52,97.64,2,28.50,9.89
410,75,251.52,97.64,3,34.74,23.46
410,75,251.52,97.64,4,4.35,31.13
410,76,363.16,194.45,0,7.91,12.46
410,76,363.16,194.45,1,36.17,0.80
410,76,363.16,194.45,2,28.50,9.89
410,76,363.16,194.45,3,34.74,23.46
410,76,363.16,194.45,4,4.35,31.13
410,77,80.83,122.00,0,7.91,12.46
410,77,80.83,122.00,1,36.17,0.80
410,77,80.83,122.00,2,28.50,9.89
410,77,80.83,122.00,3,34.74,23.46
410,77,80.83,122.00,4,4.35,31.13
410,78,188.83,375.10,0,7.91,12.46
410,78,188.83,375.10,1,36.17,0.80
410,78,188.83,375.10,2,28.50,9.89
410,78,188.83,375.10,3,34.74,23.46
410,78,188.83,375.10,4,4.35,31.13
410,81,266.78,348.08,0,7.91,12.46
410,81,266.78,348.08,1,36.17,0.80
410,81,266.78,348.08,2,28.50,9.89
410,81,266.78,348.08,3,34.74,23.46
410,81,266.78,348.08,4,4.35,31.13
410,82,346.96,166.24,0,7.91,12.46
410,82,346.96,166.24,1,36.17,0.80
410,82,346.96,166.24,2,28.50,9.89
410,82,346.96,166.24,3,34.74,23.46
410,82,346.96,166.24,4,4.35,31.13
410,83,229.18,67.86,0,7.91,12.46
410,83,229.18,67.86,1,36.17,0.80
410,83,229.18,67.86,2,28.50,9.89
410,83,229.18,67.86,3,34.74,23.46
410,83,229.18,67.86,4,4.35,31.13
410,84,243.88,273.72,0,7.91,12.46
410,84,243.88,273.72,1,36.17,0.80
410,84,243.88,273.72,2,28.50,9.89
410,84,243.88,273.72,3,34.74,23.46
410,84,243.88,273.72,4,4.35,31.13
410,85,355.98,204.18,0,7.91,12.46
410,85,355.98,204.18,1,36.17,0.80
410,85,355.98,204.18,2,28.50,9.89
410,85,355.98,204.18,3,34.74,23.46
410,85,355.98,204.18,4,4.35,31.13
410,86,79.44,119.11,0,7.91,12.46
410,86,79.44,119.11,1,36.17,0.80
410,86,79.44,119.11,2,28.50,9.89
410,86,79.44,119.11,3,34.74,23.46
410,86,79.44,119.11,4,4.35,31.13
410,87,386.65,21.85,0,7.91,12.46
410,87,386.65,21.85,1,36.17,0.80
410,87,386.65,21.85,2,28.50,9.89
410,87,386.65,21.85,3,34.74,23.46
410,87,386.65,21.85,4,4.35,31.13
410,88,133.43,306.85,0,7.91,12.46
410,88,133.43,306.85,1,36.17,0.80
410,88,133.43,306.85,2,28.50,9.89
410,88,133.43,306.85,3,34.74,23.46
410,88,133.43,306.85,4,4.35,31.13
410,89,293.50,94.38,0,7.91,12.46
410,89,293.50,94.38,1,36.17,0.80
410,89,293.50,94.38,2,28.50,9.89
410,89,293.50,94.38,3,34.74,23.46
410,89,293.50,94.38,4,4.35,31.13
410,90,248.92,75.96,0,7.91,12.46
410,90,248.92,75.96,1,36.17,0.80
410,90,248.92,75.96,2,28.50,9.89
410,90,248.92,75.96,3,34.74,23.46
410,90,248.92,75.96,4,4.35,31.13
410,93,285.04,90.85,0,7.91,12.46
410,93,285.04,90.85,1,36.17,0.80
410,93,285.04,90.85,2,28.50,9.89
410,93,285.04,90.85,3,34.74,23.46
410,93,285.04,90.85,4,4.35,31.13
410,94,25.38,314.65,0,7.91,12.46
410,94,25.38,314.65,1,36.17,0.80
410,94,25.38,314.65,2,28.50,9.89
410,94,25.38,314.65,3,34.74,23.46
410,94,25.38,314.65,4,4.35,31.13
410,95,351.85,221.68,0,7.91,12.46
410,95,351.85,221.68,1,36.17,0.80
410,95,351.85,221.68,2,28.50,9.89
410,95,351.85,221.68,3,34.74,23.46
410,95,351.85,221.68,4,4.35,31.13
410,97,275.25,113.22,0,7.91,12.46
410,97,275.25,113.22,1,36.17,0.80
410,97,275.25,113.22,2,28.50,9.89
410,97,275.25,113.22,3,34.74,23.46
410,97,275.25,113.22,4,4.35,31.13
410,98,370.92,13.15,0,7.91,12.46
410,98,370.92,13.15,1,36.17,0.80
410,98,370.92,13.15,2,28.50,9.89
410,98,370.92,13.15,3,34.74,23.46
410,98,370.92,13.15,4,4.35,31.13
410,102,78.24,131.91,0,7.91,12.46
410,102,78.24,131.91,1,36.17,0.80
410,102,78.24,131.91,2,28.50,9.89
410,102,78.24,131.91,3,34.74,23.46
410,102,78.24,131.91,4,4.35,31.13
410,103,65.85,344.44,0,7.91,12.46
410,103,65.85,344.44,1,36.17,0.80
410,103,65.85,344.44,2,28.50,9.89
410,103,65.85,344.44,3,34.74,23.46
410,103,65.85,344.44,4,4.35,31.13
410,104,377.92,14.23,0,7.91,12.46
410,104,377.92,14.23,1,36.17,0.80
410,104,377.92,14.23,2,28.50,9.89
410,104,377.92,14.23,3,34.74,23.46
410,104,377.92,14.23,4,4.35,31.13
410,106,37.68,301.58,0,7.91,12.46
410,106,37.68,301.58,1,36.17,0.80
410,106,37.68,301.58,2,28.50,9.89
410,106,37.68,301.58,3,34.74,23.46
410,106,37.68,301.58,4,4.35,31.13
410,107,284.64,103.80,0,7.91,12.46
410,107,284.64,103.80,1,36.17,0.80
410,107,284.64,103.80,2,28.50,9.89
410,107,284.64,103.80,3,34.74,23.46
410,107,284.64,103.80,4,4.35,31.13
410,108,48.85,90.28,0,7.91,12.46
410,108,48.85,90.28,1,36.17,0.80
410,108,48.85,90.28,2,28.50,9.89
410,108,48.85,90.28,3,34.74,23.46
410,108,48.85,90.28,4,4.35,31.13
410,110,60.52,312.95,0,7.91,12.46
410,110,60.52,312.95,1,36.17,0.80
410,110,60.52,312.95,2,28.50,9.89
410,110,60.52,312.95,3,34.74,23.46
410,110,60.52,312.95,4,4.35,31.13
410,111,384.95,31.96,0,7.91,12.46
410,111,384.95,31.96,1,36.17,0.80
410,111,384.95,31.96,2,28.50,9.89
410,111,384.95,31.96,3,34.74,23.46
410,111,384.95,31.96,4,4.35,31.13
410,112,255.81,104.14,0,7.91,12.46
410,112,255.81,104.14,1,36.17,0.80
410,112,255.81,104.14,2,28.50,9.89
410,112,255.81,104.14,3,34.74,23.46
410,112,255.81,104.14,4,4.35,31.13
410,113,93.52,116.11,0,7.91,12.46
410,113,93.52,116.11,1,36.17,0.80
410,113,93.52,116.11,2,28.50,9.89
410,113,93.52,116.11,3,34.74,23.46
410,113,93.52,116.11,4,4.35,31.13
410,114,152.11,63.76,0,7.91,12.46
410,114,152.11,63.76,1,36.17,0.80
410,114,152.11,63.76,2,28.50,9.89
410,114,152.11,63.76,3,34.74,23.46
410,114,152.11,63.76,4,4.35,31.13
410,115,366.62,227.36,0,7.91,12.46
410,115,366.62,227.36,1,36.17,0.80
410,115,366.62,227.36,2,28.50,9.89
410,115,366.62,227.36,3,34.74,23.46
410,115,366.62,227.36,4,4.35,31.13
410,116,271.09,106.88,0,7.91,12.46
410,116,271.09,106.88,1,36.17,0.80
410,116,271.09,106.88,2,28.50,9.89
410,116,271.09,106.88,3,34.74,23.46
410,116,271.09,106.88,4,4.35,31.13
410,117,357.47,173.92,0,7.91,12.46
410,117,357.47,173.92,1,36.17,0.80
410,117,357.47,173.92,2,28.50,9.89
410,117,357.47,173.92,3,34.74,23.46
410,117,357.47,173.92,4,4.35,31.13
410,118,85.31,149.94,0,7.91,12.46
410,118,85.31,149.94,1,36.17,0.80
410,118,85.31,149.94,2,28.50,9.89
410,118,85.31,149.94,3,34.74,23.46
410,118,85.31,149.94,4,4.35,31.13
410,119,295.78,110.97,0,7.91,12.46
410,119,295.78,110.97,1,36.17,0.80
410,119,295.78,110.97,2,28.50,9.89
410,119,295.78,110.97,3,34.74,23.46
410,119,295.78,110.97,4,4.35,31.13
410,120,171.04,209.83,0,7.91,12.46
410,120,171.04,209.83,1,36.17,0.80
410,120,171.04,209.83,2,28.50,9.89
410,120,171.04,209.83,3,34.74,23.46
410,120,171.04,209.83,4,4.35,31.13
410,122,99.35,263.94,0,7.91,12.46
410,122,99.35,263.94,1,36.17,0.80
410,122,99.35,263.94,2,28.50,9.89
410,122,99.35,263.94,3,34.74,23.46
410,122,99.35,263.94,4,4.35,31.13
410,123,112.02,314.71,0,7.91,12.46
410,123,112.02,314.71,1,36.17,0.80
410,123,112.02,314.71,2,28.50,9.89
410,123,112.02,314.71,3,34.74,23.46
410,123,112.02,314.71,4,4.35,31.13
410,124,99.89,84.84,0,7.91,12.46
410,124,99.89,84.84,1,36.17,0.80
410,124,99.89,84.84,2,28.50,9.89
410,124,99.89,84.84,3,34.74,23.46
410,124,99.89,84.84,4,4.35,31.13
410,125,360.79,156.04,0,7.91,12.46
410,125,360.79,156.04,1,36.17,0.80
410,125,360.79,156.04,2,28.50,9.89
410,125,360.79,156.04,3,34.74,23.46
410,125,360.79,156.04,4,4.35,31.13
410,126,79.05,115.25,0,7.91,12.46
410,126,79.05,115.25,1,36.17,0.80
410,126,79.05,115.25,2,28.50,9.89
410,126,79.05,115.25,3,34.74,23.46
410,126,79.05,115.25,4,4.35,31.13
410,128,225.76,352.28,0,7.91,12.46
410,128,225.76,352.28,1,36.17,0.80
410,128,225.76,352.28,2,28.50,9.89
410,128,225.76,352.28,3,34.74,23.46
410,128,225.76,352.28,4,4.35,31.13
410,129,321.10,193.25,0,7.91,12.46
410,129,321.10,193.25,1,36.17,0.80
410,129,321.10,193.25,2,28.50,9.89
410,129,321.10,193.25,3,34.74,23.46
410,129,321.10,193.25,4,4.35,31.13
410,132,366.61,250.35,0,7.91,12.46
410,132,366.61,250.35,1,36.17,0.80
410,132,366.61,250.35,2,28.50,9.89
410,132,366.61,250.35,3,34.74,23.46
410,132,366.61,250.35,4,4.35,31.13
410,133,71.11,118.14,0,7.91,12.46
410,133,71.11,118.14,1,36.17,0.80
410,133,71.11,118.14,2,28.50,9.89
410,133,71.11,118.14,3,34.74,23.46
410,133,71.11,118.14,4,4.35,31.13
410,135,46.51,299.78,0,7.91,12.46
410,135,46.51,299.78,1,36.17,0.80
410,135,46.51,299.78,2,28.50,9.89
410,135,46.51,299.78,3,34.74,23.46
410,135,46.51,299.78,4,4.35,31.13
410,139,353.82,185.21,0,7.91,12.46
410,139,353.82,185.21,1,36.17,0.80
410,139,353.82,185.21,2,28.50,9.89
410,139,353.82,185.21,3,34.74,23.46
410,139,353.82,185.21,4,4.35,31.13
410,141,352.09,391.78,0,7.91,12.46
410,141,352.09,391.78,1,36.17,0.80
410,141,352.09,391.78,2,28.50,9.89
410,141,352.09,391.78,3,34.74,23.46
410,141,352.09,391.78,4,4.35,31.13
410,143,343.59,303.04,0,7.91,12.46
410,143,343.59,303.04,1,36.17,0.80
410,143,343.59,303.04,2,28.50,9.89
410,143,343.59,303.04,3,34.74,23.46
410,143,343.59,303.04,4,4.35,31.13
410,145,219.13,330.01,0,7.91,12.46
410,145,219.13,330.01,1,36.17,0.80
410,145,219.13,330.01,2,28.50,9.89
410,145,219.13,330.01,3,34.74,23.46
410,145,219.13,330.01,4,4.35,31.13
410,146,98.42,143.34,0,7.91,12.46
410,146,98.42,143.34,1,36.17,0.80
410,146,98.42,143.34,2,28.50,9.89
410,146,98.42,143.34,3,34.74,23.46
410,146,98.42,143.34,4,4.35,31.13
410,148,340.20,222.96,0,7.91,12.46
410,148,340.20,222.96,1,36.17,0.80
410,148,340.20,222.96,2,28.50,9.89
410,148,340.20,222.96,3,34.74,23.46
410,148,340.20,222.96,4,4.35,31.13
410,150,285.61,110.23,0,7.91,12.46
410,150,285.61,110.23,1,36.17,0.80
410,150,285.61,110.23,2,28.50,9.89
410,150,285.61,110.23,3,34.74,23.46
410,150,285.61,110.23,4,4.35,31.13
410,151,256.00,95.63,0,7.91,12.46
410,151,256.00,95.63,1,36.17,0.80
410,151,256.00,95.63,2,28.50,9.89
410,151,256.00,95.63,3,34.74,23.46
410,151,256.00,95.63,4,4.35,31.13
410,152,75.72,110.91,0,7.91,12.46
410,152,75.72,110.91,1,36.17,0.80
410,152,75.72,110.91,2,28.50,9.89
410,152,75.72,110.91,3,34.74,23.46
410,152,75.72,110.91,4,4.35,31.13
410,155,264.87,110.95,0,7.91,12.46
410,155,264.87,110.95,1,36.17,0.80
410,155,264.87,110.95,2,28.50,9.89
410,155,264.87,110.95,3,34.74,23.46
410,155,264.87,110.95,4,4.35,31.13
410,156,353.70,265.24,0,7.91,12.46
410,156,353.70,265.24,1,36.17,0.80
410,156,353.70,265.24,2,28.50,9.89
410,156,353.70,265.24,3,34.74,23.46
410,156,353.70,265.24,4,4.35,31.13
410,159,358.47,250.68,0,7.91,12.46
410,159,358.47,250.68,1,36.17,0.80
410,159,358.47,250.68,2,28.50,9.89
410,159,358.47,250.68,3,34.74,23.46
410,159,358.47,250.68,4,4.35,31.13
410,160,330.69,382.87,0,7.91,12.46
410,160,330.69,382.87,1,36.17,0.80
410,160,330.69,382.87,2,28.50,9.89
410,160,330.69,382.87,3,34.74,23.46
410,160,330.69,382.87,4,4.35,31.13
410,161,160.63,132.28,0,7.91,12.46
410,161,160.63,132.28,1,36.17,0.80
410,161,160.63,132.28,2,28.50,9.89
410,161,160.63,132.28,3,34.74,23.46
410,161,160.63,132.28,4,4.35,31.13
410,162,297.82,329.30,0,7.91,12.46
410,162,297.82,329.30,1,36.17,0.80
410,162,297.82,329.30,2,28.50,9.89
410,162,297.82,329.30,3,34.74,23.46
410,162,297.82,329.30,4,4.35,31.13
410,163,200.79,122.30,0,7.91,12.46
410,163,200.79,122.30,1,36.17,0.80
410,163,200.79,122.30,2,28.50,9.89
410,163,200.79,122.30,3,34.74,23.46
410,163,200.79,122.30,4,4.35,31.13
410,164,57.22,74.17,0,7.91,12.46
410,164,57.22,74.17,1,36.17,0.80
410,164,57.22,74.17,2,28.50,9.89
410,164,57.22,74.17,3,34.74,23.46
410,164,57.22,74.17,4,4.35,31.13
410,165,89.73,109.55,0,7.91,12.46
410,165,89.73,109.55,1,36.17,0.80
410,165,89.73,109.55,2,28.50,9.89
410,165,89.73,109.55,3,34.74,23.46
410,165,89.73,109.55,4,4.35,31.13
410,166,296.78,363.63,0,7.91,12.46
410,166,296.78,363.63,1,36.17,0.80
410,166,296.78,363.63,2,28.50,9.89
410,166,296.78,363.63,3,34.74,23.46
410,166,296.78,363.63,4,4.35,31.13
410,167,372.99,278.18,0,7.91,12.46
410,167,372.99,278.18,1,36.17,0.80
410,167,372.99,278.18,2,28.50,9.89
410,167,372.99,278.18,3,34.74,23.46
410,167,372.99,278.18,4,4.35,31.13
410,168,189.96,277.99,0,7.91,12.46
410,168,189.96,277.99,1,36.17,0.80
410,168,189.96,277.99,2,28.50,9.89
410,168,189.96,277.99,3,34.74,23.46
410,168,189.96,277.99,4,4.35,31.13
410,169,265.20,91.76,0,7.91,12.46
410,169,265.20,91.76,1,36.17,0.80
410,169,265.20,91.76,2,28.50,9.89
410,169,265.20,91.76,3,34.74,23.46
410,169,265.20,91.76,4,4.35,31.13
410,170,341.32,237.45,0,7.91,12.46
410,170,341.32,237.45,1,36.17,0.80
410,170,341.32,237.45,2,28.50,9.89
410,170,341.32,237.45,3,34.74,23.46
410,170,341.32,237.45,4,4.35,31.13
410,172,363.67,223.00,0,7.91,12.46
410,172,363.67,223.00,1,36.17,0.80
410,172,363.67,223.00,2,28.50,9.89
410,172,363.67,223.00,3,34.74,23.46
410,172,363.67,223.00,4,4.35,31.13
410,173,377.93,200.77,0,7.91,12.46
410,173,377.93,200.77,1,36.17,0.80
410,173,377.93,200.77,2,28.50,9.89
410,173,377.93,200.77,3,34.74,23.46
410,173,377.93,200.77,4,4.35,31.13
410,174,153.47,223.00,0,7.91,12.46
410,174,153.47,223.00,1,36.17,0.80
410,174,153.47,223.00,2,28.50,9.89
410,174,153.47,223.00,3,34.74,23.46
410,174,153.47,223.00,4,4.35,31.13
410,176,70.25,152.05,0,7.91,12.46
410,176,70.25,152.05,1,36.17,0.80
410,176,70.25,152.05,2,28.50,9.89
410,176,70.25,152.05,3,34.74,23.46
410,176,70.25,152.05,4,4.35,31.13
410,177,204.73,276.87,0,7.91,12.46
410,177,204.73,276.87,1,36.17,0.80
410,177,204.73,276.87,2,28.50,9.89
410,177,204.73,276.87,3,34.74,23.46
410,177,204.73,276.87,4,4.35,31.13
410,178,273.67,95.05,0,7.91,12.46
410,178,273.67,95.05,1,36.17,0.80
410,178,273.67,95.05,2,28.50,9.89
410,178,273.67,95.05,3,34.74,23.46
410,178,273.67,95.05,4,4.35,31.13
410,180,247.69,127.95,0,7.91,12.46
410,180,247.69,127.95,1,36.17,0.80
410,180,247.69,127.95,2,28.50,9.89
410,180,247.69,127.95,3,34.74,23.46
410,180,247.69,127.95,4,4.35,31.13
410,181,53.51,123.41,0,7.91,12.46
410,181,53.51,123.41,1,36.17,0.80
410,181,53.51,123.41,2,28.50,9.89
410,181,53.51,123.41,3,34.74,23.46
410,181,53.51,123.41,4,4.35,31.13
410,184,85.32,103.17,0,7.91,12.46
410,184,85.32,103.17,1,36.17,0.80
410,184,85.32,103.17,2,28.50,9.89
410,184,85.32,103.17,3,34.74,23.46
410,184,85.32,103.17,4,4.35,31.13
410,185,50.54,307.27,0,7.91,12.46
410,185,50.54,307.27,1,36.17,0.80
410,185,50.54,307.27,2,28.50,9.89
410,185,50.54,307.27,3,34.74,23.46
410,185,50.54,307.27,4,4.35,31.13
410,187,84.47,313.38,0,7.91,12.46
410,187,84.47,313.38,1,36.17,0.80
410,187,84.47,313.38,2,28.50,9.89
410,187,84.47,313.38,3,34.74,23.46
410,187,84.47,313.38,4,4.35,31.13
410,188,289.50,102.00,0,7.91,12.46
410,188,289.50,102.00,1,36.17,0.80
410,188,289.50,102.00,2,28.50,9.89
410,188,289.50,102.00,3,34.74,23.46
410,188,289.50,102.00,4,4.35,31.13
410,190,71.04,98.74,0,7.91,12.46
410,190,71.04,98.74,1,36.17,0.80
410,190,71.04,98.74,2,28.50,9.89
410,190,71.04,98.74,3,34.74,23.46
410,190,71.04,98.74,4,4.35,31.13
410,193,297.85,103.84,0,7.91,12.46
410,193,297.85,103.84,1,36.17,0.80
410,193,297.85,103.84,2,28.50,9.89
410,193,297.85,103.84,3,34.74,23.46
410,193,297.85,103.84,4,4.35,31.13
410,194,83.44,120.22,0,7.91,12.46
410,194,83.44,120.22,1,36.17,0.80
410,194,83.44,120.22,2,28.50,9.89
410,194,83.44,120.22,3,34.74,23.46
410,194,83.44,120.22,4,4.35,31.13
410,195,64.06,332.56,0,7.91,12.46
410,195,64.06,332.56,1,36.17,0.80
410,195,64.06,332.56,2,28.50,9.89
410,195,64.06,332.56,3,34.74,23.46
410,195,64.06,332.56,4,4.35,31.13
410,198,354.76,227.48,0,7.91,12.46
410,198,354.76,227.48,1,36.17,0.80
410,198,354.76,227.48,2,28.50,9.89
410,198,354.76,227.48,3,34.74,23.46
410,198,354.76,227.48,4,4.35,31.13
410,199,71.37,130.11,0,7.91,12.46
410,199,71.37,130.11,1,36.17,0.80
410,199,71.37,130.11,2,28.50,9.89
410,199,71.37,130.11,3,34.74,23.46
410,199,71.37,130.11,4,4.35,31.13
410,200,64.87,101.78,0,7.91,12.46
410,200,64.87,101.78,1,36.17,0.80
410,200,64.87,101.78,2,28.50,9.89
410,200,64.87,101.78,3,34.74,23.46
410,200,64.87,101.78,4,4.35,31.13
410,201,358.08,222.83,0,7.91,12.46
410,201,358.08,222.83,1,36.17,0.80
410,201,358.08,222.83,2,28.50,9.89
410,201,358.08,222.83,3,34.74,23.46
410,201,358.08,222.83,4,4.35,31.13
410,206,282.50,101.25,0,7.91,12.46
410,206,282.50,101.25,1,36.17,0.80
410,206,282.50,101.25,2,28.50,9.89
410,206,282.50,101.25,3,34.74,23.46
410,206,282.50,101.25,4,4.35,31.13
410,207,26.10,304.83,0,7.91,12.46
410,207,26.10,304.83,1,36.17,0.80
410,207,26.10,304.83,2,28.50,9.89
410,207,26.10,304.83,3,34.74,23.46
410,207,26.10,304.83,4,4.35,31.13
410,211,84.69,351.66,0,7.91,12.46
410,211,84.69,351.66,1,36.17,0.80
410,211,84.69,351.66,2,28.50,9.89
410,211,84.69,351.66,3,34.74,23.46
410,211,84.69,351.66,4,4.35,31.13
410,212,360.57,239.67,0,7.91,12.46
410,212,360.57,239.67,1,36.17,0.80
410,212,360.57,239.67,2,28.50,9.89
410,212,360.57,239.67,3,34.74,23.46
410,212,360.57,239.67,4,4.35,31.13
410,213,360.62,234.00,0,7.91,12.46
410,213,360.62,234.00,1,36.17,0.80
410,213,360.62,234.00,2,28.50,9.89
410,213,360.62,234.00,3,34.74,23.46
410,213,360.62,234.00,4,4.35,31.13
410,214,284.71,97.00,0,7.91,12.46
410,214,284.71,97.00,1,36.17,0.80
410,214,284.71,97.00,2,28.50,9.89
410,214,284.71,97.00,3,34.74,23.46
410,214,284.71,97.00,4,4.35,31.13
410,215,245.27,393.16,0,7.91,12.46
410,215,245.27,393.16,1,36.17,0.80
410,215,245.27,393.16,2,28.50,9.89
410,215,245.27,393.16,3,34.74,23.46
410,215,245.27,393.16,4,4.35,31.13
410,216,242.41,389.12,0,7.91,12.46
410,216,242.41,389.12,1,36.17,0.80
410,216,242.41,389.12,2,28.50,9.89
410,216,242.41,389.12,3,34.74,23.46
410,216,242.41,389.12,4,4.35,31.13
410,217,382.14,11.33,0,7.91,12.46
410,217,382.14,11.33,1,36.17,0.80
410,217,382.14,11.33,2,28.50,9.89
410,217,382.14,11.33,3,34.74,23.46
410,217,382.14,11.33,4,4.35,31.13
410,218,272.13,379.32,0,7.91,12.46
410,218,272.13,379.32,1,36.17,0.80
410,218,272.13,379.32,2,28.50,9.89
410,218,272.13,379.32,3,34.74,23.46
410,218,272.13,379.32,4,4.35,31.13
410,219,62.70,110.33,0,7.91,12.46
410,219,62.70,110.33,1,36.17,0.80
410,219,62.70,110.33,2,28.50,9.89
410,219,62.70,110.33,3,34.74,23.46
410,219,62.70,110.33,4,4.35,31.13
410,223,350.86,230.00,0,7.91,12.46
410,223,350.86,230.00,1,36.17,0.80
410,223,350.86,230.00,2,28.50,9.89
410,223,350.86,230.00,3,34.74,23.46
410,223,350.86,230.00,4,4.35,31.13
410,226,294.96,131.77,0,7.91,12.46
410,226,294.96,131.77,1,36.17,0.80
410,226,294.96,131.77,2,28.50,9.89
410,226,294.96,131.77,3,34.74,23.46
410,226,294.96,131.77,4,4.35,31.13
410,227,47.28,314.32,0,7.91,12.46
410,227,47.28,314.32,1,36.17,0.80
410,227,47.28,314.32,2,28.50,9.89
410,227,47.28,314.32,3,34.74,23.46
410,227,47.28,314.32,4,4.35,31.13
410,228,275.96,85.45,0,7.91,12.46
410,228,275.96,85.45,1,36.17,0.80
410,228,275.96,85.45,2,28.50,9.89
410,228,275.96,85.45,3,34.74,23.46
410,228,275.96,85.45,4,4.35,31.13
410,229,136.52,112.55,0,7.91,12.46
410,229,136.52,112.55,1,36.17,0.80
410,229,136.52,112.55,2,28.50,9.89
410,229,136.52,112.55,3,34.74,23.46
410,229,136.52,112.55,4,4.35,31.13
410,230,131.66,75.15,0,7.91,12.46
410,230,131.66,75.15,1,36.17,0.80
410,230,131.66,75.15,2,28.50,9.89
410,230,131.66,75.15,3,34.74,23.46
410,230,131.66,75.15,4,4.35,31.13
410,231,304.29,300.75,0,7.91,12.46
410,231,304.29,300.75,1,36.17,0.80
410,231,304.29,300.75,2,28.50,9.89
410,231,304.29,300.75,3,34.74,23.46
410,231,304.29,300.75,4,4.35,31.13
410,232,373.28,25.47,0,7.91,12.46
410,232,373.28,25.47,1,36.17,0.80
410,232,373.28,25.47,2,28.50,9.89
410,232,373.28,25.47,3,34.74,23.46
410,232,373.28,25.47,4,4.35,31.13
410,233,360.33,230.31,0,7.91,12.46
410,233,360.33,230.31,1,36.17,0.80
410,233,360.33,230.31,2,28.50,9.89
410,233,360.33,230.31,3,34.74,23.46
410,233,360.33,230.31,4,4.35,31.13
410,237,158.38,139.34,0,7.91,12.46
410,237,158.38,139.34,1,36.17,0.80
410,237,158.38,139.34,2,28.50,9.89
410,237,158.38,139.34,3,34.74,23.46
410,237,158.38,139.34,4,4.35,31.13
410,238,22.69,307.89,0,7.91,12.46
410,238,22.69,307.89,1,36.17,0.80
410,238,22.69,307.89,2,28.50,9.89
410,238,22.69,307.89,3,34.74,23.46
410,238,22.69,307.89,4,4.35,31.13
410,239,238.92,115.18,0,7.91,12.46
410,239,238.92,115.18,1,36.17,0.80
410,239,238.92,115.18,2,28.50,9.89
410,239,238.92,115.18,3,34.74,23.46
410,239,238.92,115.18,4,4.35,31.13
410,240,102.29,256.65,0,7.91,12.46
410,240,102.29,256.65,1,36.17,0.80
410,240,102.29,256.65,2,28.50,9.89
410,240,102.29,256.65,3,34.74,23.46
410,240,102.29,256.65,4,4.35,31.13
410,241,372.07,217.76,0,7.91,12.46
410,241,372.07,217.76,1,36.17,0.80
410,241,372.07,217.76,2,28.50,9.89
410,241,372.07,217.76,3,34.74,23.46
410,241,372.07,217.76,4,4.35,31.13
410,242,231.17,221.35,0,7.91,12.46
410,242,231.17,221.35,1,36.17,0.80
410,242,231.17,221.35,2,28.50,9.89
410,242,231.17,221.35,3,34.74,23.46
410,242,231.17,221.35,4,4.35,31.13
410,244,141.70,324.62,0,7.91,12.46
410,244,141.70,324.62,1,36.17,0.80
410,244,141.70,324.62,2,28.50,9.89
410,244,141.70,324.62,3,34.74,23.46
410,244,141.70,324.62,4,4.35,31.13
410,245,250.88,121.75,0,7.91,12.46
410,245,250.88,121.75,1,36.17,0.80
410,245,250.88,121.75,2,28.50,9.89
410,245,250.88,121.75,3,34.74,23.46
410,245,250.88,121.75,4,4.35,31.13
410,248,370.66,264.88,0,7.91,12.46
410,248,370.66,264.88,1,36.17,0.80
410,248,370.66,264.88,2,28.50,9.89
410,248,370.66,264.88,3,34.74,23.46
410,248,370.66,264.88,4,4.35,31.13
410,249,385.07,390.57,0,7.91,12.46
410,249,385.07,390.57,1,36.17,0.80
410,249,385.07,390.57,2,28.50,9.89
410,249,385.07,390.57,3,34.74,23.46
410,249,385.07,390.57,4,4.35,31.13
410,250,263.09,284.63,0,7.91,12.46
410,250,263.09,284.63,1,36.17,0.80
410,250,263.09,284.63,2,28.50,9.89
410,250,263.09,284.63,3,34.74,23.46
410,250,263.09,284.63,4,4.35,31.13
410,251,41.14,311.71,0,7.91,12.46
410,251,41.14,311.71,1,36.17,0.80
410,251,41.14,311.71,2,28.50,9.89
410,251,41.14,311.71,3,34.74,23.46
410,251,41.14,311.71,4,4.35,31.13
410,252,64.46,104.73,0,7.91,12.46
410,252,64.46,104.73,1,36.17,0.80
410,252,64.46,104.73,2,28.50,9.89
410,252,64.46,104.73,3,34.74,23.46
410,252,64.46,104.73,4,4.35,31.13
410,253,342.91,214.35,0,7.91,12.46
410,253,342.91,214.35,1,36.17,0.80
410,253,342.91,214.35,2,28.50,9.89
410,253,342.91,214.35,3,34.74,23.46
410,253,342.91,214.35,4,4.35,31.13
410,254,364.96,197.20,0,7.91,12.46
410,254,364.96,197.20,1,36.17,0.80
410,254,364.96,197.20,2,28.50,9.89
410,254,364.96,197.20,3,34.74,23.46
410,254,364.96,197.20,4,4.35,31.13
410,258,379.02,23.09,0,7.91,12.46
410,258,379.02,23.09,1,36.17,0.80
410,258,379.02,23.09,2,28.50,9.89
410,258,379.02,23.09,3,34.74,23.46
410,258,379.02,23.09,4,4.35,31.13
410,259,98.58,108.79,0,7.91,12.46
410,259,98.58,108.79,1,36.17,0.80
410,259,98.58,108.79,2,28.50,9.89
410,259,98.58,108.79,3,34.74,23.46
410,259,98.58,108.79,4,4.35,31.13
410,260,330.25,356.72,0,7.91,12.46
410,260,330.25,356.72,1,36.17,0.80
410,260,330.25,356.72,2,28.50,9.89
410,260,330.25,356.72,3,34.74,23.46
410,260,330.25,356.72,4,4.35,31.13
410,261,40.73,317.77,0,7.91,12.46
410,261,40.73,317.77,1,36.17,0.80
410,261,40.73,317.77,2,28.50,9.89
410,261,40.73,317.77,3,34.74,23.46
410,261,40.73,317.77,4,4.35,31.13
410,262,148.26,101.62,0,7.91,12.46
410,262,148.26,101.62,1,36.17,0.80
410,262,148.26,101.62,2,28.50,9.89
410,262,148.26,101.62,3,34.74,23.46
410,262,148.26,101.62,4,4.35,31.13
410,263,138.31,92.92,0,7.91,12.46
410,263,138.31,92.92,1,36.17,0.80
410,263,138.31,92.92,2,28.50,9.89
410,263,138.31,92.92,3,34.74,23.46
410,263,138.31,92.92,4,4.35,31.13
410,264,74.24,122.55,0,7.91,12.46
410,264,74.24,122.55,1,36.17,0.80
410,264,74.24,122.55,2,28.50,9.89
410,264,74.24,122.55,3,34.74,23.46
410,264,74.24,122.55,4,4.35,31.13
410,265,229.89,336.47,0,7.91,12.46
410,265,229.89,336.47,1,36.17,0.80
410,265,229.89,336.47,2,28.50,9.89
410,265,229.89,336.47,3,34.74,23.46
410,265,229.89,336.47,4,4.35,31.13
410,266,64.19,306.17,0,7.91,12.46
410,266,64.19,306.17,1,36.17,0.80
410,266,64.19,306.17,2,28.50,9.89
410,266,64.19,306.17,3,34.74,23.46
410,266,64.19,306.17,4,4.35,31.13
410,267,234.15,79.78,0,7.91,12.46
410,267,234.15,79.78,1,36.17,0.80
410,267,234.15,79.78,2,28.50,9.89
410,267,234.15,79.78,3,34.74,23.46
410,267,234.15,79.78,4,4.35,31.13
410,269,63.16,131.70,0,7.91,12.46
410,269,63.16,131.70,1,36.17,0.80
410,269,63.16,131.70,2,28.50,9.89
410,269,63.16,131.70,3,34.74,23.46
410,269,63.16,131.70,4,4.35,31.13
410,273,31.00,302.64,0,7.91,12.46
410,273,31.00,302.64,1,36.17,0.80
410,273,31.00,302.64,2,28.50,9.89
410,273,31.00,302.64,3,34.74,23.46
410,273,31.00,302.64,4,4.35,31.13
410,274,95.98,61.24,0,7.91,12.46
410,274,95.98,61.24,1,36.17,0.80
410,274,95.98,61.24,2,28.50,9.89
410,274,95.98,61.24,3,34.74,23.46
410,274,95.98,61.24,4,4.35,31.13
410,275,344.97,232.97,0,7.91,12.46
410,275,344.97,232.97,1,36.17,0.80
410,275,344.97,232.97,2,28.50,9.89
410,275,344.97,232.97,3,34.74,23.46
410,275,344.97,232.97,4,4.35,31.13
410,277,323.65,208.65,0,7.91,12.46
410,277,323.65,208.65,1,36.17,0.80
410,277,323.65,208.65,2,28.50,9.89
410,277,323.65,208.65,3,34.74,23.46
410,277,323.65,208.65,4,4.35,31.13
410,278,56.62,335.71,0,7.91,12.46
410,278,56.62,335.71,1,36.17,0.80
410,278,56.62,335.71,2,28.50,9.89
410,278,56.62,335.71,3,34.74,23.46
410,278,56.62,335.71,4,4.35,31.13
410,279,209.67,392.74,0,7.91,12.46
410,279,209.67,392.74,1,36.17,0.80
410,279,209.67,392.74,2,28.50,9.89
410,279,209.67,392.74,3,34.74,23.46
410,279,209.67,392.74,4,4.35,31.13
410,281,268.83,82.14,0,7.91,12.46
410,281,268.83,82.14,1,36.17,0.80
410,281,268.83,82.14,2,28.50,9.89
410,281,268.83,82.14,3,34.74,23.46
410,281,268.83,82.14,4,4.35,31.13
410,282,365.21,219.07,0,7.91,12.46
410,282,365.21,219.07,1,36.17,0.80
410,282,365.21,219.07,2,28.50,9.89
410,282,365.21,219.07,3,34.74,23.46
410,282,365.21,219.07,4,4.35,31.13
410,283,346.75,207.41,0,7.91,12.46
410,283,346.75,207.41,1,36.17,0.80
410,283,346.75,207.41,2,28.50,9.89
410,283,346.75,207.41,3,34.74,23.46
410,283,346.75,207.41,4,4.35,31.13
410,285,219.59,354.14,0,7.91,12.46
410,285,219.59,354.14,1,36.17,0.80
410,285,219.59,354.14,2,28.50,9.89
410,285,219.59,354.14,3,34.74,23.46
410,285,219.59,354.14,4,4.35,31.13
410,286,258.67,340.74,0,7.91,12.46
410,286,258.67,340.74,1,36.17,0.80
410,286,258.67,340.74,2,28.50,9.89
410,286,258.67,340.74,3,34.74,23.46
410,286,258.67,340.74,4,4.35,31.13
410,288,94.36,51.18,0,7.91,12.46
410,288,94.36,51.18,1,36.17,0.80
410,288,94.36,51.18,2,28.50,9.89
410,288,94.36,51.18,3,34.74,23.46
410,288,94.36,51.18,4,4.35,31.13
410,290,343.46,242.70,0,7.91,12.46
410,290,343.46,242.70,1,36.17,0.80
410,290,343.46,242.70,2,28.50,9.89
410,290,343.46,242.70,3,34.74,23.46
410,290,343.46,242.70,4,4.35,31.13
410,291,74.79,95.71,0,7.91,12.46
410,291,74.79,95.71,1,36.17,0.80
410,291,74.79,95.71,2,28.50,9.89
410,291,74.79,95.71,3,34.74,23.46
410,291,74.79,95.71,4,4.35,31.13
410,292,296.61,285.90,0,7.91,12.46
410,292,296.61,285.90,1,36.17,0.80
410,292,296.61,285.90,2,28.50,9.89
410,292,296.61,285.90,3,34.74,23.46
410,292,296.61,285.90,4,4.35,31.13
410,293,281.00,99.50,0,7.91,12.46
410,293,281.00,99.50,1,36.17,0.80
410,293,281.00,99.50,2,28.50,9.89
410,293,281.00,99.50,3,34.74,23.46
410,293,281.00,99.50,4,4.35,31.13
410,294,55.94,322.92,0,7.91,12.46
410,294,55.94,322.92,1,36.17,0.80
410,294,55.94,322.92,2,28.50,9.89
410,294,55.94,322.92,3,34.74,23.46
410,294,55.94,322.92,4,4.35,31.13
410,297,366.31,205.60,0,7.91,12.46
410,297,366.31,205.60,1,36.17,0.80
410,297,366.31,205.60,2,28.50,9.89
410,297,366.31,205.60,3,34.74,23.46
410,297,366.31,205.60,4,4.35,31.13
410,298,382.70,24.40,0,7.91,12.46
410,298,382.70,24.40,1,36.17,0.80
410,298,382.70,24.40,2,28.50,9.89
410,298,382.70,24.40,3,34.74,23.46
410,298,382.70,24.40,4,4.35,31.13
410,300,208.47,335.03,0,7.91,12.46
410,300,208.47,335.03,1,36.17,0.80
410,300,208.47,335.03,2,28.50,9.89
410,300,208.47,335.03,3,34.74,23.46
410,300,208.47,335.03,4,4.35,31.13
420,2,84.08,116.08,0,7.84,12.56
420,2,84.08,116.08,1,35.44,0.55
420,2,84.08,116.08,2,28.50,9.89
420,2,84.08,116.08,3,34.74,23.46
420,2,84.08,116.08,4,4.35,31.13
420,3,165.22,278.39,0,7.84,12.56
420,3,165.22,278.39,1,35.44,0.55
420,3,165.22,278.39,2,28.50,9.89
420,3,165.22,278.39,3,34.74,23.46
420,3,165.22,278.39,4,4.35,31.13
420,6,51.61,303.35,0,7.84,12.56
420,6,51.61,303.35,1,35.44,0.55
420,6,51.61,303.35,2,28.50,9.89
420,6,51.61,303.35,3,34.74,23.46
420,6,51.61,303.35,4,4.35,31.13
420,8,84.47,356.59,0,7.84,12.56
420,8,84.47,356.59,1,35.44,0.55
420,8,84.47,356.59,2,28.50,9.89
420,8,84.47,356.59,3,34.74,23.46
420,8,84.47,356.59,4,4.35,31.13
420,9,325.90,218.22,0,7.84,12.56
420,9,325.90,218.22,1,35.44,0.55
420,9,325.90,218.22,2,28.50,9.89
420,9,325.90,218.22,3,34.74,23.46
420,9,325.90,218.22,4,4.35,31.13
420,11,144.15,114.32,0,7.84,12.56
420,11,144.15,114.32,1,35.44,0.55
420,11,144.15,114.32,2,28.50,9.89
420,11,144.15,114.32,3,34.74,23.46
420,11,144.15,114.32,4,4.35,31.13
420,13,120.36,103.16,0,7.84,12.56
420,13,120.36,103.16,1,35.44,0.55
420,13,120.36,103.16,2,28.50,9.89
420,13,120.36,103.16,3,34.74,23.46
420,13,120.36,103.16,4,4.35,31.13
420,14,25.25,325.12,0,7.84,12.56
420,14,25.25,325.12,1,35.44,0.55
420,14,25.25,325.12,2,28.50,9.89
420,14,25.25,325.12,3,34.74,23.46
420,14,25.25,325.12,4,4.35,31.13
420,16,351.56,242.60,0,7.84,12.56
420,16,351.56,242.60,1,35.44,0.55
420,16,351.56,242.60,2,28.50,9.89
420,16,351.56,242.60,3,34.74,23.46
420,16,351.56,242.60,4,4.35,31.13
420,18,130.65,331.66,0,7.84,12.56
420,18,130.65,331.66,1,35.44,0.55
420,18,130.65,331.66,2,28.50,9.89
420,18,130.65,331.66,3,34.74,23.46
420,18,130.65,331.66,4,4.35,31.13
420,20,205.85,391.86,0,7.84,12.56
420,20,205.85,391.86,1,35.44,0.55
420,20,205.85,391.86,2,28.50,9.89
420,20,205.85,391.86,3,34.74,23.46
420,20,205.85,391.86,4,4.35,31.13
420,21,376.79,186.39,0,7.84,12.56
420,21,376.79,186.39,1,35.44,0.55
420,21,376.79,186.39,2,28.50,9.89
420,21,376.79,186.39,3,34.74,23.46
420,21,376.79,186.39,4,4.35,31.13
420,22,291.60,382.17,0,7.84,12.56
420,22,291.60,382.17,1,35.44,0.55
420,22,291.60,382.17,2,28.50,9.89
420,22,291.60,382.17,3,34.74,23.46
420,22,291.60,382.17,4,4.35,31.13
420,24,112.47,98.11,0,7.84,12.56
420,24,112.47,98.11,1,35.44,0.55
420,24,112.47,98.11,2,28.50,9.89
420,24,112.47,98.11,3,34.74,23.46
420,24,112.47,98.11,4,4.35,31.13
420,26,289.11,82.32,0,7.84,12.56
420,26,289.11,82.32,1,35.44,0.55
420,26,289.11,82.32,2,28.50,9.89
420,26,289.11,82.32,3,34.74,23.46
420,26,289.11,82.32,4,4.35,31.13
420,28,378.49,308.06,0,7.84,12.56
420,28,378.49,308.06,1,35.44,0.55
420,28,378.49,308.06,2,28.50,9.89
420,28,378.49,308.06,3,34.74,23.46
420,28,378.49,308.06,4,4.35,31.13
420,29,94.51,291.59,0,7.84,12.56
420,29,94.51,291.59,1,35.44,0.55
420,29,94.51,291.59,2,28.50,9.89
420,29,94.51,291.59,3,34.74,23.46
420,29,94.51,291.59,4,4.35,31.13
420,31,263.19,80.76,0,7.84,12.56
420,31,263.19,80.76,1,35.44,0.55
420,31,263.19,80.76,2,28.50,9.89
420,31,263.19,80.76,3,34.74,23.46
420,31,263.19,80.76,4,4.35,31.13
420,35,349.57,230.00,0,7.84,12.56
420,35,349.57,230.00,1,35.44,0.55
420,35,349.57,230.00,2,28.50,9.89
420,35,349.57,230.00,3,34.74,23.46
420,35,349.57,230.00,4,4.35,31.13
420,36,45.15,318.73,0,7.84,12.56
420,36,45.15,318.73,1,35.44,0.55
420,36,45.15,318.73,2,28.50,9.89
420,36,45.15,318.73,3,34.74,23.46
420,36,45.15,318.73,4,4.35,31.13
420,38,82.14,261.25,0,7.84,12.56
420,38,82.14,261.25,1,35.44,0.55
420,38,82.14,261.25,2,28.50,9.89
420,38,82.14,261.25,3,34.74,23.46
420,38,82.14,261.25,4,4.35,31.13
420,39,90.44,152.25,0,7.84,12.56
420,39,90.44,152.25,1,35.44,0.55
420,39,90.44,152.25,2,28.50,9.89
420,39,90.44,152.25,3,34.74,23.46
420,39,90.44,152.25,4,4.35,31.13
420,41,291.73,277.58,0,7.84,12.56
420,41,291.73,277.58,1,35.44,0.55
420,41,291.73,277.58,2,28.50,9.89
420,41,291.73,277.58,3,34.74,23.46
420,41,291.73,277.58,4,4.35,31.13
420,49,268.69,103.71,0,7.84,12.56
420,49,268.69,103.71,1,35.44,0.55
420,49,268.69,103.71,2,28.50,9.89
420,49,268.69,103.71,3,34.74,23.46
420,49,268.69,103.71,4,4.35,31.13
420,50,337.51,265.75,0,7.84,12.56
420,50,337.51,265.75,1,35.44,0.55
420,50,337.51,265.75,2,28.50,9.89
420,50,337.51,265.75,3,34.74,23.46
420,50,337.51,265.75,4,4.35,31.13
420,53,333.17,226.87,0,7.84,12.56
420,53,333.17,226.87,1,35.44,0.55
420,53,333.17,226.87,2,28.50,9.89
420,53,333.17,226.87,3,34.74,23.46
420,53,333.17,226.87,4,4.35,31.13
420,54,366.54,16.20,0,7.84,12.56
420,54,366.54,16.20,1,35.44,0.55
420,54,366.54,16.20,2,28.50,9.89
420,54,366.54,16.20,3,34.74,23.46
420,54,366.54,16.20,4,4.35,31.13
420,55,337.31,233.88,0,7.84,12.56
420,55,337.31,233.88,1,35.44,0.55
420,55,337.31,233.88,2,28.50,9.89
420,55,337.31,233.88,3,34.74,23.46
420,55,337.31,233.88,4,4.35,31.13
420,56,352.17,216.24,0,7.84,12.56
420,56,352.17,216.24,1,35.44,0.55
420,56,352.17,216.24,2,28.50,9.89
420,56,352.17,216.24,3,34.74,23.46
420,56,352.17,216.24,4,4.35,31.13
420,57,84.88,131.09,0,7.84,12.56
420,57,84.88,131.09,1,35.44,0.55
420,57,84.88,131.09,2,28.50,9.89
420,57,84.88,131.09,3,34.74,23.46
420,57,84.88,131.09,4,4.35,31.13
420,60,130.83,297.67,0,7.84,12.56
420,60,130.83,297.67,1,35.44,0.55
420,60,130.83,297.67,2,28.50,9.89
420,60,130.83,297.67,3,34.74,23.46
420,60,130.83,297.67,4,4.35,31.13
420,62,35.36,325.42,0,7.84,12.56
420,62,35.36,325.42,1,35.44,0.55
420,62,35.36,325.42,2,28.50,9.89
420,62,35.36,325.42,3,34.74,23.46
420,62,35.36,325.42,4,4.35,31.13
420,63,86.51,126.02,0,7.84,12.56
420,63,86.51,126.02,1,35.44,0.55
420,63,86.51,126.02,2,28.50,9.89
420,63,86.51,126.02,3,34.74,23.46
420,63,86.51,126.02,4,4.35,31.13
420,66,48.66,331.42,0,7.84,12.56
420,66,48.66,331.42,1,35.44,0.55
420,66,48.66,331.42,2,28.50,9.89
420,66,48.66,331.42,3,34.74,23.46
420,66,48.66,331.42,4,4.35,31.13
420,67,67.87,166.81,0,7.84,12.56
420,67,67.87,166.81,1,35.44,0.55
420,67,67.87,166.81,2,28.50,9.89
420,67,67.87,166.81,3,34.74,23.46
420,67,67.87,166.81,4,4.35,31.13
420,68,210.94,344.74,0,7.84,12.56
420,68,210.94,344.74,1,35.44,0.55
420,68,210.94,344.74,2,28.50,9.89
420,68,210.94,344.74,3,34.74,23.46
420,68,210.94,344.74,4,4.35,31.13
420,69,384.68,302.13,0,7.84,12.56
420,69,384.68,302.13,1,35.44,0.55
420,69,384.68,302.13,2,28.50,9.89
420,69,384.68,302.13,3,34.74,23.46
420,69,384.68,302.13,4,4.35,31.13
420,71,39.78,320.47,0,7.84,12.56
420,71,39.78,320.47,1,35.44,0.55
420,71,39.78,320.47,2,28.50,9.89
420,71,39.78,320.47,3,34.74,23.46
420,71,39.78,320.47,4,4.35,31.13
420,72,33.33,320.04,0,7.84,12.56
420,72,33.33,320.04,1,35.44,0.55
420,72,33.33,320.04,2,28.50,9.89
420,72,33.33,320.04,3,34.74,23.46
420,72,33.33,320.04,4,4.35,31.13
420,73,375.33,210.44,0,7.84,12.56
420,73,375.33,210.44,1,35.44,0.55
420,73,375.33,210.44,2,28.50,9.89
420,73,375.33,210.44,3,34.74,23.46
420,73,375.33,210.44,4,4.35,31.13
420,74,281.00,99.00,0,7.84,12.56
420,74,281.00,99.00,1,35.44,0.55
420,74,281.00,99.00,2,28.50,9.89
420,74,281.00,99.00,3,34.74,23.46
420,74,281.00,99.00,4,4.35,31.13
420,75,254.34,97.62,0,7.84,12.56
420,75,254.34,97.62,1,35.44,0.55
420,75,254.34,97.62,2,28.50,9.89
420,75,254.34,97.62,3,34.74,23.46
420,75,254.34,97.62,4,4.35,31.13
420,76,362.97,187.32,0,7.84,12.56
420,76,362.97,187.32,1,35.44,0.55
420,76,362.97,187.32,2,28.50,9.89
420,76,362.97,187.32,3,34.74,23.46
420,76,362.97,187.32,4,4.35,31.13
420,78,189.84,376.57,0,7.84,12.56
420,78,189.84,376.57,1,35.44,0.55
420,78,189.84,376.57,2,28.50,9.89
420,78,189.84,376.57,3,34.74,23.46
420,78,189.84,376.57,4,4.35,31.13
420,81,267.80,346.72,0,7.84,12.56
420,81,267.80,346.72,1,35.44,0.55
420,81,267.80,346.72,2,28.50,9.89
420,81,267.80,346.72,3,34.74,23.46
420,81,267.80,346.72,4,4.35,31.13
420,82,347.93,167.93,0,7.84,12.56
420,82,347.93,167.93,1,35.44,0.55
420,82,347.93,167.93,2,28.50,9.89
420,82,347.93,167.93,3,34.74,23.46
420,82,347.93,167.93,4,4.35,31.13
420,83,232.35,70.02,0,7.84,12.56
420,83,232.35,70.02,1,35.44,0.55
420,83,232.35,70.02,2,28.50,9.89
420,83,232.35,70.02,3,34.74,23.46
420,83,232.35,70.02,4,4.35,31.13
420,84,247.51,272.51,0,7.84,12.56
420,84,247.51,272.51,1,35.44,0.55
420,84,247.51,272.51,2,28.50,9.89
420,84,247.51,272.51,3,34.74,23.46
420,84,247.51,272.51,4,4.35,31.13
420,85,355.61,207.73,0,7.84,12.56
420,85,355.61,207.73,1,35.44,0.55
420,85,355.61,207.73,2,28.50,9.89
420,85,355.61,207.73,3,34.74,23.46
420,85,355.61,207.73,4,4.35,31.13
420,86,79.50,122.50,0,7.84,12.56
420,86,79.50,122.50,1,35.44,0.55
420,86,79.50,122.50,2,28.50,9.89
420,86,79.50,122.50,3,34.74,23.46
420,86,79.50,122.50,4,4.35,31.13
420,87,384.83,19.98,0,7.84,12.56
420,87,384.83,19.98,1,35.44,0.55
420,87,384.83,19.98,2,28.50,9.89
420,87,384.83,19.98,3,34.74,23.46
420,87,384.83,19.98,4,4.35,31.13
420,88,130.25,307.33,0,7.84,12.56
420,88,130.25,307.33,1,35.44,0.55
420,88,130.25,307.33,2,28.50,9.89
420,88,130.25,307.33,3,34.74,23.46
420,88,130.25,307.33,4,4.35,31.13
420,89,294.19,94.87,0,7.84,12.56
420,89,294.19,94.87,1,35.44,0.55
420,89,294.19,94.87,2,28.50,9.89
420,89,294.19,94.87,3,34.74,23.46
420,89,294.19,94.87,4,4.35,31.13
420,90,250.55,76.94,0,7.84,12.56
420,90,250.55,76.94,1,35.44,0.55
420,90,250.55,76.94,2,28.50,9.89
420,90,250.55,76.94,3,34.74,23.46
420,90,250.55,76.94,4,4.35,31.13
420,93,285.74,91.88,0,7.84,12.56
420,93,285.74,91.88,1,35.44,0.55
420,93,285.74,91.88,2,28.50,9.89
420,93,285.74,91.88,3,34.74,23.46
420,93,285.74,91.88,4,4.35,31.13
420,94,28.61,313.78,0,7.84,12.56
420,94,28.61,313.78,1,35.44,0.55
420,94,28.61,313.78,2,28.50,9.89
420,94,28.61,313.78,3,34.74,23.46
420,94,28.61,313.78,4,4.35,31.13
420,95,350.17,225.89,0,7.84,12.56
420,95,350.17,225.89,1,35.44,0.55
420,95,350.17,225.89,2,28.50,9.89
420,95,350.17,225.89,3,34.74,23.46
420,95,350.17,225.89,4,4.35,31.13
420,97,276.36,112.62,0,7.84,12.56
420,97,276.36,112.62,1,35.44,0.55
420,97,276.36,112.62,2,28.50,9.89
420,97,276.36,112.62,3,34.74,23.46
420,97,276.36,112.62,4,4.35,31.13
420,98,367.54,12.11,0,7.84,12.56
420,98,367.54,12.11,1,35.44,0.55
420,98,367.54,12.11,2,28.50,9.89
420,98,367.54,12.11,3,34.74,23.46
420,98,367.54,12.11,4,4.35,31.13
420,102,79.97,133.59,0,7.84,12.56
420,102,79.97,133.59,1,35.44,0.55
420,102,79.97,133.59,2,28.50,9.89
420,102,79.97,133.59,3,34.74,23.46
420,102,79.97,133.59,4,4.35,31.13
420,103,62.94,340.71,0,7.84,12.56
420,103,62.94,340.71,1,35.44,0.55
420,103,62.94,340.71,2,28.50,9.89
420,103,62.94,340.71,3,34.74,23.46
420,103,62.94,340.71,4,4.35,31.13
420,104,375.44,12.22,0,7.84,12.56
420,104,375.44,12.22,1,35.44,0.55
420,104,375.44,12.22,2,28.50,9.89
420,104,375.44,12.22,3,34.74,23.46
420,104,375.44,12.22,4,4.35,31.13
420,106,37.79,300.79,0,7.84,12.56
420,106,37.79,300.79,1,35.44,0.55
420,106,37.79,300.79,2,28.50,9.89
420,106,37.79,300.79,3,34.74,23.46
420,106,37.79,300.79,4,4.35,31.13
420,107,285.35,102.76,0,7.84,12.56
420,107,285.35,102.76,1,35.44,0.55
420,107,285.35,102.76,2,28.50,9.89
420,107,285.35,102.76,3,34.74,23.46
420,107,285.35,102.76,4,4.35,31.13
420,108,50.18,92.01,0,7.84,12.56
420,108,50.18,92.01,1,35.44,0.55
420,108,50.18,92.01,2,28.50,9.89
420,108,50.18,92.01,3,34.74,23.46
420,108,50.18,92.01,4,4.35,31.13
420,110,57.94,312.57,0,7.84,12.56
420,110,57.94,312.57,1,35.44,0.55
420,110,57.94,312.57,2,28.50,9.89
420,110,57.94,312.57,3,34.74,23.46
420,110,57.94,312.57,4,4.35,31.13
420,111,383.21,28.98,0,7.84,12.56
420,111,383.21,28.98,1,35.44,0.55
420,111,383.21,28.98,2,28.50,9.89
420,111,383.21,28.98,3,34.74,23.46
420,111,383.21,28.98,4,4.35,31.13
420,112,260.80,103.88,0,7.84,12.56
420,112,260.80,103.88,1,35.44,0.55
420,112,260.80,103.88,2,28.50,9.89
420,112,260.80,103.88,3,34.74,23.46
420,112,260.80,103.88,4,4.35,31.13
420,113,92.17,117.18,0,7.84,12.56
420,113,92.17,117.18,1,35.44,0.55
420,113,92.17,117.18,2,28.50,9.89
420,113,92.17,117.18,3,34.74,23.46
420,113,92.17,117.18,4,4.35,31.13
420,114,150.30,64.61,0,7.84,12.56
420,114,150.30,64.61,1,35.44,0.55
420,114,150.30,64.61,2,28.50,9.89
420,114,150.30,64.61,3,34.74,23.46
420,114,150.30,64.61,4,4.35,31.13
420,115,366.66,227.91,0,7.84,12.56
420,115,366.66,227.91,1,35.44,0.55
420,115,366.66,227.91,2,28.50,9.89
420,115,366.66,227.91,3,34.74,23.46
420,115,366.66,227.91,4,4.35,31.13
420,116,271.69,106.38,0,7.84,12.56
420,116,271.69,106.38,1,35.44,0.55
420,116,271.69,106.38,2,28.50,9.89
420,116,271.69,106.38,3,34.74,23.46
420,116,271.69,106.38,4,4.35,31.13
420,117,357.55,176.36,0,7.84,12.56
420,117,357.55,176.36,1,35.44,0.55
420,117,357.55,176.36,2,28.50,9.89
420,117,357.55,176.36,3,34.74,23.46
420,117,357.55,176.36,4,4.35,31.13
420,118,84.69,146.83,0,7.84,12.56
420,118,84.69,146.83,1,35.44,0.55
420,118,84.69,146.83,2,28.50,9.89
420,118,84.69,146.83,3,34.74,23.46
420,118,84.69,146.83,4,4.35,31.13
420,119,295.36,111.04,0,7.84,12.56
420,119,295.36,111.04,1,35.44,0.55
420,119,295.36,111.04,2,28.50,9.89
420,119,295.36,111.04,3,34.74,23.46
420,119,295.36,111.04,4,4.35,31.13
420,120,173.41,208.27,0,7.84,12.56
420,120,173.41,208.27,1,35.44,0.55
420,120,173.41,208.27,2,28.50,9.89
420,120,173.41,208.27,3,34.74,23.46
420,120,173.41,208.27,4,4.35,31.13
420,122,97.45,265.90,0,7.84,12.56
420,122,97.45,265.90,1,35.44,0.55
420,122,97.45,265.90,2,28.50,9.89
420,122,97.45,265.90,3,34.74,23.46
420,122,97.45,265.90,4,4.35,31.13
420,123,109.75,314.45,0,7.84,12.56
420,123,109.75,314.45,1,35.44,0.55
420,123,109.75,314.45,2,28.50,9.89
420,123,109.75,314.45,3,34.74,23.46
420,123,109.75,314.45,4,4.35,31.13
420,124,98.81,85.82,0,7.84,12.56
420,124,98.81,85.82,1,35.44,0.55
420,124,98.81,85.82,2,28.50,9.89
420,124,98.81,85.82,3,34.74,23.46
420,124,98.81,85.82,4,4.35,31.13
420,125,359.46,158.04,0,7.84,12.56
420,125,359.46,158.04,1,35.44,0.55
420,125,359.46,158.04,2,28.50,9.89
420,125,359.46,158.04,3,34.74,23.46
420,125,359.46,158.04,4,4.35,31.13
420,126,78.00,119.00,0,7.84,12.56
420,126,78.00,119.00,1,35.44,0.55
420,126,78.00,119.00,2,28.50,9.89
420,126,78.00,119.00,3,34.74,23.46
420,126,78.00,119.00,4,4.35,31.13
420,128,224.37,349.54,0,7.84,12.56
420,128,224.37,349.54,1,35.44,0.55
420,128,224.37,349.54,2,28.50,9.89
420,128,224.37,349.54,3,34.74,23.46
420,128,224.37,349.54,4,4.35,31.13
420,129,319.85,197.22,0,7.84,12.56
420,129,319.85,197.22,1,35.44,0.55
420,129,319.85,197.22,2,28.50,9.89
420,129,319.85,197.22,3,34.74,23.46
420,129,319.85,197.22,4,4.35,31.13
420,132,365.29,249.46,0,7.84,12.56
420,132,365.29,249.46,1,35.44,0.55
420,132,365.29,249.46,2,28.50,9.89
420,132,365.29,249.46,3,34.74,23.46
420,132,365.29,249.46,4,4.35,31.13
420,133,71.94,119.97,0,7.84,12.56
420,133,71.94,119.97,1,35.44,0.55
420,133,71.94,119.97,2,28.50,9.89
420,133,71.94,119.97,3,34.74,23.46
420,133,71.94,119.97,4,4.35,31.13
420,135,45.84,302.87,0,7.84,12.56
420,135,45.84,302.87,1,35.44,0.55
420,135,45.84,302.87,2,28.50,9.89
420,135,45.84,302.87,3,34.74,23.46
420,135,45.84,302.87,4,4.35,31.13
420,139,353.57,186.95,0,7.84,12.56
420,139,353.57,186.95,1,35.44,0.55
420,139,353.57,186.95,2,28.50,9.89
420,139,353.57,186.95,3,34.74,23.46
420,139,353.57,186.95,4,4.35,31.13
420,141,353.71,393.09,0,7.84,12.56
420,141,353.71,393.09,1,35.44,0.55
420,141,353.71,393.09,2,28.50,9.89
420,141,353.71,393.09,3,34.74,23.46
420,141,353.71,393.09,4,4.35,31.13
420,143,342.83,301.32,0,7.84,12.56
420,143,342.83,301.32,1,35.44,0.55
420,143,342.83,301.32,2,28.50,9.89
420,143,342.83,301.32,3,34.74,23.46
420,143,342.83,301.32,4,4.35,31.13
420,145,216.28,330.02,0,7.84,12.56
420,145,216.28,330.02,1,35.44,0.55
420,145,216.28,330.02,2,28.50,9.89
420,145,216.28,330.02,3,34.74,23.46
420,145,216.28,330.02,4,4.35,31.13
420,146,97.04,140.70,0,7.84,12.56
420,146,97.04,140.70,1,35.44,0.55
420,146,97.04,140.70,2,28.50,9.89
420,146,97.04,140.70,3,34.74,23.46
420,146,97.04,140.70,4,4.35,31.13
420,148,341.07,223.81,0,7.84,12.56
420,148,341.07,223.81,1,35.44,0.55
420,148,341.07,223.81,2,28.50,9.89
420,148,341.07,223.81,3,34.74,23.46
420,148,341.07,223.81,4,4.35,31.13
420,150,285.89,110.17,0,7.84,12.56
420,150,285.89,110.17,1,35.44,0.55
420,150,285.89,110.17,2,28.50,9.89
420,150,285.89,110.17,3,34.74,23.46
420,150,285.89,110.17,4,4.35,31.13
420,151,255.57,95.01,0,7.84,12.56
420,151,255.57,95.01,1,35.44,0.55
420,151,255.57,95.01,2,28.50,9.89
420,151,255.57,95.01,3,34.74,23.46
420,151,255.57,95.01,4,4.35,31.13
420,152,78.10,113.75,0,7.84,12.56
420,152,78.10,113.75,1,35.44,0.55
420,152,78.10,113.75,2,28.50,9.89
420,152,78.10,113.75,3,34.74,23.46
420,152,78.10,113.75,4,4.35,31.13
420,155,266.83,111.65,0,7.84,12.56
420,155,266.83,111.65,1,35.44,0.55
420,155,266.83,111.65,2,28.50,9.89
420,155,266.83,111.65,3,34.74,23.46
420,155,266.83,111.65,4,4.35,31.13
420,156,352.92,263.10,0,7.84,12.56
420,156,352.92,263.10,1,35.44,0.55
420,156,352.92,263.10,2,28.50,9.89
420,156,352.92,263.10,3,34.74,23.46
420,156,352.92,263.10,4,4.35,31.13
420,159,356.47,248.54,0,7.84,12.56
420,159,356.47,248.54,1,35.44,0.55
420,159,356.47,248.54,2,28.50,9.89
420,159,356.47,248.54,3,34.74,23.46
420,159,356.47,248.54,4,4.35,31.13
420,160,329.13,381.95,0,7.84,12.56
420,160,329.13,381.95,1,35.44,0.55
420,160,329.13,381.95,2,28.50,9.89
420,160,329.13,381.95,3,34.74,23.46
420,160,329.13,381.95,4,4.35,31.13
420,161,158.07,130.87,0,7.84,12.56
420,161,158.07,130.87,1,35.44,0.55
420,161,158.07,130.87,2,28.50,9.89
420,161,158.07,130.87,3,34.74,23.46
420,161,158.07,130.87,4,4.35,31.13
420,162,298.64,327.10,0,7.84,12.56
420,162,298.64,327.10,1,35.44,0.55
420,162,298.64,327.10,2,28.50,9.89
420,162,298.64,327.10,3,34.74,23.46
420,162,298.64,327.10,4,4.35,31.13
420,163,212.10,120.30,0,7.84,12.56
420,163,212.10,120.30,1,35.44,0.55
420,163,212.10,120.30,2,28.50,9.89
420,163,212.10,120.30,3,34.74,23.46
420,163,212.10,120.30,4,4.35,31.13
420,164,58.16,76.28,0,7.84,12.56
420,164,58.16,76.28,1,35.44,0.55
420,164,58.16,76.28,2,28.50,9.89
420,164,58.16,76.28,3,34.74,23.46
420,164,58.16,76.28,4,4.35,31.13
420,165,88.43,110.86,0,7.84,12.56
420,165,88.43,110.86,1,35.44,0.55
420,165,88.43,110.86,2,28.50,9.89
420,165,88.43,110.86,3,34.74,23.46
420,165,88.43,110.86,4,4.35,31.13
420,166,299.02,361.83,0,7.84,12.56
420,166,299.02,361.83,1,35.44,0.55
420,166,299.02,361.83,2,28.50,9.89
420,166,299.02,361.83,3,34.74,23.46
420,166,299.02,361.83,4,4.35,31.13
420,167,372.36,276.89,0,7.84,12.56
420,167,372.36,276.89,1,35.44,0.55
420,167,372.36,276.89,2,28.50,9.89
420,167,372.36,276.89,3,34.74,23.46
420,167,372.36,276.89,4,4.35,31.13
420,168,188.62,277.67,0,7.84,12.56
420,168,188.62,277.67,1,35.44,0.55
420,168,188.62,277.67,2,28.50,9.89
420,168,188.62,277.67,3,34.74,23.46
420,168,188.62,277.67,4,4.35,31.13
420,169,267.03,91.87,0,7.84,12.56
420,169,267.03,91.87,1,35.44,0.55
420,169,267.03,91.87,2,28.50,9.89
420,169,267.03,91.87,3,34.74,23.46
420,169,267.03,91.87,4,4.35,31.13
420,170,341.78,237.50,0,7.84,12.56
420,170,341.78,237.50,1,35.44,0.55
420,170,341.78,237.50,2,28.50,9.89
420,170,341.78,237.50,3,34.74,23.46
420,170,341.78,237.50,4,4.35,31.13
420,173,377.97,201.26,0,7.84,12.56
420,173,377.97,201.26,1,35.44,0.55
420,173,377.97,201.26,2,28.50,9.89
420,173,377.97,201.26,3,34.74,23.46
420,173,377.97,201.26,4,4.35,31.13
420,174,149.60,224.29,0,7.84,12.56
420,174,149.60,224.29,1,35.44,0.55
420,174,149.60,224.29,2,28.50,9.89
420,174,149.60,224.29,3,34.74,23.46
420,174,149.60,224.29,4,4.35,31.13
420,176,71.71,149.71,0,7.84,12.56
420,176,71.71,149.71,1,35.44,0.55
420,176,71.71,149.71,2,28.50,9.89
420,176,71.71,149.71,3,34.74,23.46
420,176,71.71,149.71,4,4.35,31.13
420,177,205.56,276.51,0,7.84,12.56
420,177,205.56,276.51,1,35.44,0.55
420,177,205.56,276.51,2,28.50,9.89
420,177,205.56,276.51,3,34.74,23.46
420,177,205.56,276.51,4,4.35,31.13
420,178,276.59,97.67,0,7.84,12.56
420,178,276.59,97.67,1,35.44,0.55
420,178,276.59,97.67,2,28.50,9.89
420,178,276.59,97.67,3,34.74,23.46
420,178,276.59,97.67,4,4.35,31.13
420,180,249.01,126.75,0,7.84,12.56
420,180,249.01,126.75,1,35.44,0.55
420,180,249.01,126.75,2,28.50,9.89
420,180,249.01,126.75,3,34.74,23.46
420,180,249.01,126.75,4,4.35,31.13
420,181,56.33,124.69,0,7.84,12.56
420,181,56.33,124.69,1,35.44,0.55
420,181,56.33,124.69,2,28.50,9.89
420,181,56.33,124.69,3,34.74,23.46
420,181,56.33,124.69,4,4.35,31.13
420,184,84.29,104.87,0,7.84,12.56
420,184,84.29,104.87,1,35.44,0.55
420,184,84.29,104.87,2,28.50,9.89
420,184,84.29,104.87,3,34.74,23.46
420,184,84.29,104.87,4,4.35,31.13
420,185,51.08,307.15,0,7.84,12.56
420,185,51.08,307.15,1,35.44,0.55
420,185,51.08,307.15,2,28.50,9.89
420,185,51.08,307.15,3,34.74,23.46
420,185,51.08,307.15,4,4.35,31.13
420,187,82.99,313.85,0,7.84,12.56
420,187,82.99,313.85,1,35.44,0.55
420,187,82.99,313.85,2,28.50,9.89
420,187,82.99,313.85,3,34.74,23.46
420,187,82.99,313.85,4,4.35,31.13
420,190,70.96,99.06,0,7.84,12.56
420,190,70.96,99.06,1,35.44,0.55
420,190,70.96,99.06,2,28.50,9.89
420,190,70.96,99.06,3,34.74,23.46
420,190,70.96,99.06,4,4.35,31.13
420,193,296.49,103.48,0,7.84,12.56
420,193,296.49,103.48,1,35.44,0.55
420,193,296.49,103.48,2,28.50,9.89
420,193,296.49,103.48,3,34.74,23.46
420,193,296.49,103.48,4,4.35,31.13
420,195,63.20,329.18,0,7.84,12.56
420,195,63.20,329.18,1,35.44,0.55
420,195,63.20,329.18,2,28.50,9.89
420,195,63.20,329.18,3,34.74,23.46
420,195,63.20,329.18,4,4.35,31.13
420,198,353.59,229.47,0,7.84,12.56
420,198,353.59,229.47,1,35.44,0.55
420,198,353.59,229.47,2,28.50,9.89
420,198,353.59,229.47,3,34.74,23.46
420,198,353.59,229.47,4,4.35,31.13
420,199,74.13,129.94,0,7.84,12.56
420,199,74.13,129.94,1,35.44,0.55
420,199,74.13,129.94,2,28.50,9.89
420,199,74.13,129.94,3,34.74,23.46
420,199,74.13,129.94,4,4.35,31.13
420,200,65.97,106.15,0,7.84,12.56
420,200,65.97,106.15,1,35.44,0.55
420,200,65.97,106.15,2,28.50,9.89
420,200,65.97,106.15,3,34.74,23.46
420,200,65.97,106.15,4,4.35,31.13
420,201,356.50,226.13,0,7.84,12.56
420,201,356.50,226.13,1,35.44,0.55
420,201,356.50,226.13,2,28.50,9.89
420,201,356.50,226.13,3,34.74,23.46
420,201,356.50,226.13,4,4.35,31.13
420,206,286.00,101.00,0,7.84,12.56
420,206,286.00,101.00,1,35.44,0.55
420,206,286.00,101.00,2,28.50,9.89
420,206,286.00,101.00,3,34.74,23.46
420,206,286.00,101.00,4,4.35,31.13
420,207,25.85,303.68,0,7.84,12.56
420,207,25.85,303.68,1,35.44,0.55
420,207,25.85,303.68,2,28.50,9.89
420,207,25.85,303.68,3,34.74,23.46
420,207,25.85,303.68,4,4.35,31.13
420,211,81.61,347.88,0,7.84,12.56
420,211,81.61,347.88,1,35.44,0.55
420,211,81.61,347.88,2,28.50,9.89
420,211,81.61,347.88,3,34.74,23.46
420,211,81.61,347.88,4,4.35,31.13
420,212,357.46,238.79,0,7.84,12.56
420,212,357.46,238.79,1,35.44,0.55
420,212,357.46,238.79,2,28.50,9.89
420,212,357.46,238.79,3,34.74,23.46
420,212,357.46,238.79,4,4.35,31.13
420,213,362.46,234.89,0,7.84,12.56
420,213,362.46,234.89,1,35.44,0.55
420,213,362.46,234.89,2,28.50,9.89
420,213,362.46,234.89,3,34.74,23.46
420,213,362.46,234.89,4,4.35,31.13
420,214,286.00,97.70,0,7.84,12.56
420,214,286.00,97.70,1,35.44,0.55
420,214,286.00,97.70,2,28.50,9.89
420,214,286.00,97.70,3,34.74,23.46
420,214,286.00,97.70,4,4.35,31.13
420,215,243.21,393.41,0,7.84,12.56
420,215,243.21,393.41,1,35.44,0.55
420,215,243.21,393.41,2,28.50,9.89
420,215,243.21,393.41,3,34.74,23.46
420,215,243.21,393.41,4,4.35,31.13
420,216,240.90,388.11,0,7.84,12.56
420,216,240.90,388.11,1,35.44,0.55
420,216,240.90,388.11,2,28.50,9.89
420,216,240.90,388.11,3,34.74,23.46
420,216,240.90,388.11,4,4.35,31.13
420,217,379.06,12.12,0,7.84,12.56
420,217,379.06,12.12,1,35.44,0.55
420,217,379.06,12.12,2,28.50,9.89
420,217,379.06,12.12,3,34.74,23.46
420,217,379.06,12.12,4,4.35,31.13
420,218,271.99,382.46,0,7.84,12.56
420,218,271.99,382.46,1,35.44,0.55
420,218,271.99,382.46,2,28.50,9.89
420,218,271.99,382.46,3,34.74,23.46
420,218,271.99,382.46,4,4.35,31.13
420,219,63.09,111.72,0,7.84,12.56
420,219,63.09,111.72,1,35.44,0.55
420,219,63.09,111.72,2,28.50,9.89
420,219,63.09,111.72,3,34.74,23.46
420,219,63.09,111.72,4,4.35,31.13
420,223,351.50,232.00,0,7.84,12.56
420,223,351.50,232.00,1,35.44,0.55
420,223,351.50,232.00,2,28.50,9.89
420,223,351.50,232.00,3,34.74,23.46
420,223,351.50,232.00,4,4.35,31.13
420,226,294.12,129.56,0,7.84,12.56
420,226,294.12,129.56,1,35.44,0.55
420,226,294.12,129.56,2,28.50,9.89
420,226,294.12,129.56,3,34.74,23.46
420,226,294.12,129.56,4,4.35,31.13
420,227,46.66,313.64,0,7.84,12.56
420,227,46.66,313.64,1,35.44,0.55
420,227,46.66,313.64,2,28.50,9.89
420,227,46.66,313.64,3,34.74,23.46
420,227,46.66,313.64,4,4.35,31.13
420,228,277.99,84.91,0,7.84,12.56
420,228,277.99,84.91,1,35.44,0.55
420,228,277.99,84.91,2,28.50,9.89
420,228,277.99,84.91,3,34.74,23.46
420,228,277.99,84.91,4,4.35,31.13
420,229,133.68,113.44,0,7.84,12.56
420,229,133.68,113.44,1,35.44,0.55
420,229,133.68,113.44,2,28.50,9.89
420,229,133.68,113.44,3,34.74,23.46
420,229,133.68,113.44,4,4.35,31.13
420,230,128.76,77.07,0,7.84,12.56
420,230,128.76,77.07,1,35.44,0.55
420,230,128.76,77.07,2,28.50,9.89
420,230,128.76,77.07,3,34.74,23.46
420,230,128.76,77.07,4,4.35,31.13
420,231,305.45,298.74,0,7.84,12.56
420,231,305.45,298.74,1,35.44,0.55
420,231,305.45,298.74,2,28.50,9.89
420,231,305.45,298.74,3,34.74,23.46
420,231,305.45,298.74,4,4.35,31.13
420,232,371.52,26.36,0,7.84,12.56
420,232,371.52,26.36,1,35.44,0.55
420,232,371.52,26.36,2,28.50,9.89
420,232,371.52,26.36,3,34.74,23.46
420,232,371.52,26.36,4,4.35,31.13
420,233,363.05,230.80,0,7.84,12.56
420,233,363.05,230.80,1,35.44,0.55
420,233,363.05,230.80,2,28.50,9.89
420,233,363.05,230.80,3,34.74,23.46
420,233,363.05,230.80,4,4.35,31.13
420,237,155.51,138.73,0,7.84,12.56
420,237,155.51,138.73,1,35.44,0.55
420,237,155.51,138.73,2,28.50,9.89
420,237,155.51,138.73,3,34.74,23.46
420,237,155.51,138.73,4,4.35,31.13
420,238,23.27,308.08,0,7.84,12.56
420,238,23.27,308.08,1,35.44,0.55
420,238,23.27,308.08,2,28.50,9.89
420,238,23.27,308.08,3,34.74,23.46
420,238,23.27,308.08,4,4.35,31.13
420,239,241.78,115.04,0,7.84,12.56
420,239,241.78,115.04,1,35.44,0.55
420,239,241.78,115.04,2,28.50,9.89
420,239,241.78,115.04,3,34.74,23.46
420,239,241.78,115.04,4,4.35,31.13
420,240,100.46,258.39,0,7.84,12.56
420,240,100.46,258.39,1,35.44,0.55
420,240,100.46,258.39,2,28.50,9.89
420,240,100.46,258.39,3,34.74,23.46
420,240,100.46,258.39,4,4.35,31.13
420,241,368.45,219.39,0,7.84,12.56
420,241,368.45,219.39,1,35.44,0.55
420,241,368.45,219.39,2,28.50,9.89
420,241,368.45,219.39,3,34.74,23.46
420,241,368.45,219.39,4,4.35,31.13
420,242,234.24,221.70,0,7.84,12.56
420,242,234.24,221.70,1,35.44,0.55
420,242,234.24,221.70,2,28.50,9.89
420,242,234.24,221.70,3,34.74,23.46
420,242,234.24,221.70,4,4.35,31.13
420,244,138.72,323.79,0,7.84,12.56
420,244,138.72,323.79,1,35.44,0.55
420,244,138.72,323.79,2,28.50,9.89
420,244,138.72,323.79,3,34.74,23.46
420,244,138.72,323.79,4,4.35,31.13
420,245,253.10,120.17,0,7.84,12.56
420,245,253.10,120.17,1,35.44,0.55
420,245,253.10,120.17,2,28.50,9.89
420,245,253.10,120.17,3,34.74,23.46
420,245,253.10,120.17,4,4.35,31.13
420,248,368.26,262.33,0,7.84,12.56
420,248,368.26,262.33,1,35.44,0.55
420,248,368.26,262.33,2,28.50,9.89
420,248,368.26,262.33,3,34.74,23.46
420,248,368.26,262.33,4,4.35,31.13
420,249,385.32,388.58,0,7.84,12.56
420,249,385.32,388.58,1,35.44,0.55
420,249,385.32,388.58,2,28.50,9.89
420,249,385.32,388.58,3,34.74,23.46
420,249,385.32,388.58,4,4.35,31.13
420,250,265.45,283.00,0,7.84,12.56
420,250,265.45,283.00,1,35.44,0.55
420,250,265.45,283.00,2,28.50,9.89
420,250,265.45,283.00,3,34.74,23.46
420,250,265.45,283.00,4,4.35,31.13
420,252,66.55,107.42,0,7.84,12.56
420,252,66.55,107.42,1,35.44,0.55
420,252,66.55,107.42,2,28.50,9.89
420,252,66.55,107.42,3,34.74,23.46
420,252,66.55,107.42,4,4.35,31.13
420,253,342.84,216.47,0,7.84,12.56
420,253,342.84,216.47,1,35.44,0.55
420,253,342.84,216.47,2,28.50,9.89
420,253,342.84,216.47,3,34.74,23.46
420,253,342.84,216.47,4,4.35,31.13
420,254,363.42,203.86,0,7.84,12.56
420,254,363.42,203.86,1,35.44,0.55
420,254,363.42,203.86,2,28.50,9.89
420,254,363.42,203.86,3,34.74,23.46
420,254,363.42,203.86,4,4.35,31.13
420,258,375.75,22.25,0,7.84,12.56
420,258,375.75,22.25,1,35.44,0.55
420,258,375.75,22.25,2,28.50,9.89
420,258,375.75,22.25,3,34.74,23.46
420,258,375.75,22.25,4,4.35,31.13
420,259,98.62,111.30,0,7.84,12.56
420,259,98.62,111.30,1,35.44,0.55
420,259,98.62,111.30,2,28.50,9.89
420,259,98.62,111.30,3,34.74,23.46
420,259,98.62,111.30,4,4.35,31.13
420,260,329.87,352.74,0,7.84,12.56
420,260,329.87,352.74,1,35.44,0.55
420,260,329.87,352.74,2,28.50,9.89
420,260,329.87,352.74,3,34.74,23.46
420,260,329.87,352.74,4,4.35,31.13
420,261,42.59,316.14,0,7.84,12.56
420,261,42.59,316.14,1,35.44,0.55
420,261,42.59,316.14,2,28.50,9.89
420,261,42.59,316.14,3,34.74,23.46
420,261,42.59,316.14,4,4.35,31.13
420,262,146.53,102.83,0,7.84,12.56
420,262,146.53,102.83,1,35.44,0.55
420,262,146.53,102.83,2,28.50,9.89
420,262,146.53,102.83,3,34.74,23.46
420,262,146.53,102.83,4,4.35,31.13
420,263,137.02,93.62,0,7.84,12.56
420,263,137.02,93.62,1,35.44,0.55
420,263,137.02,93.62,2,28.50,9.89
420,263,137.02,93.62,3,34.74,23.46
420,263,137.02,93.62,4,4.35,31.13
420,264,70.89,125.06,0,7.84,12.56
420,264,70.89,125.06,1,35.44,0.55
420,264,70.89,125.06,2,28.50,9.89
420,264,70.89,125.06,3,34.74,23.46
420,264,70.89,125.06,4,4.35,31.13
420,265,230.58,336.01,0,7.84,12.56
420,265,230.58,336.01,1,35.44,0.55
420,265,230.58,336.01,2,28.50,9.89
420,265,230.58,336.01,3,34.74,23.46
420,265,230.58,336.01,4,4.35,31.13
420,266,60.44,305.98,0,7.84,12.56
420,266,60.44,305.98,1,35.44,0.55
420,266,60.44,305.98,2,28.50,9.89
420,266,60.44,305.98,3,34.74,23.46
420,266,60.44,305.98,4,4.35,31.13
420,267,236.57,79.92,0,7.84,12.56
420,267,236.57,79.92,1,35.44,0.55
420,267,236.57,79.92,2,28.50,9.89
420,267,236.57,79.92,3,34.74,23.46
420,267,236.57,79.92,4,4.35,31.13
420,269,63.91,132.04,0,7.84,12.56
420,269,63.91,132.04,1,35.44,0.55
420,269,63.91,132.04,2,28.50,9.89
420,269,63.91,132.04,3,34.74,23.46
420,269,63.91,132.04,4,4.35,31.13
420,273,33.75,304.14,0,7.84,12.56
420,273,33.75,304.14,1,35.44,0.55
420,273,33.75,304.14,2,28.50,9.89
420,273,33.75,304.14,3,34.74,23.46
420,273,33.75,304.14,4,4.35,31.13
420,274,97.53,62.73,0,7.84,12.56
420,274,97.53,62.73,1,35.44,0.55
420,274,97.53,62.73,2,28.50,9.89
420,274,97.53,62.73,3,34.74,23.46
420,274,97.53,62.73,4,4.35,31.13
420,275,345.60,232.68,0,7.84,12.56
420,275,345.60,232.68,1,35.44,0.55
420,275,345.60,232.68,2,28.50,9.89
420,275,345.60,232.68,3,34.74,23.46
420,275,345.60,232.68,4,4.35,31.13
420,277,324.75,209.84,0,7.84,12.56
420,277,324.75,209.84,1,35.44,0.55
420,277,324.75,209.84,2,28.50,9.89
420,277,324.75,209.84,3,34.74,23.46
420,277,324.75,209.84,4,4.35,31.13
420,278,54.69,330.64,0,7.84,12.56
420,278,54.69,330.64,1,35.44,0.55
420,278,54.69,330.64,2,28.50,9.89
420,278,54.69,330.64,3,34.74,23.46
420,278,54.69,330.64,4,4.35,31.13
420,279,210.44,392.40,0,7.84,12.56
420,279,210.44,392.40,1,35.44,0.55
420,279,210.44,392.40,2,28.50,9.89
420,279,210.44,392.40,3,34.74,23.46
420,279,210.44,392.40,4,4.35,31.13
420,281,271.47,84.51,0,7.84,12.56
420,281,271.47,84.51,1,35.44,0.55
420,281,271.47,84.51,2,28.50,9.89
420,281,271.47,84.51,3,34.74,23.46
420,281,271.47,84.51,4,4.35,31.13
420,282,363.00,221.21,0,7.84,12.56
420,282,363.00,221.21,1,35.44,0.55
420,282,363.00,221.21,2,28.50,9.89
420,282,363.00,221.21,3,34.74,23.46
420,282,363.00,221.21,4,4.35,31.13
420,283,346.32,211.02,0,7.84,12.56
420,283,346.32,211.02,1,35.44,0.55
420,283,346.32,211.02,2,28.50,9.89
420,283,346.32,211.02,3,34.74,23.46
420,283,346.32,211.02,4,4.35,31.13
420,285,218.85,354.23,0,7.84,12.56
420,285,218.85,354.23,1,35.44,0.55
420,285,218.85,354.23,2,28.50,9.89
420,285,218.85,354.23,3,34.74,23.46
420,285,218.85,354.23,4,4.35,31.13
420,286,262.93,338.14,0,7.84,12.56
420,286,262.93,338.14,1,35.44,0.55
420,286,262.93,338.14,2,28.50,9.89
420,286,262.93,338.14,3,34.74,23.46
420,286,262.93,338.14,4,4.35,31.13
420,288,94.23,52.41,0,7.84,12.56
420,288,94.23,52.41,1,35.44,0.55
420,288,94.23,52.41,2,28.50,9.89
420,288,94.23,52.41,3,34.74,23.46
420,288,94.23,52.41,4,4.35,31.13
420,290,343.77,242.61,0,7.84,12.56
420,290,343.77,242.61,1,35.44,0.55
420,290,343.77,242.61,2,28.50,9.89
420,290,343.77,242.61,3,34.74,23.46
420,290,343.77,242.61,4,4.35,31.13
420,291,74.80,102.11,0,7.84,12.56
420,291,74.80,102.11,1,35.44,0.55
420,291,74.80,102.11,2,28.50,9.89
420,291,74.80,102.11,3,34.74,23.46
420,291,74.80,102.11,4,4.35,31.13
420,292,297.37,284.92,0,7.84,12.56
420,292,297.37,284.92,1,35.44,0.55
420,292,297.37,284.92,2,28.50,9.89
420,292,297.37,284.92,3,34.74,23.46
420,292,297.37,284.92,4,4.35,31.13
420,294,55.91,320.20,0,7.84,12.56
420,294,55.91,320.20,1,35.44,0.55
420,294,55.91,320.20,2,28.50,9.89
420,294,55.91,320.20,3,34.74,23.46
420,294,55.91,320.20,4,4.35,31.13
420,297,365.34,208.44,0,7.84,12.56
420,297,365.34,208.44,1,35.44,0.55
420,297,365.34,208.44,2,28.50,9.89
420,297,365.34,208.44,3,34.74,23.46
420,297,365.34,208.44,4,4.35,31.13
420,298,381.17,24.63,0,7.84,12.56
420,298,381.17,24.63,1,35.44,0.55
420,298,381.17,24.63,2,28.50,9.89
420,298,381.17,24.63,3,34.74,23.46
420,298,381.17,24.63,4,4.35,31.13
420,300,209.73,334.00,0,7.84,12.56
420,300,209.73,334.00,1,35.44,0.55
420,300,209.73,334.00,2,28.50,9.89
420,300,209.73,334.00,3,34.74,23.46
420,300,209.73,334.00,4,4.35,31.13
430,2,84.80,120.10,0,7.48,12.29
430,2,84.80,120.10,1,34.70,0.30
430,2,84.80,120.10,2,28.50,9.89
430,2,84.80,120.10,3,34.74,23.46
430,2,84.80,120.10,4,4.35,31.13
430,3,162.70,278.98,0,7.48,12.29
430,3,162.70,278.98,1,34.70,0.30
430,3,162.70,278.98,2,28.50,9.89
430,3,162.70,278.98,3,34.74,23.46
430,3,162.70,278.98,4,4.35,31.13
430,6,51.82,302.79,0,7.48,12.29
430,6,51.82,302.79,1,34.70,0.30
430,6,51.82,302.79,2,28.50,9.89
430,6,51.82,302.79,3,34.74,23.46
430,6,51.82,302.79,4,4.35,31.13
430,8,82.67,354.56,0,7.48,12.29
430,8,82.67,354.56,1,34.70,0.30
430,8,82.67,354.56,2,28.50,9.89
430,8,82.67,354.56,3,34.74,23.46
430,8,82.67,354.56,4,4.35,31.13
430,9,327.89,219.35,0,7.48,12.29
430,9,327.89,219.35,1,34.70,0.30
430,9,327.89,219.35,2,28.50,9.89
430,9,327.89,219.35,3,34.74,23.46
430,9,327.89,219.35,4,4.35,31.13
430,11,139.77,115.53,0,7.48,12.29
430,11,139.77,115.53,1,34.70,0.30
430,11,139.77,115.53,2,28.50,9.89
430,11,139.77,115.53,3,34.74,23.46
430,11,139.77,115.53,4,4.35,31.13
430,13,118.33,103.55,0,7.48,12.29
430,13,118.33,103.55,1,34.70,0.30
430,13,118.33,103.55,2,28.50,9.89
430,13,118.33,103.55,3,34.74,23.46
430,13,118.33,103.55,4,4.35,31.13
430,14,28.12,324.00,0,7.48,12.29
430,14,28.12,324.00,1,34.70,0.30
430,14,28.12,324.00,2,28.50,9.89
430,14,28.12,324.00,3,34.74,23.46
430,14,28.12,324.00,4,4.35,31.13
430,16,349.48,244.00,0,7.48,12.29
430,16,349.48,244.00,1,34.70,0.30
430,16,349.48,244.00,2,28.50,9.89
430,16,349.48,244.00,3,34.74,23.46
430,16,349.48,244.00,4,4.35,31.13
430,18,127.24,332.01,0,7.48,12.29
430,18,127.24,332.01,1,34.70,0.30
430,18,127.24,332.01,2,28.50,9.89
430,18,127.24,332.01,3,34.74,23.46
430,18,127.24,332.01,4,4.35,31.13
430,20,207.90,391.02,0,7.48,12.29
430,20,207.90,391.02,1,34.70,0.30
430,20,207.90,391.02,2,28.50,9.89
430,20,207.90,391.02,3,34.74,23.46
430,20,207.90,391.02,4,4.35,31.13
430,21,375.35,188.39,0,7.48,12.29
430,21,375.35,188.39,1,34.70,0.30
430,21,375.35,188.39,2,28.50,9.89
430,21,375.35,188.39,3,34.74,23.46
430,21,375.35,188.39,4,4.35,31.13
430,22,291.78,384.09,0,7.48,12.29
430,22,291.78,384.09,1,34.70,0.30
430,22,291.78,384.09,2,28.50,9.89
430,22,291.78,384.09,3,34.74,23.46
430,22,291.78,384.09,4,4.35,31.13
430,24,110.18,98.91,0,7.48,12.29
430,24,110.18,98.91,1,34.70,0.30
430,24,110.18,98.91,2,28.50,9.89
430,24,110.18,98.91,3,34.74,23.46
430,24,110.18,98.91,4,4.35,31.13
430,26,289.97,84.93,0,7.48,12.29
430,26,289.97,84.93,1,34.70,0.30
430,26,289.97,84.93,2,28.50,9.89
430,26,289.97,84.93,3,34.74,23.46
430,26,289.97,84.93,4,4.35,31.13
430,28,377.01,305.18,0,7.48,12.29
430,28,377.01,305.18,1,34.70,0.30
430,28,377.01,305.18,2,28.50,9.89
430,28,377.01,305.18,3,34.74,23.46
430,28,377.01,305.18,4,4.35,31.13
430,29,92.34,291.94,0,7.48,12.29
430,29,92.34,291.94,1,34.70,0.30
430,29,92.34,291.94,2,28.50,9.89
430,29,92.34,291.94,3,34.74,23.46
430,29,92.34,291.94,4,4.35,31.13
430,31,264.52,81.63,0,7.48,12.29
430,31,264.52,81.63,1,34.70,0.30
430,31,264.52,81.63,2,28.50,9.89
430,31,264.52,81.63,3,34.74,23.46
430,31,264.52,81.63,4,4.35,31.13
430,36,43.69,317.16,0,7.48,12.29
430,36,43.69,317.16,1,34.70,0.30
430,36,43.69,317.16,2,28.50,9.89
430,36,43.69,317.16,3,34.74,23.46
430,36,43.69,317.16,4,4.35,31.13
430,38,81.16,264.68,0,7.48,12.29
430,38,81.16,264.68,1,34.70,0.30
430,38,81.16,264.68,2,28.50,9.89
430,38,81.16,264.68,3,34.74,23.46
430,38,81.16,264.68,4,4.35,31.13
430,39,89.88,150.37,0,7.48,12.29
430,39,89.88,150.37,1,34.70,0.30
430,39,89.88,150.37,2,28.50,9.89
430,39,89.88,150.37,3,34.74,23.46
430,39,89.88,150.37,4,4.35,31.13
430,41,294.87,277.12,0,7.48,12.29
430,41,294.87,277.12,1,34.70,0.30
430,41,294.87,277.12,2,28.50,9.89
430,41,294.87,277.12,3,34.74,23.46
430,41,294.87,277.12,4,4.35,31.13
430,49,267.40,104.73,0,7.48,12.29
430,49,267.40,104.73,1,34.70,0.30
430,49,267.40,104.73,2,28.50,9.89
430,49,267.40,104.73,3,34.74,23.46
430,49,267.40,104.73,4,4.35,31.13
430,50,336.56,263.21,0,7.48,12.29
430,50,336.56,263.21,1,34.70,0.30
430,50,336.56,263.21,2,28.50,9.89
430,50,336.56,263.21,3,34.74,23.46
430,50,336.56,263.21,4,4.35,31.13
430,53,335.01,226.93,0,7.48,12.29
430,53,335.01,226.93,1,34.70,0.30
430,53,335.01,226.93,2,28.50,9.89
430,53,335.01,226.93,3,34.74,23.46
430,53,335.01,226.93,4,4.35,31.13
430,54,364.79,13.38,0,7.48,12.29
430,54,364.79,13.38,1,34.70,0.30
430,54,364.79,13.38,2,28.50,9.89
430,54,364.79,13.38,3,34.74,23.46
430,54,364.79,13.38,4,4.35,31.13
430,55,337.79,233.76,0,7.48,12.29
430,55,337.79,233.76,1,34.70,0.30
430,55,337.79,233.76,2,28.50,9.89
430,55,337.79,233.76,3,34.74,23.46
430,55,337.79,233.76,4,4.35,31.13
430,56,352.20,222.40,0,7.48,12.29
430,56,352.20,222.40,1,34.70,0.30
430,56,352.20,222.40,2,28.50,9.89
430,56,352.20,222.40,3,34.74,23.46
430,56,352.20,222.40,4,4.35,31.13
430,57,84.64,131.06,0,7.48,12.29
430,57,84.64,131.06,1,34.70,0.30
430,57,84.64,131.06,2,28.50,9.89
430,57,84.64,131.06,3,34.74,23.46
430,57,84.64,131.06,4,4.35,31.13
430,60,128.90,299.54,0,7.48,12.29
430,60,128.90,299.54,1,34.70,0.30
430,60,128.90,299.54,2,28.50,9.89
430,60,128.90,299.54,3,34.74,23.46
430,60,128.90,299.54,4,4.35,31.13
430,62,36.84,324.70,0,7.48,12.29
430,62,36.84,324.70,1,34.70,0.30
430,62,36.84,324.70,2,28.50,9.89
430,62,36.84,324.70,3,34.74,23.46
430,62,36.84,324.70,4,4.35,31.13
430,63,86.66,126.42,0,7.48,12.29
430,63,86.66,126.42,1,34.70,0.30
430,63,86.66,126.42,2,28.50,9.89
430,63,86.66,126.42,3,34.74,23.46
430,63,86.66,126.42,4,4.35,31.13
430,66,48.66,329.15,0,7.48,12.29
430,66,48.66,329.15,1,34.70,0.30
430,66,48.66,329.15,2,28.50,9.89
430,66,48.66,329.15,3,34.74,23.46
430,66,48.66,329.15,4,4.35,31.13
430,67,69.15,163.55,0,7.48,12.29
430,67,69.15,163.55,1,34.70,0.30
430,67,69.15,163.55,2,28.50,9.89
430,67,69.15,163.55,3,34.74,23.46
430,67,69.15,163.55,4,4.35,31.13
430,68,209.36,345.64,0,7.48,12.29
430,68,209.36,345.64,1,34.70,0.30
430,68,209.36,345.64,2,28.50,9.89
430,68,209.36,345.64,3,34.74,23.46
430,68,209.36,345.64,4,4.35,31.13
430,69,383.59,301.12,0,7.48,12.29
430,69,383.59,301.12,1,34.70,0.30
430,69,383.59,301.12,2,28.50,9.89
430,69,383.59,301.12,3,34.74,23.46
430,69,383.59,301.12,4,4.35,31.13
430,71,40.56,322.44,0,7.48,12.29
430,71,40.56,322.44,1,34.70,0.30
430,71,40.56,322.44,2,28.50,9.89
430,71,40.56,322.44,3,34.74,23.46
430,71,40.56,322.44,4,4.35,31.13
430,72,34.74,319.96,0,7.48,12.29
430,72,34.74,319.96,1,34.70,0.30
430,72,34.74,319.96,2,28.50,9.89
430,72,34.74,319.96,3,34.74,23.46
430,72,34.74,319.96,4,4.35,31.13
430,73,375.08,211.44,0,7.48,12.29
430,73,375.08,211.44,1,34.70,0.30
430,73,375.08,211.44,2,28.50,9.89
430,73,375.08,211.44,3,34.74,23.46
430,73,375.08,211.44,4,4.35,31.13
430,75,253.47,97.60,0,7.48,12.29
430,75,253.47,97.60,1,34.70,0.30
430,75,253.47,97.60,2,28.50,9.89
430,75,253.47,97.60,3,34.74,23.46
430,75,253.47,97.60,4,4.35,31.13
430,76,361.58,192.70,0,7.48,12.29
430,76,361.58,192.70,1,34.70,0.30
430,76,361.58,192.70,2,28.50,9.89
430,76,361.58,192.70,3,34.74,23.46
430,76,361.58,192.70,4,4.35,31.13
430,78,191.07,378.70,0,7.48,12.29
430,78,191.07,378.70,1,34.70,0.30
430,78,191.07,378.70,2,28.50,9.89
430,78,191.07,378.70,3,34.74,23.46
430,78,191.07,378.70,4,4.35,31.13
430,81,271.11,345.96,0,7.48,12.29
430,81,271.11,345.96,1,34.70,0.30
430,81,271.11,345.96,2,28.50,9.89
430,81,271.11,345.96,3,34.74,23.46
430,81,271.11,345.96,4,4.35,31.13
430,82,347.55,170.20,0,7.48,12.29
430,82,347.55,170.20,1,34.70,0.30
430,82,347.55,170.20,2,28.50,9.89
430,82,347.55,170.20,3,34.74,23.46
430,82,347.55,170.20,4,4.35,31.13
430,83,235.14,71.53,0,7.48,12.29
430,83,235.14,71.53,1,34.70,0.30
430,83,235.14,71.53,2,28.50,9.89
430,83,235.14,71.53,3,34.74,23.46
430,83,235.14,71.53,4,4.35,31.13
430,84,251.88,270.27,0,7.48,12.29
430,84,251.88,270.27,1,34.70,0.30
430,84,251.88,270.27,2,28.50,9.89
430,84,251.88,270.27,3,34.74,23.46
430,84,251.88,270.27,4,4.35,31.13
430,85,354.65,211.88,0,7.48,12.29
430,85,354.65,211.88,1,34.70,0.30
430,85,354.65,211.88,2,28.50,9.89
430,85,354.65,211.88,3,34.74,23.46
430,85,354.65,211.88,4,4.35,31.13
430,87,383.26,18.97,0,7.48,12.29
430,87,383.26,18.97,1,34.70,0.30
430,87,383.26,18.97,2,28.50,9.89
430,87,383.26,18.97,3,34.74,23.46
430,87,383.26,18.97,4,4.35,31.13
430,88,127.96,308.55,0,7.48,12.29
430,88,127.96,308.55,1,34.70,0.30
430,88,127.96,308.55,2,28.50,9.89
430,88,127.96,308.55,3,34.74,23.46
430,88,127.96,308.55,4,4.35,31.13
430,89,293.76,95.40,0,7.48,12.29
430,89,293.76,95.40,1,34.70,0.30
430,89,293.76,95.40,2,28.50,9.89
430,89,293.76,95.40,3,34.74,23.46
430,89,293.76,95.40,4,4.35,31.13
430,90,254.07,77.83,0,7.48,12.29
430,90,254.07,77.83,1,34.70,0.30
430,90,254.07,77.83,2,28.50,9.89
430,90,254.07,77.83,3,34.74,23.46
430,90,254.07,77.83,4,4.35,31.13
430,93,286.00,94.55,0,7.48,12.29
430,93,286.00,94.55,1,34.70,0.30
430,93,286.00,94.55,2,28.50,9.89
430,93,286.00,94.55,3,34.74,23.46
430,93,286.00,94.55,4,4.35,31.13
430,94,28.35,314.20,0,7.48,12.29
430,94,28.35,314.20,1,34.70,0.30
430,94,28.35,314.20,2,28.50,9.89
430,94,28.35,314.20,3,34.74,23.46
430,94,28.35,314.20,4,4.35,31.13
430,95,352.24,229.29,0,7.48,12.29
430,95,352.24,229.29,1,34.70,0.30
430,95,352.24,229.29,2,28.50,9.89
430,95,352.24,229.29,3,34.74,23.46
430,95,352.24,229.29,4,4.35,31.13
430,97,277.58,112.55,0,7.48,12.29
430,97,277.58,112.55,1,34.70,0.30
430,97,277.58,112.55,2,28.50,9.89
430,97,277.58,112.55,3,34.74,23.46
430,97,277.58,112.55,4,4.35,31.13
430,98,363.54,8.67,0,7.48,12.29
430,98,363.54,8.67,1,34.70,0.30
430,98,363.54,8.67,2,28.50,9.89
430,98,363.54,8.67,3,34.74,23.46
430,98,363.54,8.67,4,4.35,31.13
430,102,79.30,133.30,0,7.48,12.29
430,102,79.30,133.30,1,34.70,0.30
430,102,79.30,133.30,2,28.50,9.89
430,102,79.30,133.30,3,34.74,23.46
430,102,79.30,133.30,4,4.35,31.13
430,103,61.13,338.20,0,7.48,12.29
430,103,61.13,338.20,1,34.70,0.30
430,103,61.13,338.20,2,28.50,9.89
430,103,61.13,338.20,3,34.74,23.46
430,103,61.13,338.20,4,4.35,31.13
430,104,374.00,8.80,0,7.48,12.29
430,104,374.00,8.80,1,34.70,0.30
430,104,374.00,8.80,2,28.50,9.89
430,104,374.00,8.80,3,34.74,23.46
430,104,374.00,8.80,4,4.35,31.13
430,106,37.82,299.32,0,7.48,12.29
430,106,37.82,299.32,1,34.70,0.30
430,106,37.82,299.32,2,28.50,9.89
430,106,37.82,299.32,3,34.74,23.46
430,106,37.82,299.32,4,4.35,31.13
430,107,284.50,102.45,0,7.48,12.29
430,107,284.50,102.45,1,34.70,0.30
430,107,284.50,102.45,2,28.50,9.89
430,107,284.50,102.45,3,34.74,23.46
430,107,284.50,102.45,4,4.35,31.13
430,108,52.36,94.70,0,7.48,12.29
430,108,52.36,94.70,1,34.70,0.30
430,108,52.36,94.70,2,28.50,9.89
430,108,52.36,94.70,3,34.74,23.46
430,108,52.36,94.70,4,4.35,31.13
430,110,57.12,312.70,0,7.48,12.29
430,110,57.12,312.70,1,34.70,0.30
430,110,57.12,312.70,2,28.50,9.89
430,110,57.12,312.70,3,34.74,23.46
430,110,57.12,312.70,4,4.35,31.13
430,111,381.62,26.93,0,7.48,12.29
430,111,381.62,26.93,1,34.70,0.30
430,111,381.62,26.93,2,28.50,9.89
430,111,381.62,26.93,3,34.74,23.46
430,111,381.62,26.93,4,4.35,31.13
430,112,264.77,102.80,0,7.48,12.29
430,112,264.77,102.80,1,34.70,0.30
430,112,264.77,102.80,2,28.50,9.89
430,112,264.77,102.80,3,34.74,23.46
430,112,264.77,102.80,4,4.35,31.13
430,113,90.17,118.38,0,7.48,12.29
430,113,90.17,118.38,1,34.70,0.30
430,113,90.17,118.38,2,28.50,9.89
430,113,90.17,118.38,3,34.74,23.46
430,113,90.17,118.38,4,4.35,31.13
430,114,148.04,66.54,0,7.48,12.29
430,114,148.04,66.54,1,34.70,0.30
430,114,148.04,66.54,2,28.50,9.89
430,114,148.04,66.54,3,34.74,23.46
430,114,148.04,66.54,4,4.35,31.13
430,115,367.72,228.49,0,7.48,12.29
430,115,367.72,228.49,1,34.70,0.30
430,115,367.72,228.49,2,28.50,9.89
430,115,367.72,228.49,3,34.74,23.46
430,115,367.72,228.49,4,4.35,31.13
430,116,270.60,103.30,0,7.48,12.29
430,116,270.60,103.30,1,34.70,0.30
430,116,270.60,103.30,2,28.50,9.89
430,116,270.60,103.30,3,34.74,23.46
430,116,270.60,103.30,4,4.35,31.13
430,117,356.65,178.16,0,7.48,12.29
430,117,356.65,178.16,1,34.70,0.30
430,117,356.65,178.16,2,28.50,9.89
430,117,356.65,178.16,3,34.74,23.46
430,117,356.65,178.16,4,4.35,31.13
430,118,83.83,146.21,0,7.48,12.29
430,118,83.83,146.21,1,34.70,0.30
430,118,83.83,146.21,2,28.50,9.89
430,118,83.83,146.21,3,34.74,23.46
430,118,83.83,146.21,4,4.35,31.13
430,119,294.03,110.28,0,7.48,12.29
430,119,294.03,110.28,1,34.70,0.30
430,119,294.03,110.28,2,28.50,9.89
430,119,294.03,110.28,3,34.74,23.46
430,119,294.03,110.28,4,4.35,31.13
430,120,175.47,207.59,0,7.48,12.29
430,120,175.47,207.59,1,34.70,0.30
430,120,175.47,207.59,2,28.50,9.89
430,120,175.47,207.59,3,34.74,23.46
430,120,175.47,207.59,4,4.35,31.13
430,122,96.83,268.24,0,7.48,12.29
430,122,96.83,268.24,1,34.70,0.30
430,122,96.83,268.24,2,28.50,9.89
430,122,96.83,268.24,3,34.74,23.46
430,122,96.83,268.24,4,4.35,31.13
430,123,108.42,314.18,0,7.48,12.29
430,123,108.42,314.18,1,34.70,0.30
430,123,108.42,314.18,2,28.50,9.89
430,123,108.42,314.18,3,34.74,23.46
430,123,108.42,314.18,4,4.35,31.13
430,124,98.90,87.70,0,7.48,12.29
430,124,98.90,87.70,1,34.70,0.30
430,124,98.90,87.70,2,28.50,9.89
430,124,98.90,87.70,3,34.74,23.46
430,124,98.90,87.70,4,4.35,31.13
430,125,359.24,160.46,0,7.48,12.29
430,125,359.24,160.46,1,34.70,0.30
430,125,359.24,160.46,2,28.50,9.89
430,125,359.24,160.46,3,34.74,23.46
430,125,359.24,160.46,4,4.35,31.13
430,128,223.49,350.21,0,7.48,12.29
430,128,223.49,350.21,1,34.70,0.30
430,128,223.49,350.21,2,28.50,9.89
430,128,223.49,350.21,3,34.74,23.46
430,128,223.49,350.21,4,4.35,31.13
430,129,320.04,200.06,0,7.48,12.29
430,129,320.04,200.06,1,34.70,0.30
430,129,320.04,200.06,2,28.50,9.89
430,129,320.04,200.06,3,34.74,23.46
430,129,320.04,200.06,4,4.35,31.13
430,132,363.86,248.43,0,7.48,12.29
430,132,363.86,248.43,1,34.70,0.30
430,132,363.86,248.43,2,28.50,9.89
430,132,363.86,248.43,3,34.74,23.46
430,132,363.86,248.43,4,4.35,31.13
430,133,72.36,120.36,0,7.48,12.29
430,133,72.36,120.36,1,34.70,0.30
430,133,72.36,120.36,2,28.50,9.89
430,133,72.36,120.36,3,34.74,23.46
430,133,72.36,120.36,4,4.35,31.13
430,135,45.64,303.08,0,7.48,12.29
430,135,45.64,303.08,1,34.70,0.30
430,135,45.64,303.08,2,28.50,9.89
430,135,45.64,303.08,3,34.74,23.46
430,135,45.64,303.08,4,4.35,31.13
430,139,352.35,189.95,0,7.48,12.29
430,139,352.35,189.95,1,34.70,0.30
430,139,352.35,189.95,2,28.50,9.89
430,139,352.35,189.95,3,34.74,23.46
430,139,352.35,189.95,4,4.35,31.13
430,141,355.01,394.27,0,7.48,12.29
430,141,355.01,394.27,1,34.70,0.30
430,141,355.01,394.27,2,28.50,9.89
430,141,355.01,394.27,3,34.74,23.46
430,141,355.01,394.27,4,4.35,31.13
430,143,343.08,299.35,0,7.48,12.29
430,143,343.08,299.35,1,34.70,0.30
430,143,343.08,299.35,2,28.50,9.89
430,143,343.08,299.35,3,34.74,23.46
430,143,343.08,299.35,4,4.35,31.13
430,145,215.11,328.63,0,7.48,12.29
430,145,215.11,328.63,1,34.70,0.30
430,145,215.11,328.63,2,28.50,9.89
430,145,215.11,328.63,3,34.74,23.46
430,145,215.11,328.63,4,4.35,31.13
430,146,95.23,138.84,0,7.48,12.29
430,146,95.23,138.84,1,34.70,0.30
430,146,95.23,138.84,2,28.50,9.89
430,146,95.23,138.84,3,34.74,23.46
430,146,95.23,138.84,4,4.35,31.13
430,148,342.24,225.12,0,7.48,12.29
430,148,342.24,225.12,1,34.70,0.30
430,148,342.24,225.12,2,28.50,9.89
430,148,342.24,225.12,3,34.74,23.46
430,148,342.24,225.12,4,4.35,31.13
430,150,285.23,108.94,0,7.48,12.29
430,150,285.23,108.94,1,34.70,0.30
430,150,285.23,108.94,2,28.50,9.89
430,150,285.23,108.94,3,34.74,23.46
430,150,285.23,108.94,4,4.35,31.13
430,151,258.08,95.39,0,7.48,12.29
430,151,258.08,95.39,1,34.70,0.30
430,151,258.08,95.39,2,28.50,9.89
430,151,258.08,95.39,3,34.74,23.46
430,151,258.08,95.39,4,4.35,31.13
430,152,77.00,114.50,0,7.48,12.29
430,152,77.00,114.50,1,34.70,0.30
430,152,77.00,114.50,2,28.50,9.89
430,152,77.00,114.50,3,34.74,23.46
430,152,77.00,114.50,4,4.35,31.13
430,155,269.14,110.22,0,7.48,12.29
430,155,269.14,110.22,1,34.70,0.30
430,155,269.14,110.22,2,28.50,9.89
430,155,269.14,110.22,3,34.74,23.46
430,155,269.14,110.22,4,4.35,31.13
430,156,352.60,260.59,0,7.48,12.29
430,156,352.60,260.59,1,34.70,0.30
430,156,352.60,260.59,2,28.50,9.89
430,156,352.60,260.59,3,34.74,23.46
430,156,352.60,260.59,4,4.35,31.13
430,159,354.71,246.23,0,7.48,12.29
430,159,354.71,246.23,1,34.70,0.30
430,159,354.71,246.23,2,28.50,9.89
430,159,354.71,246.23,3,34.74,23.46
430,159,354.71,246.23,4,4.35,31.13
430,160,327.11,381.98,0,7.48,12.29
430,160,327.11,381.98,1,34.70,0.30
430,160,327.11,381.98,2,28.50,9.89
430,160,327.11,381.98,3,34.74,23.46
430,160,327.11,381.98,4,4.35,31.13
430,161,155.30,130.13,0,7.48,12.29
430,161,155.30,130.13,1,34.70,0.30
430,161,155.30,130.13,2,28.50,9.89
430,161,155.30,130.13,3,34.74,23.46
430,161,155.30,130.13,4,4.35,31.13
430,162,298.99,324.76,0,7.48,12.29
430,162,298.99,324.76,1,34.70,0.30
430,162,298.99,324.76,2,28.50,9.89
430,162,298.99,324.76,3,34.74,23.46
430,162,298.99,324.76,4,4.35,31.13
430,163,222.33,119.10,0,7.48,12.29
430,163,222.33,119.10,1,34.70,0.30
430,163,222.33,119.10,2,28.50,9.89
430,163,222.33,119.10,3,34.74,23.46
430,163,222.33,119.10,4,4.35,31.13
430,164,58.36,79.20,0,7.48,12.29
430,164,58.36,79.20,1,34.70,0.30
430,164,58.36,79.20,2,28.50,9.89
430,164,58.36,79.20,3,34.74,23.46
430,164,58.36,79.20,4,4.35,31.13
430,165,86.62,113.05,0,7.48,12.29
430,165,86.62,113.05,1,34.70,0.30
430,165,86.62,113.05,2,28.50,9.89
430,165,86.62,113.05,3,34.74,23.46
430,165,86.62,113.05,4,4.35,31.13
430,166,299.34,360.57,0,7.48,12.29
430,166,299.34,360.57,1,34.70,0.30
430,166,299.34,360.57,2,28.50,9.89
430,166,299.34,360.57,3,34.74,23.46
430,166,299.34,360.57,4,4.35,31.13
430,167,371.04,272.97,0,7.48,12.29
430,167,371.04,272.97,1,34.70,0.30
430,167,371.04,272.97,2,28.50,9.89
430,167,371.04,272.97,3,34.74,23.46
430,167,371.04,272.97,4,4.35,31.13
430,168,188.39,277.38,0,7.48,12.29
430,168,188.39,277.38,1,34.70,0.30
430,168,188.39,277.38,2,28.50,9.89
430,168,188.39,277.38,3,34.74,23.46
430,168,188.39,277.38,4,4.35,31.13
430,169,268.54,91.43,0,7.48,12.29
430,169,268.54,91.43,1,34.70,0.30
430,169,268.54,91.43,2,28.50,9.89
430,169,268.54,91.43,3,34.74,23.46
430,169,268.54,91.43,4,4.35,31.13
430,170,342.63,236.95,0,7.48,12.29
430,170,342.63,236.95,1,34.70,0.30
430,170,342.63,236.95,2,28.50,9.89
430,170,342.63,236.95,3,34.74,23.46
430,170,342.63,236.95,4,4.35,31.13
430,173,376.29,202.70,0,7.48,12.29
430,173,376.29,202.70,1,34.70,0.30
430,173,376.29,202.70,2,28.50,9.89
430,173,376.29,202.70,3,34.74,23.46
430,173,376.29,202.70,4,4.35,31.13
430,174,147.71,225.86,0,7.48,12.29
430,174,147.71,225.86,1,34.70,0.30
430,174,147.71,225.86,2,28.50,9.89
430,174,147.71,225.86,3,34.74,23.46
430,174,147.71,225.86,4,4.35,31.13
430,176,72.75,147.58,0,7.48,12.29
430,176,72.75,147.58,1,34.70,0.30
430,176,72.75,147.58,2,28.50,9.89
430,176,72.75,147.58,3,34.74,23.46
430,176,72.75,147.58,4,4.35,31.13
430,177,204.23,275.65,0,7.48,12.29
430,177,204.23,275.65,1,34.70,0.30
430,177,204.23,275.65,2,28.50,9.89
430,177,204.23,275.65,3,34.74,23.46
430,177,204.23,275.65,4,4.35,31.13
430,178,275.86,97.14,0,7.48,12.29
430,178,275.86,97.14,1,34.70,0.30
430,178,275.86,97.14,2,28.50,9.89
430,178,275.86,97.14,3,34.74,23.46
430,178,275.86,97.14,4,4.35,31.13
430,180,250.92,125.94,0,7.48,12.29
430,180,250.92,125.94,1,34.70,0.30
430,180,250.92,125.94,2,28.50,9.89
430,180,250.92,125.94,3,34.74,23.46
430,180,250.92,125.94,4,4.35,31.13
430,181,59.07,125.95,0,7.48,12.29
430,181,59.07,125.95,1,34.70,0.30
430,181,59.07,125.95,2,28.50,9.89
430,181,59.07,125.95,3,34.74,23.46
430,181,59.07,125.95,4,4.35,31.13
430,184,83.50,107.16,0,7.48,12.29
430,184,83.50,107.16,1,34.70,0.30
430,184,83.50,107.16,2,28.50,9.89
430,184,83.50,107.16,3,34.74,23.46
430,184,83.50,107.16,4,4.35,31.13
430,185,53.85,306.23,0,7.48,12.29
430,185,53.85,306.23,1,34.70,0.30
430,185,53.85,306.23,2,28.50,9.89
430,185,53.85,306.23,3,34.74,23.46
430,185,53.85,306.23,4,4.35,31.13
430,187,81.08,314.06,0,7.48,12.29
430,187,81.08,314.06,1,34.70,0.30
430,187,81.08,314.06,2,28.50,9.89
430,187,81.08,314.06,3,34.74,23.46
430,187,81.08,314.06,4,4.35,31.13
430,190,70.74,99.49,0,7.48,12.29
430,190,70.74,99.49,1,34.70,0.30
430,190,70.74,99.49,2,28.50,9.89
430,190,70.74,99.49,3,34.74,23.46
430,190,70.74,99.49,4,4.35,31.13
430,193,297.73,103.20,0,7.48,12.29
430,193,297.73,103.20,1,34.70,0.30
430,193,297.73,103.20,2,28.50,9.89
430,193,297.73,103.20,3,34.74,23.46
430,193,297.73,103.20,4,4.35,31.13
430,195,61.85,326.58,0,7.48,12.29
430,195,61.85,326.58,1,34.70,0.30
430,195,61.85,326.58,2,28.50,9.89
430,195,61.85,326.58,3,34.74,23.46
430,195,61.85,326.58,4,4.35,31.13
430,198,351.29,231.43,0,7.48,12.29
430,198,351.29,231.43,1,34.70,0.30
430,198,351.29,231.43,2,28.50,9.89
430,198,351.29,231.43,3,34.74,23.46
430,198,351.29,231.43,4,4.35,31.13
430,199,74.86,129.71,0,7.48,12.29
430,199,74.86,129.71,1,34.70,0.30
430,199,74.86,129.71,2,28.50,9.89
430,199,74.86,129.71,3,34.74,23.46
430,199,74.86,129.71,4,4.35,31.13
430,200,66.79,107.85,0,7.48,12.29
430,200,66.79,107.85,1,34.70,0.30
430,200,66.79,107.85,2,28.50,9.89
430,200,66.79,107.85,3,34.74,23.46
430,200,66.79,107.85,4,4.35,31.13
430,201,356.50,228.50,0,7.48,12.29
430,201,356.50,228.50,1,34.70,0.30
430,201,356.50,228.50,2,28.50,9.89
430,201,356.50,228.50,3,34.74,23.46
430,201,356.50,228.50,4,4.35,31.13
430,207,27.82,303.05,0,7.48,12.29
430,207,27.82,303.05,1,34.70,0.30
430,207,27.82,303.05,2,28.50,9.89
430,207,27.82,303.05,3,34.74,23.46
430,207,27.82,303.05,4,4.35,31.13
430,211,80.70,346.65,0,7.48,12.29
430,211,80.70,346.65,1,34.70,0.30
430,211,80.70,346.65,2,28.50,9.89
430,211,80.70,346.65,3,34.74,23.46
430,211,80.70,346.65,4,4.35,31.13
430,212,357.85,238.50,0,7.48,12.29
430,212,357.85,238.50,1,34.70,0.30
430,212,357.85,238.50,2,28.50,9.89
430,212,357.85,238.50,3,34.74,23.46
430,212,357.85,238.50,4,4.35,31.13
430,213,361.33,234.70,0,7.48,12.29
430,213,361.33,234.70,1,34.70,0.30
430,213,361.33,234.70,2,28.50,9.89
430,213,361.33,234.70,3,34.74,23.46
430,213,361.33,234.70,4,4.35,31.13
430,214,284.72,98.28,0,7.48,12.29
430,214,284.72,98.28,1,34.70,0.30
430,214,284.72,98.28,2,28.50,9.89
430,214,284.72,98.28,3,34.74,23.46
430,214,284.72,98.28,4,4.35,31.13
430,215,240.56,393.31,0,7.48,12.29
430,215,240.56,393.31,1,34.70,0.30
430,215,240.56,393.31,2,28.50,9.89
430,215,240.56,393.31,3,34.74,23.46
430,215,240.56,393.31,4,4.35,31.13
430,216,238.25,389.14,0,7.48,12.29
430,216,238.25,389.14,1,34.70,0.30
430,216,238.25,389.14,2,28.50,9.89
430,216,238.25,389.14,3,34.74,23.46
430,216,238.25,389.14,4,4.35,31.13
430,217,376.54,10.80,0,7.48,12.29
430,217,376.54,10.80,1,34.70,0.30
430,217,376.54,10.80,2,28.50,9.89
430,217,376.54,10.80,3,34.74,23.46
430,217,376.54,10.80,4,4.35,31.13
430,218,270.08,381.79,0,7.48,12.29
430,218,270.08,381.79,1,34.70,0.30
430,218,270.08,381.79,2,28.50,9.89
430,218,270.08,381.79,3,34.74,23.46
430,218,270.08,381.79,4,4.35,31.13
430,219,63.93,113.17,0,7.48,12.29
430,219,63.93,113.17,1,34.70,0.30
430,219,63.93,113.17,2,28.50,9.89
430,219,63.93,113.17,3,34.74,23.46
430,219,63.93,113.17,4,4.35,31.13
430,226,293.90,126.47,0,7.48,12.29
430,226,293.90,126.47,1,34.70,0.30
430,226,293.90,126.47,2,28.50,9.89
430,226,293.90,126.47,3,34.74,23.46
430,226,293.90,126.47,4,4.35,31.13
430,227,45.11,313.00,0,7.48,12.29
430,227,45.11,313.00,1,34.70,0.30
430,227,45.11,313.00,2,28.50,9.89
430,227,45.11,313.00,3,34.74,23.46
430,227,45.11,313.00,4,4.35,31.13
430,228,280.18,86.58,0,7.48,12.29
430,228,280.18,86.58,1,34.70,0.30
430,228,280.18,86.58,2,28.50,9.89
430,228,280.18,86.58,3,34.74,23.46
430,228,280.18,86.58,4,4.35,31.13
430,229,130.97,111.39,0,7.48,12.29
430,229,130.97,111.39,1,34.70,0.30
430,229,130.97,111.39,2,28.50,9.89
430,229,130.97,111.39,3,34.74,23.46
430,229,130.97,111.39,4,4.35,31.13
430,230,127.48,78.77,0,7.48,12.29
430,230,127.48,78.77,1,34.70,0.30
430,230,127.48,78.77,2,28.50,9.89
430,230,127.48,78.77,3,34.74,23.46
430,230,127.48,78.77,4,4.35,31.13
430,231,307.01,296.78,0,7.48,12.29
430,231,307.01,296.78,1,34.70,0.30
430,231,307.01,296.78,2,28.50,9.89
430,231,307.01,296.78,3,34.74,23.46
430,231,307.01,296.78,4,4.35,31.13
430,232,369.52,24.27,0,7.48,12.29
430,232,369.52,24.27,1,34.70,0.30
430,232,369.52,24.27,2,28.50,9.89
430,232,369.52,24.27,3,34.74,23.46
430,232,369.52,24.27,4,4.35,31.13
430,233,354.88,232.82,0,7.48,12.29
430,233,354.88,232.82,1,34.70,0.30
430,233,354.88,232.82,2,28.50,9.89
430,233,354.88,232.82,3,34.74,23.46
430,233,354.88,232.82,4,4.35,31.13
430,237,153.13,138.22,0,7.48,12.29
430,237,153.13,138.22,1,34.70,0.30
430,237,153.13,138.22,2,28.50,9.89
430,237,153.13,138.22,3,34.74,23.46
430,237,153.13,138.22,4,4.35,31.13
430,238,23.48,308.38,0,7.48,12.29
430,238,23.48,308.38,1,34.70,0.30
430,238,23.48,308.38,2,28.50,9.89
430,238,23.48,308.38,3,34.74,23.46
430,238,23.48,308.38,4,4.35,31.13
430,239,244.40,115.18,0,7.48,12.29
430,239,244.40,115.18,1,34.70,0.30
430,239,244.40,115.18,2,28.50,9.89
430,239,244.40,115.18,3,34.74,23.46
430,239,244.40,115.18,4,4.35,31.13
430,240,98.04,260.45,0,7.48,12.29
430,240,98.04,260.45,1,34.70,0.30
430,240,98.04,260.45,2,28.50,9.89
430,240,98.04,260.45,3,34.74,23.46
430,240,98.04,260.45,4,4.35,31.13
430,241,365.77,220.63,0,7.48,12.29
430,241,365.77,220.63,1,34.70,0.30
430,241,365.77,220.63,2,28.50,9.89
430,241,365.77,220.63,3,34.74,23.46
430,241,365.77,220.63,4,4.35,31.13
430,242,236.37,222.25,0,7.48,12.29
430,242,236.37,222.25,1,34.70,0.30
430,242,236.37,222.25,2,28.50,9.89
430,242,236.37,222.25,3,34.74,23.46
430,242,236.37,222.25,4,4.35,31.13
430,244,135.05,323.98,0,7.48,12.29
430,244,135.05,323.98,1,34.70,0.30
430,244,135.05,323.98,2,28.50,9.89
430,244,135.05,323.98,3,34.74,23.46
430,244,135.05,323.98,4,4.35,31.13
430,245,256.66,118.54,0,7.48,12.29
430,245,256.66,118.54,1,34.70,0.30
430,245,256.66,118.54,2,28.50,9.89
430,245,256.66,118.54,3,34.74,23.46
430,245,256.66,118.54,4,4.35,31.13
430,248,365.60,260.75,0,7.48,12.29
430,248,365.60,260.75,1,34.70,0.30
430,248,365.60,260.75,2,28.50,9.89
430,248,365.60,260.75,3,34.74,23.46
430,248,365.60,260.75,4,4.35,31.13
430,249,385.81,386.33,0,7.48,12.29
430,249,385.81,386.33,1,34.70,0.30
430,249,385.81,386.33,2,28.50,9.89
430,249,385.81,386.33,3,34.74,23.46
430,249,385.81,386.33,4,4.35,31.13
430,250,268.24,282.58,0,7.48,12.29
430,250,268.24,282.58,1,34.70,0.30
430,250,268.24,282.58,2,28.50,9.89
430,250,268.24,282.58,3,34.74,23.46
430,250,268.24,282.58,4,4.35,31.13
430,252,65.54,108.10,0,7.48,12.29
430,252,65.54,108.10,1,34.70,0.30
430,252,65.54,108.10,2,28.50,9.89
430,252,65.54,108.10,3,34.74,23.46
430,252,65.54,108.10,4,4.35,31.13
430,253,344.12,218.69,0,7.48,12.29
430,253,344.12,218.69,1,34.70,0.30
430,253,344.12,218.69,2,28.50,9.89
430,253,344.12,218.69,3,34.74,23.46
430,253,344.12,218.69,4,4.35,31.13
430,254,365.91,200.97,0,7.48,12.29
430,254,365.91,200.97,1,34.70,0.30
430,254,365.91,200.97,2,28.50,9.89
430,254,365.91,200.97,3,34.74,23.46
430,254,365.91,200.97,4,4.35,31.13
430,258,373.16,19.71,0,7.48,12.29
430,258,373.16,19.71,1,34.70,0.30
430,258,373.16,19.71,2,28.50,9.89
430,258,373.16,19.71,3,34.74,23.46
430,258,373.16,19.71,4,4.35,31.13
430,259,96.35,112.86,0,7.48,12.29
430,259,96.35,112.86,1,34.70,0.30
430,259,96.35,112.86,2,28.50,9.89
430,259,96.35,112.86,3,34.74,23.46
430,259,96.35,112.86,4,4.35,31.13
430,260,330.13,349.63,0,7.48,12.29
430,260,330.13,349.63,1,34.70,0.30
430,260,330.13,349.63,2,28.50,9.89
430,260,330.13,349.63,3,34.74,23.46
430,260,330.13,349.63,4,4.35,31.13
430,261,44.95,314.19,0,7.48,12.29
430,261,44.95,314.19,1,34.70,0.30
430,261,44.95,314.19,2,28.50,9.89
430,261,44.95,314.19,3,34.74,23.46
430,261,44.95,314.19,4,4.35,31.13
430,262,144.64,103.88,0,7.48,12.29
430,262,144.64,103.88,1,34.70,0.30
430,262,144.64,103.88,2,28.50,9.89
430,262,144.64,103.88,3,34.74,23.46
430,262,144.64,103.88,4,4.35,31.13
430,263,134.78,94.34,0,7.48,12.29
430,263,134.78,94.34,1,34.70,0.30
430,263,134.78,94.34,2,28.50,9.89
430,263,134.78,94.34,3,34.74,23.46
430,263,134.78,94.34,4,4.35,31.13
430,264,71.81,123.74,0,7.48,12.29
430,264,71.81,123.74,1,34.70,0.30
430,264,71.81,123.74,2,28.50,9.89
430,264,71.81,123.74,3,34.74,23.46
430,264,71.81,123.74,4,4.35,31.13
430,265,233.47,334.91,0,7.48,12.29
430,265,233.47,334.91,1,34.70,0.30
430,265,233.47,334.91,2,28.50,9.89
430,265,233.47,334.91,3,34.74,23.46
430,265,233.47,334.91,4,4.35,31.13
430,266,59.43,306.11,0,7.48,12.29
430,266,59.43,306.11,1,34.70,0.30
430,266,59.43,306.11,2,28.50,9.89
430,266,59.43,306.11,3,34.74,23.46
430,266,59.43,306.11,4,4.35,31.13
430,267,239.43,80.02,0,7.48,12.29
430,267,239.43,80.02,1,34.70,0.30
430,267,239.43,80.02,2,28.50,9.89
430,267,239.43,80.02,3,34.74,23.46
430,267,239.43,80.02,4,4.35,31.13
430,269,66.22,131.73,0,7.48,12.29
430,269,66.22,131.73,1,34.70,0.30
430,269,66.22,131.73,2,28.50,9.89
430,269,66.22,131.73,3,34.74,23.46
430,269,66.22,131.73,4,4.35,31.13
430,273,36.20,306.76,0,7.48,12.29
430,273,36.20,306.76,1,34.70,0.30
430,273,36.20,306.76,2,28.50,9.89
430,273,36.20,306.76,3,34.74,23.46
430,273,36.20,306.76,4,4.35,31.13
430,274,95.47,65.20,0,7.48,12.29
430,274,95.47,65.20,1,34.70,0.30
430,274,95.47,65.20,2,28.50,9.89
430,274,95.47,65.20,3,34.74,23.46
430,274,95.47,65.20,4,4.35,31.13
430,275,348.50,233.64,0,7.48,12.29
430,275,348.50,233.64,1,34.70,0.30
430,275,348.50,233.64,2,28.50,9.89
430,275,348.50,233.64,3,34.74,23.46
430,275,348.50,233.64,4,4.35,31.13
430,277,325.60,210.85,0,7.48,12.29
430,277,325.60,210.85,1,34.70,0.30
430,277,325.60,210.85,2,28.50,9.89
430,277,325.60,210.85,3,34.74,23.46
430,277,325.60,210.85,4,4.35,31.13
430,278,54.58,329.27,0,7.48,12.29
430,278,54.58,329.27,1,34.70,0.30
430,278,54.58,329.27,2,28.50,9.89
430,278,54.58,329.27,3,34.74,23.46
430,278,54.58,329.27,4,4.35,31.13
430,279,201.42,395.52,0,7.48,12.29
430,279,201.42,395.52,1,34.70,0.30
430,279,201.42,395.52,2,28.50,9.89
430,279,201.42,395.52,3,34.74,23.46
430,279,201.42,395.52,4,4.35,31.13
430,281,273.35,84.85,0,7.48,12.29
430,281,273.35,84.85,1,34.70,0.30
430,281,273.35,84.85,2,28.50,9.89
430,281,273.35,84.85,3,34.74,23.46
430,281,273.35,84.85,4,4.35,31.13
430,282,357.48,225.29,0,7.48,12.29
430,282,357.48,225.29,1,34.70,0.30
430,282,357.48,225.29,2,28.50,9.89
430,282,357.48,225.29,3,34.74,23.46
430,282,357.48,225.29,4,4.35,31.13
430,283,346.42,213.49,0,7.48,12.29
430,283,346.42,213.49,1,34.70,0.30
430,283,346.42,213.49,2,28.50,9.89
430,283,346.42,213.49,3,34.74,23.46
430,283,346.42,213.49,4,4.35,31.13
430,285,217.30,354.09,0,7.48,12.29
430,285,217.30,354.09,1,34.70,0.30
430,285,217.30,354.09,2,28.50,9.89
430,285,217.30,354.09,3,34.74,23.46
430,285,217.30,354.09,4,4.35,31.13
430,286,264.85,335.99,0,7.48,12.29
430,286,264.85,335.99,1,34.70,0.30
430,286,264.85,335.99,2,28.50,9.89
430,286,264.85,335.99,3,34.74,23.46
430,286,264.85,335.99,4,4.35,31.13
430,288,94.11,54.72,0,7.48,12.29
430,288,94.11,54.72,1,34.70,0.30
430,288,94.11,54.72,2,28.50,9.89
430,288,94.11,54.72,3,34.74,23.46
430,288,94.11,54.72,4,4.35,31.13
430,290,343.40,241.91,0,7.48,12.29
430,290,343.40,241.91,1,34.70,0.30
430,290,343.40,241.91,2,28.50,9.89
430,290,343.40,241.91,3,34.74,23.46
430,290,343.40,241.91,4,4.35,31.13
430,291,75.50,105.22,0,7.48,12.29
430,291,75.50,105.22,1,34.70,0.30
430,291,75.50,105.22,2,28.50,9.89
430,291,75.50,105.22,3,34.74,23.46
430,291,75.50,105.22,4,4.35,31.13
430,292,298.29,283.82,0,7.48,12.29
430,292,298.29,283.82,1,34.70,0.30
430,292,298.29,283.82,2,28.50,9.89
430,292,298.29,283.82,3,34.74,23.46
430,292,298.29,283.82,4,4.35,31.13
430,294,53.72,318.65,0,7.48,12.29
430,294,53.72,318.65,1,34.70,0.30
430,294,53.72,318.65,2,28.50,9.89
430,294,53.72,318.65,3,34.74,23.46
430,294,53.72,318.65,4,4.35,31.13
430,297,362.53,211.79,0,7.48,12.29
430,297,362.53,211.79,1,34.70,0.30
430,297,362.53,211.79,2,28.50,9.89
430,297,362.53,211.79,3,34.74,23.46
430,297,362.53,211.79,4,4.35,31.13
430,298,380.14,28.54,0,7.48,12.29
430,298,380.14,28.54,1,34.70,0.30
430,298,380.14,28.54,2,28.50,9.89
430,298,380.14,28.54,3,34.74,23.46
430,298,380.14,28.54,4,4.35,31.13
430,300,217.01,331.92,0,7.48,12.29
430,300,217.01,331.92,1,34.70,0.30
430,300,217.01,331.92,2,28.50,9.89
430,300,217.01,331.92,3,34.74,23.46
430,300,217.01,331.92,4,4.35,31.13
440,2,80.75,117.00,0,6.84,11.75
440,2,80.75,117.00,1,34.55,0.49
440,2,80.75,117.00,2,28.50,9.89
440,2,80.75,117.00,3,34.74,23.46
440,2,80.75,117.00,4,4.52,31.82
440,3,160.19,280.24,0,6.84,11.75
440,3,160.19,280.24,1,34.55,0.49
440,3,160.19,280.24,2,28.50,9.89
440,3,160.19,280.24,3,34.74,23.46
440,3,160.19,280.24,4,4.52,31.82
440,6,49.58,304.37,0,6.84,11.75
440,6,49.58,304.37,1,34.55,0.49
440,6,49.58,304.37,2,28.50,9.89
440,6,49.58,304.37,3,34.74,23.46
440,6,49.58,304.37,4,4.52,31.82
440,8,81.31,352.39,0,6.84,11.75
440,8,81.31,352.39,1,34.55,0.49
440,8,81.31,352.39,2,28.50,9.89
440,8,81.31,352.39,3,34.74,23.46
440,8,81.31,352.39,4,4.52,31.82
440,9,329.90,220.93,0,6.84,11.75
440,9,329.90,220.93,1,34.55,0.49
440,9,329.90,220.93,2,28.50,9.89
440,9,329.90,220.93,3,34.74,23.46
440,9,329.90,220.93,4,4.52,31.82
440,11,139.07,116.87,0,6.84,11.75
440,11,139.07,116.87,1,34.55,0.49
440,11,139.07,116.87,2,28.50,9.89
440,11,139.07,116.87,3,34.74,23.46
440,11,139.07,116.87,4,4.52,31.82
440,13,116.63,104.61,0,6.84,11.75
440,13,116.63,104.61,1,34.55,0.49
440,13,116.63,104.61,2,28.50,9.89
440,13,116.63,104.61,3,34.74,23.46
440,13,116.63,104.61,4,4.52,31.82
440,14,28.46,323.36,0,6.84,11.75
440,14,28.46,323.36,1,34.55,0.49
440,14,28.46,323.36,2,28.50,9.89
440,14,28.46,323.36,3,34.74,23.46
440,14,28.46,323.36,4,4.52,31.82
440,16,349.29,243.00,0,6.84,11.75
440,16,349.29,243.00,1,34.55,0.49
440,16,349.29,243.00,2,28.50,9.89
440,16,349.29,243.00,3,34.74,23.46
440,16,349.29,243.00,4,4.52,31.82
440,18,124.58,333.17,0,6.84,11.75
440,18,124.58,333.17,1,34.55,0.49
440,18,124.58,333.17,2,28.50,9.89
440,18,124.58,333.17,3,34.74,23.46
440,18,124.58,333.17,4,4.52,31.82
440,20,216.00,388.75,0,6.84,11.75
440,20,216.00,388.75,1,34.55,0.49
440,20,216.00,388.75,2,28.50,9.89
440,20,216.00,388.75,3,34.74,23.46
440,20,216.00,388.75,4,4.52,31.82
440,21,375.15,190.62,0,6.84,11.75
440,21,375.15,190.62,1,34.55,0.49
440,21,375.15,190.62,2,28.50,9.89
440,21,375.15,190.62,3,34.74,23.46
440,21,375.15,190.62,4,4.52,31.82
440,22,290.96,386.55,0,6.84,11.75
440,22,290.96,386.55,1,34.55,0.49
440,22,290.96,386.55,2,28.50,9.89
440,22,290.96,386.55,3,34.74,23.46
440,22,290.96,386.55,4,4.52,31.82
440,24,110.12,98.08,0,6.84,11.75
440,24,110.12,98.08,1,34.55,0.49
440,24,110.12,98.08,2,28.50,9.89
440,24,110.12,98.08,3,34.74,23.46
440,24,110.12,98.08,4,4.52,31.82
440,26,288.75,87.46,0,6.84,11.75
440,26,288.75,87.46,1,34.55,0.49
440,26,288.75,87.46,2,28.50,9.89
440,26,288.75,87.46,3,34.74,23.46
440,26,288.75,87.46,4,4.52,31.82
440,28,376.99,303.25,0,6.84,11.75
440,28,376.99,303.25,1,34.55,0.49
440,28,376.99,303.25,2,28.50,9.89
440,28,376.99,303.25,3,34.74,23.46
440,28,376.99,303.25,4,4.52,31.82
440,29,91.06,292.37,0,6.84,11.75
440,29,91.06,292.37,1,34.55,0.49
440,29,91.06,292.37,2,28.50,9.89
440,29,91.06,292.37,3,34.74,23.46
440,29,91.06,292.37,4,4.52,31.82
440,31,266.18,82.04,0,6.84,11.75
440,31,266.18,82.04,1,34.55,0.49
440,31,266.18,82.04,2,28.50,9.89
440,31,266.18,82.04,3,34.74,23.46
440,31,266.18,82.04,4,4.52,31.82
440,36,43.49,316.00,0,6.84,11.75
440,36,43.49,316.00,1,34.55,0.49
440,36,43.49,316.00,2,28.50,9.89
440,36,43.49,316.00,3,34.74,23.46
440,36,43.49,316.00,4,4.52,31.82
440,38,80.72,266.76,0,6.84,11.75
440,38,80.72,266.76,1,34.55,0.49
440,38,80.72,266.76,2,28.50,9.89
440,38,80.72,266.76,3,34.74,23.46
440,38,80.72,266.76,4,4.52,31.82
440,39,89.02,148.65,0,6.84,11.75
440,39,89.02,148.65,1,34.55,0.49
440,39,89.02,148.65,2,28.50,9.89
440,39,89.02,148.65,3,34.74,23.46
440,39,89.02,148.65,4,4.52,31.82
440,41,296.31,275.33,0,6.84,11.75
440,41,296.31,275.33,1,34.55,0.49
440,41,296.31,275.33,2,28.50,9.89
440,41,296.31,275.33,3,34.74,23.46
440,41,296.31,275.33,4,4.52,31.82
440,49,266.08,104.38,0,6.84,11.75
440,49,266.08,104.38,1,34.55,0.49
440,49,266.08,104.38,2,28.50,9.89
440,49,266.08,104.38,3,34.74,23.46
440,49,266.08,104.38,4,4.52,31.82
440,50,335.52,260.57,0,6.84,11.75
440,50,335.52,260.57,1,34.55,0.49
440,50,335.52,260.57,2,28.50,9.89
440,50,335.52,260.57,3,34.74,23.46
440,50,335.52,260.57,4,4.52,31.82
440,53,335.64,228.29,0,6.84,11.75
440,53,335.64,228.29,1,34.55,0.49
440,53,335.64,228.29,2,28.50,9.89
440,53,335.64,228.29,3,34.74,23.46
440,53,335.64,228.29,4,4.52,31.82
440,54,363.12,10.43,0,6.84,11.75
440,54,363.12,10.43,1,34.55,0.49
440,54,363.12,10.43,2,28.50,9.89
440,54,363.12,10.43,3,34.74,23.46
440,54,363.12,10.43,4,4.52,31.82
440,55,340.10,233.85,0,6.84,11.75
440,55,340.10,233.85,1,34.55,0.49
440,55,340.10,233.85,2,28.50,9.89
440,55,340.10,233.85,3,34.74,23.46
440,55,340.10,233.85,4,4.52,31.82
440,56,352.67,226.17,0,6.84,11.75
440,56,352.67,226.17,1,34.55,0.49
440,56,352.67,226.17,2,28.50,9.89
440,56,352.67,226.17,3,34.74,23.46
440,56,352.67,226.17,4,4.52,31.82
440,57,82.63,129.81,0,6.84,11.75
440,57,82.63,129.81,1,34.55,0.49
440,57,82.63,129.81,2,28.50,9.89
440,57,82.63,129.81,3,34.74,23.46
440,57,82.63,129.81,4,4.52,31.82
440,60,127.77,299.97,0,6.84,11.75
440,60,127.77,299.97,1,34.55,0.49
440,60,127.77,299.97,2,28.50,9.89
440,60,127.77,299.97,3,34.74,23.46
440,60,127.77,299.97,4,4.52,31.82
440,62,37.51,324.71,0,6.84,11.75
440,62,37.51,324.71,1,34.55,0.49
440,62,37.51,324.71,2,28.50,9.89
440,62,37.51,324.71,3,34.74,23.46
440,62,37.51,324.71,4,4.52,31.82
440,63,87.31,126.54,0,6.84,11.75
440,63,87.31,126.54,1,34.55,0.49
440,63,87.31,126.54,2,28.50,9.89
440,63,87.31,126.54,3,34.74,23.46
440,63,87.31,126.54,4,4.52,31.82
440,66,46.88,327.24,0,6.84,11.75
440,66,46.88,327.24,1,34.55,0.49
440,66,46.88,327.24,2,28.50,9.89
440,66,46.88,327.24,3,34.74,23.46
440,66,46.88,327.24,4,4.52,31.82
440,67,67.86,160.13,0,6.84,11.75
440,67,67.86,160.13,1,34.55,0.49
440,67,67.86,160.13,2,28.50,9.89
440,67,67.86,160.13,3,34.74,23.46
440,67,67.86,160.13,4,4.52,31.82
440,68,207.38,345.64,0,6.84,11.75
440,68,207.38,345.64,1,34.55,0.49
440,68,207.38,345.64,2,28.50,9.89
440,68,207.38,345.64,3,34.74,23.46
440,68,207.38,345.64,4,4.52,31.82
440,69,384.15,299.50,0,6.84,11.75
440,69,384.15,299.50,1,34.55,0.49
440,69,384.15,299.50,2,28.50,9.89
440,69,384.15,299.50,3,34.74,23.46
440,69,384.15,299.50,4,4.52,31.82
440,71,40.86,318.79,0,6.84,11.75
440,71,40.86,318.79,1,34.55,0.49
440,71,40.86,318.79,2,28.50,9.89
440,71,40.86,318.79,3,34.74,23.46
440,71,40.86,318.79,4,4.52,31.82
440,72,35.10,321.85,0,6.84,11.75
440,72,35.10,321.85,1,34.55,0.49
440,72,35.10,321.85,2,28.50,9.89
440,72,35.10,321.85,3,34.74,23.46
440,72,35.10,321.85,4,4.52,31.82
440,73,374.21,212.44,0,6.84,11.75
440,73,374.21,212.44,1,34.55,0.49
440,73,374.21,212.44,2,28.50,9.89
440,73,374.21,212.44,3,34.74,23.46
440,73,374.21,212.44,4,4.52,31.82
440,75,252.38,97.90,0,6.84,11.75
440,75,252.38,97.90,1,34.55,0.49
440,75,252.38,97.90,2,28.50,9.89
440,75,252.38,97.90,3,34.74,23.46
440,75,252.38,97.90,4,4.52,31.82
440,76,361.30,195.69,0,6.84,11.75
440,76,361.30,195.69,1,34.55,0.49
440,76,361.30,195.69,2,28.50,9.89
440,76,361.30,195.69,3,34.74,23.46
440,76,361.30,195.69,4,4.52,31.82
440,78,189.09,378.48,0,6.84,11.75
440,78,189.09,378.48,1,34.55,0.49
440,78,189.09,378.48,2,28.50,9.89
440,78,189.09,378.48,3,34.74,23.46
440,78,189.09,378.48,4,4.52,31.82
440,81,273.90,344.68,0,6.84,11.75
440,81,273.90,344.68,1,34.55,0.49
440,81,273.90,344.68,2,28.50,9.89
440,81,273.90,344.68,3,34.74,23.46
440,81,273.90,344.68,4,4.52,31.82
440,82,347.91,172.72,0,6.84,11.75
440,82,347.91,172.72,1,34.55,0.49
440,82,347.91,172.72,2,28.50,9.89
440,82,347.91,172.72,3,34.74,23.46
440,82,347.91,172.72,4,4.52,31.82
440,83,236.68,72.73,0,6.84,11.75
440,83,236.68,72.73,1,34.55,0.49
440,83,236.68,72.73,2,28.50,9.89
440,83,236.68,72.73,3,34.74,23.46
440,83,236.68,72.73,4,4.52,31.82
440,84,253.77,269.53,0,6.84,11.75
440,84,253.77,269.53,1,34.55,0.49
440,84,253.77,269.53,2,28.50,9.89
440,84,253.77,269.53,3,34.74,23.46
440,84,253.77,269.53,4,4.52,31.82
440,85,355.12,213.33,0,6.84,11.75
440,85,355.12,213.33,1,34.55,0.49
440,85,355.12,213.33,2,28.50,9.89
440,85,355.12,213.33,3,34.74,23.46
440,85,355.12,213.33,4,4.52,31.82
440,87,380.67,17.05,0,6.84,11.75
440,87,380.67,17.05,1,34.55,0.49
440,87,380.67,17.05,2,28.50,9.89
440,87,380.67,17.05,3,34.74,23.46
440,87,380.67,17.05,4,4.52,31.82
440,88,124.57,308.92,0,6.84,11.75
440,88,124.57,308.92,1,34.55,0.49
440,88,124.57,308.92,2,28.50,9.89
440,88,124.57,308.92,3,34.74,23.46
440,88,124.57,308.92,4,4.52,31.82
440,89,293.76,95.51,0,6.84,11.75
440,89,293.76,95.51,1,34.55,0.49
440,89,293.76,95.51,2,28.50,9.89
440,89,293.76,95.51,3,34.74,23.46
440,89,293.76,95.51,4,4.52,31.82
440,90,258.07,78.49,0,6.84,11.75
440,90,258.07,78.49,1,34.55,0.49
440,90,258.07,78.49,2,28.50,9.89
440,90,258.07,78.49,3,34.74,23.46
440,90,258.07,78.49,4,4.52,31.82
440,93,285.57,96.14,0,6.84,11.75
440,93,285.57,96.14,1,34.55,0.49
440,93,285.57,96.14,2,28.50,9.89
440,93,285.57,96.14,3,34.74,23.46
440,93,285.57,96.14,4,4.52,31.82
440,94,29.64,315.01,0,6.84,11.75
440,94,29.64,315.01,1,34.55,0.49
440,94,29.64,315.01,2,28.50,9.89
440,94,29.64,315.01,3,34.74,23.46
440,94,29.64,315.01,4,4.52,31.82
440,95,353.00,229.33,0,6.84,11.75
440,95,353.00,229.33,1,34.55,0.49
440,95,353.00,229.33,2,28.50,9.89
440,95,353.00,229.33,3,34.74,23.46
440,95,353.00,229.33,4,4.52,31.82
440,97,278.01,113.26,0,6.84,11.75
440,97,278.01,113.26,1,34.55,0.49
440,97,278.01,113.26,2,28.50,9.89
440,97,278.01,113.26,3,34.74,23.46
440,97,278.01,113.26,4,4.52,31.82
440,98,358.03,6.50,0,6.84,11.75
440,98,358.03,6.50,1,34.55,0.49
440,98,358.03,6.50,2,28.50,9.89
440,98,358.03,6.50,3,34.74,23.46
440,98,358.03,6.50,4,4.52,31.82
440,102,78.52,132.91,0,6.84,11.75
440,102,78.52,132.91,1,34.55,0.49
440,102,78.52,132.91,2,28.50,9.89
440,102,78.52,132.91,3,34.74,23.46
440,102,78.52,132.91,4,4.52,31.82
440,103,59.08,335.04,0,6.84,11.75
440,103,59.08,335.04,1,34.55,0.49
440,103,59.08,335.04,2,28.50,9.89
440,103,59.08,335.04,3,34.74,23.46
440,103,59.08,335.04,4,4.52,31.82
440,104,370.56,4.59,0,6.84,11.75
440,104,370.56,4.59,1,34.55,0.49
440,104,370.56,4.59,2,28.50,9.89
440,104,370.56,4.59,3,34.74,23.46
440,104,370.56,4.59,4,4.52,31.82
440,106,37.72,299.79,0,6.84,11.75
440,106,37.72,299.79,1,34.55,0.49
440,106,37.72,299.79,2,28.50,9.89
440,106,37.72,299.79,3,34.74,23.46
440,106,37.72,299.79,4,4.52,31.82
440,107,284.43,101.95,0,6.84,11.75
440,107,284.43,101.95,1,34.55,0.49
440,107,284.43,101.95,2,28.50,9.89
440,107,284.43,101.95,3,34.74,23.46
440,107,284.43,101.95,4,4.52,31.82
440,108,54.75,97.72,0,6.84,11.75
440,108,54.75,97.72,1,34.55,0.49
440,108,54.75,97.72,2,28.50,9.89
440,108,54.75,97.72,3,34.74,23.46
440,108,54.75,97.72,4,4.52,31.82
440,110,58.24,312.68,0,6.84,11.75
440,110,58.24,312.68,1,34.55,0.49
440,110,58.24,312.68,2,28.50,9.89
440,110,58.24,312.68,3,34.74,23.46
440,110,58.24,312.68,4,4.52,31.82
440,111,378.56,24.52,0,6.84,11.75
440,111,378.56,24.52,1,34.55,0.49
440,111,378.56,24.52,2,28.50,9.89
440,111,378.56,24.52,3,34.74,23.46
440,111,378.56,24.52,4,4.52,31.82
440,112,264.61,103.35,0,6.84,11.75
440,112,264.61,103.35,1,34.55,0.49
440,112,264.61,103.35,2,28.50,9.89
440,112,264.61,103.35,3,34.74,23.46
440,112,264.61,103.35,4,4.52,31.82
440,113,86.25,119.89,0,6.84,11.75
440,113,86.25,119.89,1,34.55,0.49
440,113,86.25,119.89,2,28.50,9.89
440,113,86.25,119.89,3,34.74,23.46
440,113,86.25,119.89,4,4.52,31.82
440,114,146.44,68.08,0,6.84,11.75
440,114,146.44,68.08,1,34.55,0.49
440,114,146.44,68.08,2,28.50,9.89
440,114,146.44,68.08,3,34.74,23.46
440,114,146.44,68.08,4,4.52,31.82
440,115,367.76,227.92,0,6.84,11.75
440,115,367.76,227.92,1,34.55,0.49
440,115,367.76,227.92,2,28.50,9.89
440,115,367.76,227.92,3,34.74,23.46
440,115,367.76,227.92,4,4.52,31.82
440,116,270.92,101.38,0,6.84,11.75
440,116,270.92,101.38,1,34.55,0.49
440,116,270.92,101.38,2,28.50,9.89
440,116,270.92,101.38,3,34.74,23.46
440,116,270.92,101.38,4,4.52,31.82
440,117,357.10,180.83,0,6.84,11.75
440,117,357.10,180.83,1,34.55,0.49
440,117,357.10,180.83,2,28.50,9.89
440,117,357.10,180.83,3,34.74,23.46
440,117,357.10,180.83,4,4.52,31.82
440,118,83.17,142.38,0,6.84,11.75
440,118,83.17,142.38,1,34.55,0.49
440,118,83.17,142.38,2,28.50,9.89
440,118,83.17,142.38,3,34.74,23.46
440,118,83.17,142.38,4,4.52,31.82
440,119,293.80,109.62,0,6.84,11.75
440,119,293.80,109.62,1,34.55,0.49
440,119,293.80,109.62,2,28.50,9.89
440,119,293.80,109.62,3,34.74,23.46
440,119,293.80,109.62,4,4.52,31.82
440,120,176.08,206.74,0,6.84,11.75
440,120,176.08,206.74,1,34.55,0.49
440,120,176.08,206.74,2,28.50,9.89
440,120,176.08,206.74,3,34.74,23.46
440,120,176.08,206.74,4,4.52,31.82
440,122,94.42,270.15,0,6.84,11.75
440,122,94.42,270.15,1,34.55,0.49
440,122,94.42,270.15,2,28.50,9.89
440,122,94.42,270.15,3,34.74,23.46
440,122,94.42,270.15,4,4.52,31.82
440,123,105.94,314.09,0,6.84,11.75
440,123,105.94,314.09,1,34.55,0.49
440,123,105.94,314.09,2,28.50,9.89
440,123,105.94,314.09,3,34.74,23.46
440,123,105.94,314.09,4,4.52,31.82
440,124,96.76,89.92,0,6.84,11.75
440,124,96.76,89.92,1,34.55,0.49
440,124,96.76,89.92,2,28.50,9.89
440,124,96.76,89.92,3,34.74,23.46
440,124,96.76,89.92,4,4.52,31.82
440,125,358.51,162.33,0,6.84,11.75
440,125,358.51,162.33,1,34.55,0.49
440,125,358.51,162.33,2,28.50,9.89
440,125,358.51,162.33,3,34.74,23.46
440,125,358.51,162.33,4,4.52,31.82
440,128,222.82,350.57,0,6.84,11.75
440,128,222.82,350.57,1,34.55,0.49
440,128,222.82,350.57,2,28.50,9.89
440,128,222.82,350.57,3,34.74,23.46
440,128,222.82,350.57,4,4.52,31.82
440,129,321.41,201.51,0,6.84,11.75
440,129,321.41,201.51,1,34.55,0.49
440,129,321.41,201.51,2,28.50,9.89
440,129,321.41,201.51,3,34.74,23.46
440,129,321.41,201.51,4,4.52,31.82
440,132,362.12,246.30,0,6.84,11.75
440,132,362.12,246.30,1,34.55,0.49
440,132,362.12,246.30,2,28.50,9.89
440,132,362.12,246.30,3,34.74,23.46
440,132,362.12,246.30,4,4.52,31.82
440,133,72.50,119.50,0,6.84,11.75
440,133,72.50,119.50,1,34.55,0.49
440,133,72.50,119.50,2,28.50,9.89
440,133,72.50,119.50,3,34.74,23.46
440,133,72.50,119.50,4,4.52,31.82
440,135,45.28,302.65,0,6.84,11.75
440,135,45.28,302.65,1,34.55,0.49
440,135,45.28,302.65,2,28.50,9.89
440,135,45.28,302.65,3,34.74,23.46
440,135,45.28,302.65,4,4.52,31.82
440,139,352.55,191.80,0,6.84,11.75
440,139,352.55,191.80,1,34.55,0.49
440,139,352.55,191.80,2,28.50,9.89
440,139,352.55,191.80,3,34.74,23.46
440,139,352.55,191.80,4,4.52,31.82
440,141,356.80,394.57,0,6.84,11.75
440,141,356.80,394.57,1,34.55,0.49
440,141,356.80,394.57,2,28.50,9.89
440,141,356.80,394.57,3,34.74,23.46
440,141,356.80,394.57,4,4.52,31.82
440,143,343.06,297.18,0,6.84,11.75
440,143,343.06,297.18,1,34.55,0.49
440,143,343.06,297.18,2,28.50,9.89
440,143,343.06,297.18,3,34.74,23.46
440,143,343.06,297.18,4,4.52,31.82
440,145,214.37,327.43,0,6.84,11.75
440,145,214.37,327.43,1,34.55,0.49
440,145,214.37,327.43,2,28.50,9.89
440,145,214.37,327.43,3,34.74,23.46
440,145,214.37,327.43,4,4.52,31.82
440,146,91.54,135.96,0,6.84,11.75
440,146,91.54,135.96,1,34.55,0.49
440,146,91.54,135.96,2,28.50,9.89
440,146,91.54,135.96,3,34.74,23.46
440,146,91.54,135.96,4,4.52,31.82
440,148,341.13,224.58,0,6.84,11.75
440,148,341.13,224.58,1,34.55,0.49
440,148,341.13,224.58,2,28.50,9.89
440,148,341.13,224.58,3,34.74,23.46
440,148,341.13,224.58,4,4.52,31.82
440,150,285.34,108.76,0,6.84,11.75
440,150,285.34,108.76,1,34.55,0.49
440,150,285.34,108.76,2,28.50,9.89
440,150,285.34,108.76,3,34.74,23.46
440,150,285.34,108.76,4,4.52,31.82
440,151,258.84,95.86,0,6.84,11.75
440,151,258.84,95.86,1,34.55,0.49
440,151,258.84,95.86,2,28.50,9.89
440,151,258.84,95.86,3,34.74,23.46
440,151,258.84,95.86,4,4.52,31.82
440,155,271.31,108.70,0,6.84,11.75
440,155,271.31,108.70,1,34.55,0.49
440,155,271.31,108.70,2,28.50,9.89
440,155,271.31,108.70,3,34.74,23.46
440,155,271.31,108.70,4,4.52,31.82
440,156,352.23,256.54,0,6.84,11.75
440,156,352.23,256.54,1,34.55,0.49
440,156,352.23,256.54,2,28.50,9.89
440,156,352.23,256.54,3,34.74,23.46
440,156,352.23,256.54,4,4.52,31.82
440,159,354.44,245.48,0,6.84,11.75
440,159,354.44,245.48,1,34.55,0.49
440,159,354.44,245.48,2,28.50,9.89
440,159,354.44,245.48,3,34.74,23.46
440,159,354.44,245.48,4,4.52,31.82
440,160,324.70,382.52,0,6.84,11.75
440,160,324.70,382.52,1,34.55,0.49
440,160,324.70,382.52,2,28.50,9.89
440,160,324.70,382.52,3,34.74,23.46
440,160,324.70,382.52,4,4.52,31.82
440,161,154.00,128.76,0,6.84,11.75
440,161,154.00,128.76,1,34.55,0.49
440,161,154.00,128.76,2,28.50,9.89
440,161,154.00,128.76,3,34.74,23.46
440,161,154.00,128.76,4,4.52,31.82
440,162,300.28,322.74,0,6.84,11.75
440,162,300.28,322.74,1,34.55,0.49
440,162,300.28,322.74,2,28.50,9.89
440,162,300.28,322.74,3,34.74,23.46
440,162,300.28,322.74,4,4.52,31.82
440,163,224.19,118.94,0,6.84,11.75
440,163,224.19,118.94,1,34.55,0.49
440,163,224.19,118.94,2,28.50,9.89
440,163,224.19,118.94,3,34.74,23.46
440,163,224.19,118.94,4,4.52,31.82
440,164,59.56,81.60,0,6.84,11.75
440,164,59.56,81.60,1,34.55,0.49
440,164,59.56,81.60,2,28.50,9.89
440,164,59.56,81.60,3,34.74,23.46
440,164,59.56,81.60,4,4.52,31.82
440,165,84.51,112.29,0,6.84,11.75
440,165,84.51,112.29,1,34.55,0.49
440,165,84.51,112.29,2,28.50,9.89
440,165,84.51,112.29,3,34.74,23.46
440,165,84.51,112.29,4,4.52,31.82
440,166,298.97,359.18,0,6.84,11.75
440,166,298.97,359.18,1,34.55,0.49
440,166,298.97,359.18,2,28.50,9.89
440,166,298.97,359.18,3,34.74,23.46
440,166,298.97,359.18,4,4.52,31.82
440,167,370.60,268.74,0,6.84,11.75
440,167,370.60,268.74,1,34.55,0.49
440,167,370.60,268.74,2,28.50,9.89
440,167,370.60,268.74,3,34.74,23.46
440,167,370.60,268.74,4,4.52,31.82
440,168,187.16,277.60,0,6.84,11.75
440,168,187.16,277.60,1,34.55,0.49
440,168,187.16,277.60,2,28.50,9.89
440,168,187.16,277.60,3,34.74,23.46
440,168,187.16,277.60,4,4.52,31.82
440,169,271.61,92.25,0,6.84,11.75
440,169,271.61,92.25,1,34.55,0.49
440,169,271.61,92.25,2,28.50,9.89
440,169,271.61,92.25,3,34.74,23.46
440,169,271.61,92.25,4,4.52,31.82
440,170,343.97,237.31,0,6.84,11.75
440,170,343.97,237.31,1,34.55,0.49
440,170,343.97,237.31,2,28.50,9.89
440,170,343.97,237.31,3,34.74,23.46
440,170,343.97,237.31,4,4.52,31.82
440,173,374.44,204.41,0,6.84,11.75
440,173,374.44,204.41,1,34.55,0.49
440,173,374.44,204.41,2,28.50,9.89
440,173,374.44,204.41,3,34.74,23.46
440,173,374.44,204.41,4,4.52,31.82
440,174,145.27,228.04,0,6.84,11.75
440,174,145.27,228.04,1,34.55,0.49
440,174,145.27,228.04,2,28.50,9.89
440,174,145.27,228.04,3,34.74,23.46
440,174,145.27,228.04,4,4.52,31.82
440,176,73.33,144.99,0,6.84,11.75
440,176,73.33,144.99,1,34.55,0.49
440,176,73.33,144.99,2,28.50,9.89
440,176,73.33,144.99,3,34.74,23.46
440,176,73.33,144.99,4,4.52,31.82
440,177,200.54,274.70,0,6.84,11.75
440,177,200.54,274.70,1,34.55,0.49
440,177,200.54,274.70,2,28.50,9.89
440,177,200.54,274.70,3,34.74,23.46
440,177,200.54,274.70,4,4.52,31.82
440,178,277.50,97.50,0,6.84,11.75
440,178,277.50,97.50,1,34.55,0.49
440,178,277.50,97.50,2,28.50,9.89
440,178,277.50,97.50,3,34.74,23.46
440,178,277.50,97.50,4,4.52,31.82
440,180,251.56,125.54,0,6.84,11.75
440,180,251.56,125.54,1,34.55,0.49
440,180,251.56,125.54,2,28.50,9.89
440,180,251.56,125.54,3,34.74,23.46
440,180,251.56,125.54,4,4.52,31.82
440,181,60.13,124.75,0,6.84,11.75
440,181,60.13,124.75,1,34.55,0.49
440,181,60.13,124.75,2,28.50,9.89
440,181,60.13,124.75,3,34.74,23.46
440,181,60.13,124.75,4,4.52,31.82
440,184,82.56,107.15,0,6.84,11.75
440,184,82.56,107.15,1,34.55,0.49
440,184,82.56,107.15,2,28.50,9.89
440,184,82.56,107.15,3,34.74,23.46
440,184,82.56,107.15,4,4.52,31.82
440,185,50.00,308.50,0,6.84,11.75
440,185,50.00,308.50,1,34.55,0.49
440,185,50.00,308.50,2,28.50,9.89
440,185,50.00,308.50,3,34.74,23.46
440,185,50.00,308.50,4,4.52,31.82
440,187,78.21,313.23,0,6.84,11.75
440,187,78.21,313.23,1,34.55,0.49
440,187,78.21,313.23,2,28.50,9.89
440,187,78.21,313.23,3,34.74,23.46
440,187,78.21,313.23,4,4.52,31.82
440,190,70.26,102.24,0,6.84,11.75
440,190,70.26,102.24,1,34.55,0.49
440,190,70.26,102.24,2,28.50,9.89
440,190,70.26,102.24,3,34.74,23.46
440,190,70.26,102.24,4,4.52,31.82
440,193,296.52,103.02,0,6.84,11.75
440,193,296.52,103.02,1,34.55,0.49
440,193,296.52,103.02,2,28.50,9.89
440,193,296.52,103.02,3,34.74,23.46
440,193,296.52,103.02,4,4.52,31.82
440,195,59.90,325.07,0,6.84,11.75
440,195,59.90,325.07,1,34.55,0.49
440,195,59.90,325.07,2,28.50,9.89
440,195,59.90,325.07,3,34.74,23.46
440,195,59.90,325.07,4,4.52,31.82
440,198,350.00,230.00,0,6.84,11.75
440,198,350.00,230.00,1,34.55,0.49
440,198,350.00,230.00,2,28.50,9.89
440,198,350.00,230.00,3,34.74,23.46
440,198,350.00,230.00,4,4.52,31.82
440,199,73.93,127.99,0,6.84,11.75
440,199,73.93,127.99,1,34.55,0.49
440,199,73.93,127.99,2,28.50,9.89
440,199,73.93,127.99,3,34.74,23.46
440,199,73.93,127.99,4,4.52,31.82
440,200,67.11,108.11,0,6.84,11.75
440,200,67.11,108.11,1,34.55,0.49
440,200,67.11,108.11,2,28.50,9.89
440,200,67.11,108.11,3,34.74,23.46
440,200,67.11,108.11,4,4.52,31.82
440,207,27.93,301.84,0,6.84,11.75
440,207,27.93,301.84,1,34.55,0.49
440,207,27.93,301.84,2,28.50,9.89
440,207,27.93,301.84,3,34.74,23.46
440,207,27.93,301.84,4,4.52,31.82
440,211,79.81,344.77,0,6.84,11.75
440,211,79.81,344.77,1,34.55,0.49
440,211,79.81,344.77,2,28.50,9.89
440,211,79.81,344.77,3,34.74,23.46
440,211,79.81,344.77,4,4.52,31.82
440,212,356.41,238.74,0,6.84,11.75
440,212,356.41,238.74,1,34.55,0.49
440,212,356.41,238.74,2,28.50,9.89
440,212,356.41,238.74,3,34.74,23.46
440,212,356.41,238.74,4,4.52,31.82
440,213,361.55,234.70,0,6.84,11.75
440,213,361.55,234.70,1,34.55,0.49
440,213,361.55,234.70,2,28.50,9.89
440,213,361.55,234.70,3,34.74,23.46
440,213,361.55,234.70,4,4.52,31.82
440,214,284.40,98.90,0,6.84,11.75
440,214,284.40,98.90,1,34.55,0.49
440,214,284.40,98.90,2,28.50,9.89
440,214,284.40,98.90,3,34.74,23.46
440,214,284.40,98.90,4,4.52,31.82
440,215,238.49,394.66,0,6.84,11.75
440,215,238.49,394.66,1,34.55,0.49
440,215,238.49,394.66,2,28.50,9.89
440,215,238.49,394.66,3,34.74,23.46
440,215,238.49,394.66,4,4.52,31.82
440,216,238.78,390.32,0,6.84,11.75
440,216,238.78,390.32,1,34.55,0.49
440,216,238.78,390.32,2,28.50,9.89
440,216,238.78,390.32,3,34.74,23.46
440,216,238.78,390.32,4,4.52,31.82
440,217,373.94,9.42,0,6.84,11.75
440,217,373.94,9.42,1,34.55,0.49
440,217,373.94,9.42,2,28.50,9.89
440,217,373.94,9.42,3,34.74,23.46
440,217,373.94,9.42,4,4.52,31.82
440,218,267.27,380.78,0,6.84,11.75
440,218,267.27,380.78,1,34.55,0.49
440,218,267.27,380.78,2,28.50,9.89
440,218,267.27,380.78,3,34.74,23.46
440,218,267.27,380.78,4,4.52,31.82
440,219,64.23,114.16,0,6.84,11.75
440,219,64.23,114.16,1,34.55,0.49
440,219,64.23,114.16,2,28.50,9.89
440,219,64.23,114.16,3,34.74,23.46
440,219,64.23,114.16,4,4.52,31.82
440,226,293.32,123.68,0,6.84,11.75
440,226,293.32,123.68,1,34.55,0.49
440,226,293.32,123.68,2,28.50,9.89
440,226,293.32,123.68,3,34.74,23.46
440,226,293.32,123.68,4,4.52,31.82
440,227,45.05,312.10,0,6.84,11.75
440,227,45.05,312.10,1,34.55,0.49
440,227,45.05,312.10,2,28.50,9.89
440,227,45.05,312.10,3,34.74,23.46
440,227,45.05,312.10,4,4.52,31.82
440,228,279.68,86.65,0,6.84,11.75
440,228,279.68,86.65,1,34.55,0.49
440,228,279.68,86.65,2,28.50,9.89
440,228,279.68,86.65,3,34.74,23.46
440,228,279.68,86.65,4,4.52,31.82
440,229,128.50,112.54,0,6.84,11.75
440,229,128.50,112.54,1,34.55,0.49
440,229,128.50,112.54,2,28.50,9.89
440,229,128.50,112.54,3,34.74,23.46
440,229,128.50,112.54,4,4.52,31.82
440,230,125.97,80.38,0,6.84,11.75
440,230,125.97,80.38,1,34.55,0.49
440,230,125.97,80.38,2,28.50,9.89
440,230,125.97,80.38,3,34.74,23.46
440,230,125.97,80.38,4,4.52,31.82
440,231,307.75,294.93,0,6.84,11.75
440,231,307.75,294.93,1,34.55,0.49
440,231,307.75,294.93,2,28.50,9.89
440,231,307.75,294.93,3,34.74,23.46
440,231,307.75,294.93,4,4.52,31.82
440,232,366.95,22.65,0,6.84,11.75
440,232,366.95,22.65,1,34.55,0.49
440,232,366.95,22.65,2,28.50,9.89
440,232,366.95,22.65,3,34.74,23.46
440,232,366.95,22.65,4,4.52,31.82
440,233,353.14,231.57,0,6.84,11.75
440,233,353.14,231.57,1,34.55,0.49
440,233,353.14,231.57,2,28.50,9.89
440,233,353.14,231.57,3,34.74,23.46
440,233,353.14,231.57,4,4.52,31.82
440,237,152.38,138.44,0,6.84,11.75
440,237,152.38,138.44,1,34.55,0.49
440,237,152.38,138.44,2,28.50,9.89
440,237,152.38,138.44,3,34.74,23.46
440,237,152.38,138.44,4,4.52,31.82
440,238,25.29,308.94,0,6.84,11.75
440,238,25.29,308.94,1,34.55,0.49
440,238,25.29,308.94,2,28.50,9.89
440,238,25.29,308.94,3,34.74,23.46
440,238,25.29,308.94,4,4.52,31.82
440,239,246.76,115.10,0,6.84,11.75
440,239,246.76,115.10,1,34.55,0.49
440,239,246.76,115.10,2,28.50,9.89
440,239,246.76,115.10,3,34.74,23.46
440,239,246.76,115.10,4,4.52,31.82
440,240,96.77,262.55,0,6.84,11.75
440,240,96.77,262.55,1,34.55,0.49
440,240,96.77,262.55,2,28.50,9.89
440,240,96.77,262.55,3,34.74,23.46
440,240,96.77,262.55,4,4.52,31.82
440,241,362.83,223.67,0,6.84,11.75
440,241,362.83,223.67,1,34.55,0.49
440,241,362.83,223.67,2,28.50,9.89
440,241,362.83,223.67,3,34.74,23.46
440,241,362.83,223.67,4,4.52,31.82
440,242,239.45,221.74,0,6.84,11.75
440,242,239.45,221.74,1,34.55,0.49
440,242,239.45,221.74,2,28.50,9.89
440,242,239.45,221.74,3,34.74,23.46
440,242,239.45,221.74,4,4.52,31.82
440,244,134.99,322.41,0,6.84,11.75
440,244,134.99,322.41,1,34.55,0.49
440,244,134.99,322.41,2,28.50,9.89
440,244,134.99,322.41,3,34.74,23.46
440,244,134.99,322.41,4,4.52,31.82
440,245,259.75,116.60,0,6.84,11.75
440,245,259.75,116.60,1,34.55,0.49
440,245,259.75,116.60,2,28.50,9.89
440,245,259.75,116.60,3,34.74,23.46
440,245,259.75,116.60,4,4.52,31.82
440,248,361.77,257.96,0,6.84,11.75
440,248,361.77,257.96,1,34.55,0.49
440,248,361.77,257.96,2,28.50,9.89
440,248,361.77,257.96,3,34.74,23.46
440,248,361.77,257.96,4,4.52,31.82
440,249,386.23,384.01,0,6.84,11.75
440,249,386.23,384.01,1,34.55,0.49
440,249,386.23,384.01,2,28.50,9.89
440,249,386.23,384.01,3,34.74,23.46
440,249,386.23,384.01,4,4.52,31.82
440,250,271.33,281.81,0,6.84,11.75
440,250,271.33,281.81,1,34.55,0.49
440,250,271.33,281.81,2,28.50,9.89
440,250,271.33,281.81,3,34.74,23.46
440,250,271.33,281.81,4,4.52,31.82
440,252,64.27,108.23,0,6.84,11.75
440,252,64.27,108.23,1,34.55,0.49
440,252,64.27,108.23,2,28.50,9.89
440,252,64.27,108.23,3,34.74,23.46
440,252,64.27,108.23,4,4.52,31.82
440,253,343.51,218.82,0,6.84,11.75
440,253,343.51,218.82,1,34.55,0.49
440,253,343.51,218.82,2,28.50,9.89
440,253,343.51,218.82,3,34.74,23.46
440,253,343.51,218.82,4,4.52,31.82
440,254,364.99,203.81,0,6.84,11.75
440,254,364.99,203.81,1,34.55,0.49
440,254,364.99,203.81,2,28.50,9.89
440,254,364.99,203.81,3,34.74,23.46
440,254,364.99,203.81,4,4.52,31.82
440,258,368.06,19.06,0,6.84,11.75
440,258,368.06,19.06,1,34.55,0.49
440,258,368.06,19.06,2,28.50,9.89
440,258,368.06,19.06,3,34.74,23.46
440,258,368.06,19.06,4,4.52,31.82
440,259,93.14,112.99,0,6.84,11.75
440,259,93.14,112.99,1,34.55,0.49
440,259,93.14,112.99,2,28.50,9.89
440,259,93.14,112.99,3,34.74,23.46
440,259,93.14,112.99,4,4.52,31.82
440,260,330.84,345.29,0,6.84,11.75
440,260,330.84,345.29,1,34.55,0.49
440,260,330.84,345.29,2,28.50,9.89
440,260,330.84,345.29,3,34.74,23.46
440,260,330.84,345.29,4,4.52,31.82
440,261,47.00,311.00,0,6.84,11.75
440,261,47.00,311.00,1,34.55,0.49
440,261,47.00,311.00,2,28.50,9.89
440,261,47.00,311.00,3,34.74,23.46
440,261,47.00,311.00,4,4.52,31.82
440,262,142.09,105.27,0,6.84,11.75
440,262,142.09,105.27,1,34.55,0.49
440,262,142.09,105.27,2,28.50,9.89
440,262,142.09,105.27,3,34.74,23.46
440,262,142.09,105.27,4,4.52,31.82
440,263,131.95,93.64,0,6.84,11.75
440,263,131.95,93.64,1,34.55,0.49
440,263,131.95,93.64,2,28.50,9.89
440,263,131.95,93.64,3,34.74,23.46
440,263,131.95,93.64,4,4.52,31.82
440,264,69.61,122.67,0,6.84,11.75
440,264,69.61,122.67,1,34.55,0.49
440,264,69.61,122.67,2,28.50,9.89
440,264,69.61,122.67,3,34.74,23.46
440,264,69.61,122.67,4,4.52,31.82
440,265,234.17,334.30,0,6.84,11.75
440,265,234.17,334.30,1,34.55,0.49
440,265,234.17,334.30,2,28.50,9.89
440,265,234.17,334.30,3,34.74,23.46
440,265,234.17,334.30,4,4.52,31.82
440,266,57.11,305.84,0,6.84,11.75
440,266,57.11,305.84,1,34.55,0.49
440,266,57.11,305.84,2,28.50,9.89
440,266,57.11,305.84,3,34.74,23.46
440,266,57.11,305.84,4,4.52,31.82
440,267,244.28,80.30,0,6.84,11.75
440,267,244.28,80.30,1,34.55,0.49
440,267,244.28,80.30,2,28.50,9.89
440,267,244.28,80.30,3,34.74,23.46
440,267,244.28,80.30,4,4.52,31.82
440,269,66.93,129.93,0,6.84,11.75
440,269,66.93,129.93,1,34.55,0.49
440,269,66.93,129.93,2,28.50,9.89
440,269,66.93,129.93,3,34.74,23.46
440,269,66.93,129.93,4,4.52,31.82
440,273,35.74,307.71,0,6.84,11.75
440,273,35.74,307.71,1,34.55,0.49
440,273,35.74,307.71,2,28.50,9.89
440,273,35.74,307.71,3,34.74,23.46
440,273,35.74,307.71,4,4.52,31.82
440,274,96.04,68.65,0,6.84,11.75
440,274,96.04,68.65,1,34.55,0.49
440,274,96.04,68.65,2,28.50,9.89
440,274,96.04,68.65,3,34.74,23.46
440,274,96.04,68.65,4,4.52,31.82
440,277,326.74,212.87,0,6.84,11.75
440,277,326.74,212.87,1,34.55,0.49
440,277,326.74,212.87,2,28.50,9.89
440,277,326.74,212.87,3,34.74,23.46
440,277,326.74,212.87,4,4.52,31.82
440,278,52.66,330.18,0,6.84,11.75
440,278,52.66,330.18,1,34.55,0.49
440,278,52.66,330.18,2,28.50,9.89
440,278,52.66,330.18,3,34.74,23.46
440,278,52.66,330.18,4,4.52,31.82
440,279,201.85,395.42,0,6.84,11.75
440,279,201.85,395.42,1,34.55,0.49
440,279,201.85,395.42,2,28.50,9.89
440,279,201.85,395.42,3,34.74,23.46
440,279,201.85,395.42,4,4.52,31.82
440,281,274.57,84.64,0,6.84,11.75
440,281,274.57,84.64,1,34.55,0.49
440,281,274.57,84.64,2,28.50,9.89
440,281,274.57,84.64,3,34.74,23.46
440,281,274.57,84.64,4,4.52,31.82
440,282,356.36,226.72,0,6.84,11.75
440,282,356.36,226.72,1,34.55,0.49
440,282,356.36,226.72,2,28.50,9.89
440,282,356.36,226.72,3,34.74,23.46
440,282,356.36,226.72,4,4.52,31.82
440,283,347.46,216.83,0,6.84,11.75
440,283,347.46,216.83,1,34.55,0.49
440,283,347.46,216.83,2,28.50,9.89
440,283,347.46,216.83,3,34.74,23.46
440,283,347.46,216.83,4,4.52,31.82
440,285,217.55,353.81,0,6.84,11.75
440,285,217.55,353.81,1,34.55,0.49
440,285,217.55,353.81,2,28.50,9.89
440,285,217.55,353.81,3,34.74,23.46
440,285,217.55,353.81,4,4.52,31.82
440,286,265.21,333.53,0,6.84,11.75
440,286,265.21,333.53,1,34.55,0.49
440,286,265.21,333.53,2,28.50,9.89
440,286,265.21,333.53,3,34.74,23.46
440,286,265.21,333.53,4,4.52,31.82
440,288,93.66,60.47,0,6.84,11.75
440,288,93.66,60.47,1,34.55,0.49
440,288,93.66,60.47,2,28.50,9.89
440,288,93.66,60.47,3,34.74,23.46
440,288,93.66,60.47,4,4.52,31.82
440,290,343.06,242.44,0,6.84,11.75
440,290,343.06,242.44,1,34.55,0.49
440,290,343.06,242.44,2,28.50,9.89
440,290,343.06,242.44,3,34.74,23.46
440,290,343.06,242.44,4,4.52,31.82
440,291,75.02,106.72,0,6.84,11.75
440,291,75.02,106.72,1,34.55,0.49
440,291,75.02,106.72,2,28.50,9.89
440,291,75.02,106.72,3,34.74,23.46
440,291,75.02,106.72,4,4.52,31.82
440,292,299.45,281.93,0,6.84,11.75
440,292,299.45,281.93,1,34.55,0.49
440,292,299.45,281.93,2,28.50,9.89
440,292,299.45,281.93,3,34.74,23.46
440,292,299.45,281.93,4,4.52,31.82
440,294,53.36,317.69,0,6.84,11.75
440,294,53.36,317.69,1,34.55,0.49
440,294,53.36,317.69,2,28.50,9.89
440,294,53.36,317.69,3,34.74,23.46
440,294,53.36,317.69,4,4.52,31.82
440,297,362.32,215.04,0,6.84,11.75
440,297,362.32,215.04,1,34.55,0.49
440,297,362.32,215.04,2,28.50,9.89
440,297,362.32,215.04,3,34.74,23.46
440,297,362.32,215.04,4,4.52,31.82
440,298,377.44,27.43,0,6.84,11.75
440,298,377.44,27.43,1,34.55,0.49
440,298,377.44,27.43,2,28.50,9.89
440,298,377.44,27.43,3,34.74,23.46
440,298,377.44,27.43,4,4.52,31.82
440,300,222.38,330.05,0,6.84,11.75
440,300,222.38,330.05,1,34.55,0.49
440,300,222.38,330.05,2,28.50,9.89
440,300,222.38,330.05,3,34.74,23.46
440,300,222.38,330.05,4,4.52,31.82
450,2,77.00,114.67,0,6.43,12.12
450,2,77.00,114.67,1,34.33,1.33
450,2,77.00,114.67,2,28.50,9.89
450,2,77.00,114.67,3,34.74,23.46
450,2,77.00,114.67,4,4.85,33.20
450,3,157.91,281.37,0,6.43,12.12
450,3,157.91,281.37,1,34.33,1.33
450,3,157.91,281.37,2,28.50,9.89
450,3,157.91,281.37,3,34.74,23.46
450,3,157.91,281.37,4,4.85,33.20
450,6,52.22,304.49,0,6.43,12.12
450,6,52.22,304.49,1,34.33,1.33
450,6,52.22,304.49,2,28.50,9.89
450,6,52.22,304.49,3,34.74,23.46
450,6,52.22,304.49,4,4.85,33.20
450,8,80.11,353.49,0,6.43,12.12
450,8,80.11,353.49,1,34.33,1.33
450,8,80.11,353.49,2,28.50,9.89
450,8,80.11,353.49,3,34.74,23.46
450,8,80.11,353.49,4,4.85,33.20
450,9,332.62,222.91,0,6.43,12.12
450,9,332.62,222.91,1,34.33,1.33
450,9,332.62,222.91,2,28.50,9.89
450,9,332.62,222.91,3,34.74,23.46
450,9,332.62,222.91,4,4.85,33.20
450,11,137.35,116.62,0,6.43,12.12
450,11,137.35,116.62,1,34.33,1.33
450,11,137.35,116.62,2,28.50,9.89
450,11,137.35,116.62,3,34.74,23.46
450,11,137.35,116.62,4,4.85,33.20
450,13,113.02,104.48,0,6.43,12.12
450,13,113.02,104.48,1,34.33,1.33
450,13,113.02,104.48,2,28.50,9.89
450,13,113.02,104.48,3,34.74,23.46
450,13,113.02,104.48,4,4.85,33.20
450,14,30.66,324.43,0,6.43,12.12
450,14,30.66,324.43,1,34.33,1.33
450,14,30.66,324.43,2,28.50,9.89
450,14,30.66,324.43,3,34.74,23.46
450,14,30.66,324.43,4,4.85,33.20
450,16,348.75,243.00,0,6.43,12.12
450,16,348.75,243.00,1,34.33,1.33
450,16,348.75,243.00,2,28.50,9.89
450,16,348.75,243.00,3,34.74,23.46
450,16,348.75,243.00,4,4.85,33.20
450,18,123.48,332.56,0,6.43,12.12
450,18,123.48,332.56,1,34.33,1.33
450,18,123.48,332.56,2,28.50,9.89
450,18,123.48,332.56,3,34.74,23.46
450,18,123.48,332.56,4,4.85,33.20
450,20,214.53,388.45,0,6.43,12.12
450,20,214.53,388.45,1,34.33,1.33
450,20,214.53,388.45,2,28.50,9.89
450,20,214.53,388.45,3,34.74,23.46
450,20,214.53,388.45,4,4.85,33.20
450,21,376.19,190.56,0,6.43,12.12
450,21,376.19,190.56,1,34.33,1.33
450,21,376.19,190.56,2,28.50,9.89
450,21,376.19,190.56,3,34.74,23.46
450,21,376.19,190.56,4,4.85,33.20
450,22,290.62,390.39,0,6.43,12.12
450,22,290.62,390.39,1,34.33,1.33
450,22,290.62,390.39,2,28.50,9.89
450,22,290.62,390.39,3,34.74,23.46
450,22,290.62,390.39,4,4.85,33.20
450,24,107.96,99.17,0,6.43,12.12
450,24,107.96,99.17,1,34.33,1.33
450,24,107.96,99.17,2,28.50,9.89
450,24,107.96,99.17,3,34.74,23.46
450,24,107.96,99.17,4,4.85,33.20
450,26,288.29,89.04,0,6.43,12.12
450,26,288.29,89.04,1,34.33,1.33
450,26,288.29,89.04,2,28.50,9.89
450,26,288.29,89.04,3,34.74,23.46
450,26,288.29,89.04,4,4.85,33.20
450,28,376.00,301.48,0,6.43,12.12
450,28,376.00,301.48,1,34.33,1.33
450,28,376.00,301.48,2,28.50,9.89
450,28,376.00,301.48,3,34.74,23.46
450,28,376.00,301.48,4,4.85,33.20
450,29,89.40,292.66,0,6.43,12.12
450,29,89.40,292.66,1,34.33,1.33
450,29,89.40,292.66,2,28.50,9.89
450,29,89.40,292.66,3,34.74,23.46
450,29,89.40,292.66,4,4.85,33.20
450,31,268.66,83.79,0,6.43,12.12
450,31,268.66,83.79,1,34.33,1.33
450,31,268.66,83.79,2,28.50,9.89
450,31,268.66,83.79,3,34.74,23.46
450,31,268.66,83.79,4,4.85,33.20
450,36,46.17,317.88,0,6.43,12.12
450,36,46.17,317.88,1,34.33,1.33
450,36,46.17,317.88,2,28.50,9.89
450,36,46.17,317.88,3,34.74,23.46
450,36,46.17,317.88,4,4.85,33.20
450,38,80.87,268.52,0,6.43,12.12
450,38,80.87,268.52,1,34.33,1.33
450,38,80.87,268.52,2,28.50,9.89
450,38,80.87,268.52,3,34.74,23.46
450,38,80.87,268.52,4,4.85,33.20
450,39,88.00,146.99,0,6.43,12.12
450,39,88.00,146.99,1,34.33,1.33
450,39,88.00,146.99,2,28.50,9.89
450,39,88.00,146.99,3,34.74,23.46
450,39,88.00,146.99,4,4.85,33.20
450,41,297.47,273.33,0,6.43,12.12
450,41,297.47,273.33,1,34.33,1.33
450,41,297.47,273.33,2,28.50,9.89
450,41,297.47,273.33,3,34.74,23.46
450,41,297.47,273.33,4,4.85,33.20
450,49,267.44,104.13,0,6.43,12.12
450,49,267.44,104.13,1,34.33,1.33
450,49,267.44,104.13,2,28.50,9.89
450,49,267.44,104.13,3,34.74,23.46
450,49,267.44,104.13,4,4.85,33.20
450,50,335.95,258.19,0,6.43,12.12
450,50,335.95,258.19,1,34.33,1.33
450,50,335.95,258.19,2,28.50,9.89
450,50,335.95,258.19,3,34.74,23.46
450,50,335.95,258.19,4,4.85,33.20
450,53,335.82,229.67,0,6.43,12.12
450,53,335.82,229.67,1,34.33,1.33
450,53,335.82,229.67,2,28.50,9.89
450,53,335.82,229.67,3,34.74,23.46
450,53,335.82,229.67,4,4.85,33.20
450,54,359.86,9.39,0,6.43,12.12
450,54,359.86,9.39,1,34.33,1.33
450,54,359.86,9.39,2,28.50,9.89
450,54,359.86,9.39,3,34.74,23.46
450,54,359.86,9.39,4,4.85,33.20
450,55,340.45,233.71,0,6.43,12.12
450,55,340.45,233.71,1,34.33,1.33
450,55,340.45,233.71,2,28.50,9.89
450,55,340.45,233.71,3,34.74,23.46
450,55,340.45,233.71,4,4.85,33.20
450,56,353.25,231.25,0,6.43,12.12
450,56,353.25,231.25,1,34.33,1.33
450,56,353.25,231.25,2,28.50,9.89
450,56,353.25,231.25,3,34.74,23.46
450,56,353.25,231.25,4,4.85,33.20
450,57,81.60,132.90,0,6.43,12.12
450,57,81.60,132.90,1,34.33,1.33
450,57,81.60,132.90,2,28.50,9.89
450,57,81.60,132.90,3,34.74,23.46
450,57,81.60,132.90,4,4.85,33.20
450,60,127.11,301.89,0,6.43,12.12
450,60,127.11,301.89,1,34.33,1.33
450,60,127.11,301.89,2,28.50,9.89
450,60,127.11,301.89,3,34.74,23.46
450,60,127.11,301.89,4,4.85,33.20
450,62,40.47,324.94,0,6.43,12.12
450,62,40.47,324.94,1,34.33,1.33
450,62,40.47,324.94,2,28.50,9.89
450,62,40.47,324.94,3,34.74,23.46
450,62,40.47,324.94,4,4.85,33.20
450,63,85.66,125.61,0,6.43,12.12
450,63,85.66,125.61,1,34.33,1.33
450,63,85.66,125.61,2,28.50,9.89
450,63,85.66,125.61,3,34.74,23.46
450,63,85.66,125.61,4,4.85,33.20
450,66,46.73,326.95,0,6.43,12.12
450,66,46.73,326.95,1,34.33,1.33
450,66,46.73,326.95,2,28.50,9.89
450,66,46.73,326.95,3,34.74,23.46
450,66,46.73,326.95,4,4.85,33.20
450,67,68.22,155.28,0,6.43,12.12
450,67,68.22,155.28,1,34.33,1.33
450,67,68.22,155.28,2,28.50,9.89
450,67,68.22,155.28,3,34.74,23.46
450,67,68.22,155.28,4,4.85,33.20
450,68,206.39,345.44,0,6.43,12.12
450,68,206.39,345.44,1,34.33,1.33
450,68,206.39,345.44,2,28.50,9.89
450,68,206.39,345.44,3,34.74,23.46
450,68,206.39,345.44,4,4.85,33.20
450,69,383.62,297.82,0,6.43,12.12
450,69,383.62,297.82,1,34.33,1.33
450,69,383.62,297.82,2,28.50,9.89
450,69,383.62,297.82,3,34.74,23.46
450,69,383.62,297.82,4,4.85,33.20
450,71,43.00,320.50,0,6.43,12.12
450,71,43.00,320.50,1,34.33,1.33
450,71,43.00,320.50,2,28.50,9.89
450,71,43.00,320.50,3,34.74,23.46
450,71,43.00,320.50,4,4.85,33.20
450,72,36.16,324.17,0,6.43,12.12
450,72,36.16,324.17,1,34.33,1.33
450,72,36.16,324.17,2,28.50,9.89
450,72,36.16,324.17,3,34.74,23.46
450,72,36.16,324.17,4,4.85,33.20
450,73,372.73,215.51,0,6.43,12.12
450,73,372.73,215.51,1,34.33,1.33
450,73,372.73,215.51,2,28.50,9.89
450,73,372.73,215.51,3,34.74,23.46
450,73,372.73,215.51,4,4.85,33.20
450,75,253.98,98.53,0,6.43,12.12
450,75,253.98,98.53,1,34.33,1.33
450,75,253.98,98.53,2,28.50,9.89
450,75,253.98,98.53,3,34.74,23.46
450,75,253.98,98.53,4,4.85,33.20
450,76,361.18,198.80,0,6.43,12.12
450,76,361.18,198.80,1,34.33,1.33
450,76,361.18,198.80,2,28.50,9.89
450,76,361.18,198.80,3,34.74,23.46
450,76,361.18,198.80,4,4.85,33.20
450,78,188.02,378.80,0,6.43,12.12
450,78,188.02,378.80,1,34.33,1.33
450,78,188.02,378.80,2,28.50,9.89
450,78,188.02,378.80,3,34.74,23.46
450,78,188.02,378.80,4,4.85,33.20
450,81,276.37,342.81,0,6.43,12.12
450,81,276.37,342.81,1,34.33,1.33
450,81,276.37,342.81,2,28.50,9.89
450,81,276.37,342.81,3,34.74,23.46
450,81,276.37,342.81,4,4.85,33.20
450,82,348.82,175.41,0,6.43,12.12
450,82,348.82,175.41,1,34.33,1.33
450,82,348.82,175.41,2,28.50,9.89
450,82,348.82,175.41,3,34.74,23.46
450,82,348.82,175.41,4,4.85,33.20
450,83,239.62,73.72,0,6.43,12.12
450,83,239.62,73.72,1,34.33,1.33
450,83,239.62,73.72,2,28.50,9.89
450,83,239.62,73.72,3,34.74,23.46
450,83,239.62,73.72,4,4.85,33.20
450,84,257.41,269.00,0,6.43,12.12
450,84,257.41,269.00,1,34.33,1.33
450,84,257.41,269.00,2,28.50,9.89
450,84,257.41,269.00,3,34.74,23.46
450,84,257.41,269.00,4,4.85,33.20
450,85,354.44,216.28,0,6.43,12.12
450,85,354.44,216.28,1,34.33,1.33
450,85,354.44,216.28,2,28.50,9.89
450,85,354.44,216.28,3,34.74,23.46
450,85,354.44,216.28,4,4.85,33.20
450,87,376.02,15.79,0,6.43,12.12
450,87,376.02,15.79,1,34.33,1.33
450,87,376.02,15.79,2,28.50,9.89
450,87,376.02,15.79,3,34.74,23.46
450,87,376.02,15.79,4,4.85,33.20
450,88,122.97,310.61,0,6.43,12.12
450,88,122.97,310.61,1,34.33,1.33
450,88,122.97,310.61,2,28.50,9.89
450,88,122.97,310.61,3,34.74,23.46
450,88,122.97,310.61,4,4.85,33.20
450,89,294.24,94.30,0,6.43,12.12
450,89,294.24,94.30,1,34.33,1.33
450,89,294.24,94.30,2,28.50,9.89
450,89,294.24,94.30,3,34.74,23.46
450,89,294.24,94.30,4,4.85,33.20
450,90,259.27,79.12,0,6.43,12.12
450,90,259.27,79.12,1,34.33,1.33
450,90,259.27,79.12,2,28.50,9.89
450,90,259.27,79.12,3,34.74,23.46
450,90,259.27,79.12,4,4.85,33.20
450,93,285.12,97.88,0,6.43,12.12
450,93,285.12,97.88,1,34.33,1.33
450,93,285.12,97.88,2,28.50,9.89
450,93,285.12,97.88,3,34.74,23.46
450,93,285.12,97.88,4,4.85,33.20
450,94,30.56,316.47,0,6.43,12.12
450,94,30.56,316.47,1,34.33,1.33
450,94,30.56,316.47,2,28.50,9.89
450,94,30.56,316.47,3,34.74,23.46
450,94,30.56,316.47,4,4.85,33.20
450,97,278.70,113.53,0,6.43,12.12
450,97,278.70,113.53,1,34.33,1.33
450,97,278.70,113.53,2,28.50,9.89
450,97,278.70,113.53,3,34.74,23.46
450,97,278.70,113.53,4,4.85,33.20
450,98,354.00,5.00,0,6.43,12.12
450,98,354.00,5.00,1,34.33,1.33
450,98,354.00,5.00,2,28.50,9.89
450,98,354.00,5.00,3,34.74,23.46
450,98,354.00,5.00,4,4.85,33.20
450,102,76.25,129.78,0,6.43,12.12
450,102,76.25,129.78,1,34.33,1.33
450,102,76.25,129.78,2,28.50,9.89
450,102,76.25,129.78,3,34.74,23.46
450,102,76.25,129.78,4,4.85,33.20
450,103,56.90,335.24,0,6.43,12.12
450,103,56.90,335.24,1,34.33,1.33
450,103,56.90,335.24,2,28.50,9.89
450,103,56.90,335.24,3,34.74,23.46
450,103,56.90,335.24,4,4.85,33.20
450,104,367.75,4.31,0,6.43,12.12
450,104,367.75,4.31,1,34.33,1.33
450,104,367.75,4.31,2,28.50,9.89
450,104,367.75,4.31,3,34.74,23.46
450,104,367.75,4.31,4,4.85,33.20
450,106,38.38,300.86,0,6.43,12.12
450,106,38.38,300.86,1,34.33,1.33
450,106,38.38,300.86,2,28.50,9.89
450,106,38.38,300.86,3,34.74,23.46
450,106,38.38,300.86,4,4.85,33.20
450,107,284.16,101.95,0,6.43,12.12
450,107,284.16,101.95,1,34.33,1.33
450,107,284.16,101.95,2,28.50,9.89
450,107,284.16,101.95,3,34.74,23.46
450,107,284.16,101.95,4,4.85,33.20
450,108,54.34,99.76,0,6.43,12.12
450,108,54.34,99.76,1,34.33,1.33
450,108,54.34,99.76,2,28.50,9.89
450,108,54.34,99.76,3,34.74,23.46
450,108,54.34,99.76,4,4.85,33.20
450,110,58.65,314.36,0,6.43,12.12
450,110,58.65,314.36,1,34.33,1.33
450,110,58.65,314.36,2,28.50,9.89
450,110,58.65,314.36,3,34.74,23.46
450,110,58.65,314.36,4,4.85,33.20
450,111,374.03,22.78,0,6.43,12.12
450,111,374.03,22.78,1,34.33,1.33
450,111,374.03,22.78,2,28.50,9.89
450,111,374.03,22.78,3,34.74,23.46
450,111,374.03,22.78,4,4.85,33.20
450,112,260.82,104.27,0,6.43,12.12
450,112,260.82,104.27,1,34.33,1.33
450,112,260.82,104.27,2,28.50,9.89
450,112,260.82,104.27,3,34.74,23.46
450,112,260.82,104.27,4,4.85,33.20
450,113,83.84,121.27,0,6.43,12.12
450,113,83.84,121.27,1,34.33,1.33
450,113,83.84,121.27,2,28.50,9.89
450,113,83.84,121.27,3,34.74,23.46
450,113,83.84,121.27,4,4.85,33.20
450,114,144.57,69.17,0,6.43,12.12
450,114,144.57,69.17,1,34.33,1.33
450,114,144.57,69.17,2,28.50,9.89
450,114,144.57,69.17,3,34.74,23.46
450,114,144.57,69.17,4,4.85,33.20
450,115,364.75,228.15,0,6.43,12.12
450,115,364.75,228.15,1,34.33,1.33
450,115,364.75,228.15,2,28.50,9.89
450,115,364.75,228.15,3,34.74,23.46
450,115,364.75,228.15,4,4.85,33.20
450,116,274.40,101.56,0,6.43,12.12
450,116,274.40,101.56,1,34.33,1.33
450,116,274.40,101.56,2,28.50,9.89
450,116,274.40,101.56,3,34.74,23.46
450,116,274.40,101.56,4,4.85,33.20
450,117,358.04,184.37,0,6.43,12.12
450,117,358.04,184.37,1,34.33,1.33
450,117,358.04,184.37,2,28.50,9.89
450,117,358.04,184.37,3,34.74,23.46
450,117,358.04,184.37,4,4.85,33.20
450,118,80.78,140.10,0,6.43,12.12
450,118,80.78,140.10,1,34.33,1.33
450,118,80.78,140.10,2,28.50,9.89
450,118,80.78,140.10,3,34.74,23.46
450,118,80.78,140.10,4,4.85,33.20
450,119,293.38,108.15,0,6.43,12.12
450,119,293.38,108.15,1,34.33,1.33
450,119,293.38,108.15,2,28.50,9.89
450,119,293.38,108.15,3,34.74,23.46
450,119,293.38,108.15,4,4.85,33.20
450,120,177.58,203.84,0,6.43,12.12
450,120,177.58,203.84,1,34.33,1.33
450,120,177.58,203.84,2,28.50,9.89
450,120,177.58,203.84,3,34.74,23.46
450,120,177.58,203.84,4,4.85,33.20
450,122,93.47,272.34,0,6.43,12.12
450,122,93.47,272.34,1,34.33,1.33
450,122,93.47,272.34,2,28.50,9.89
450,122,93.47,272.34,3,34.74,23.46
450,122,93.47,272.34,4,4.85,33.20
450,123,102.95,315.65,0,6.43,12.12
450,123,102.95,315.65,1,34.33,1.33
450,123,102.95,315.65,2,28.50,9.89
450,123,102.95,315.65,3,34.74,23.46
450,123,102.95,315.65,4,4.85,33.20
450,124,94.92,91.91,0,6.43,12.12
450,124,94.92,91.91,1,34.33,1.33
450,124,94.92,91.91,2,28.50,9.89
450,124,94.92,91.91,3,34.74,23.46
450,124,94.92,91.91,4,4.85,33.20
450,125,357.58,164.56,0,6.43,12.12
450,125,357.58,164.56,1,34.33,1.33
450,125,357.58,164.56,2,28.50,9.89
450,125,357.58,164.56,3,34.74,23.46
450,125,357.58,164.56,4,4.85,33.20
450,128,221.82,353.07,0,6.43,12.12
450,128,221.82,353.07,1,34.33,1.33
450,128,221.82,353.07,2,28.50,9.89
450,128,221.82,353.07,3,34.74,23.46
450,128,221.82,353.07,4,4.85,33.20
450,129,321.79,203.12,0,6.43,12.12
450,129,321.79,203.12,1,34.33,1.33
450,129,321.79,203.12,2,28.50,9.89
450,129,321.79,203.12,3,34.74,23.46
450,129,321.79,203.12,4,4.85,33.20
450,132,361.46,244.56,0,6.43,12.12
450,132,361.46,244.56,1,34.33,1.33
450,132,361.46,244.56,2,28.50,9.89
450,132,361.46,244.56,3,34.74,23.46
450,132,361.46,244.56,4,4.85,33.20
450,135,45.89,305.50,0,6.43,12.12
450,135,45.89,305.50,1,34.33,1.33
450,135,45.89,305.50,2,28.50,9.89
450,135,45.89,305.50,3,34.74,23.46
450,135,45.89,305.50,4,4.85,33.20
450,139,352.11,194.23,0,6.43,12.12
450,139,352.11,194.23,1,34.33,1.33
450,139,352.11,194.23,2,28.50,9.89
450,139,352.11,194.23,3,34.74,23.46
450,139,352.11,194.23,4,4.85,33.20
450,141,358.97,394.04,0,6.43,12.12
450,141,358.97,394.04,1,34.33,1.33
450,141,358.97,394.04,2,28.50,9.89
450,141,358.97,394.04,3,34.74,23.46
450,141,358.97,394.04,4,4.85,33.20
450,143,343.56,294.70,0,6.43,12.12
450,143,343.56,294.70,1,34.33,1.33
450,143,343.56,294.70,2,28.50,9.89
450,143,343.56,294.70,3,34.74,23.46
450,143,343.56,294.70,4,4.85,33.20
450,145,214.51,325.00,0,6.43,12.12
450,145,214.51,325.00,1,34.33,1.33
450,145,214.51,325.00,2,28.50,9.89
450,145,214.51,325.00,3,34.74,23.46
450,145,214.51,325.00,4,4.85,33.20
450,146,89.21,134.84,0,6.43,12.12
450,146,89.21,134.84,1,34.33,1.33
450,146,89.21,134.84,2,28.50,9.89
450,146,89.21,134.84,3,34.74,23.46
450,146,89.21,134.84,4,4.85,33.20
450,148,340.76,224.19,0,6.43,12.12
450,148,340.76,224.19,1,34.33,1.33
450,148,340.76,224.19,2,28.50,9.89
450,148,340.76,224.19,3,34.74,23.46
450,148,340.76,224.19,4,4.85,33.20
450,150,285.44,109.46,0,6.43,12.12
450,150,285.44,109.46,1,34.33,1.33
450,150,285.44,109.46,2,28.50,9.89
450,150,285.44,109.46,3,34.74,23.46
450,150,285.44,109.46,4,4.85,33.20
450,151,260.08,96.18,0,6.43,12.12
450,151,260.08,96.18,1,34.33,1.33
450,151,260.08,96.18,2,28.50,9.89
450,151,260.08,96.18,3,34.74,23.46
450,151,260.08,96.18,4,4.85,33.20
450,155,273.75,108.24,0,6.43,12.12
450,155,273.75,108.24,1,34.33,1.33
450,155,273.75,108.24,2,28.50,9.89
450,155,273.75,108.24,3,34.74,23.46
450,155,273.75,108.24,4,4.85,33.20
450,156,351.99,251.76,0,6.43,12.12
450,156,351.99,251.76,1,34.33,1.33
450,156,351.99,251.76,2,28.50,9.89
450,156,351.99,251.76,3,34.74,23.46
450,156,351.99,251.76,4,4.85,33.20
450,159,355.27,245.27,0,6.43,12.12
450,159,355.27,245.27,1,34.33,1.33
450,159,355.27,245.27,2,28.50,9.89
450,159,355.27,245.27,3,34.74,23.46
450,159,355.27,245.27,4,4.85,33.20
450,160,321.17,385.24,0,6.43,12.12
450,160,321.17,385.24,1,34.33,1.33
450,160,321.17,385.24,2,28.50,9.89
450,160,321.17,385.24,3,34.74,23.46
450,160,321.17,385.24,4,4.85,33.20
450,161,151.27,128.58,0,6.43,12.12
450,161,151.27,128.58,1,34.33,1.33
450,161,151.27,128.58,2,28.50,9.89
450,161,151.27,128.58,3,34.74,23.46
450,161,151.27,128.58,4,4.85,33.20
450,162,302.04,320.86,0,6.43,12.12
450,162,302.04,320.86,1,34.33,1.33
450,162,302.04,320.86,2,28.50,9.89
450,162,302.04,320.86,3,34.74,23.46
450,162,302.04,320.86,4,4.85,33.20
450,163,231.10,117.12,0,6.43,12.12
450,163,231.10,117.12,1,34.33,1.33
450,163,231.10,117.12,2,28.50,9.89
450,163,231.10,117.12,3,34.74,23.46
450,163,231.10,117.12,4,4.85,33.20
450,164,59.86,84.47,0,6.43,12.12
450,164,59.86,84.47,1,34.33,1.33
450,164,59.86,84.47,2,28.50,9.89
450,164,59.86,84.47,3,34.74,23.46
450,164,59.86,84.47,4,4.85,33.20
450,165,82.35,113.20,0,6.43,12.12
450,165,82.35,113.20,1,34.33,1.33
450,165,82.35,113.20,2,28.50,9.89
450,165,82.35,113.20,3,34.74,23.46
450,165,82.35,113.20,4,4.85,33.20
450,166,298.54,356.87,0,6.43,12.12
450,166,298.54,356.87,1,34.33,1.33
450,166,298.54,356.87,2,28.50,9.89
450,166,298.54,356.87,3,34.74,23.46
450,166,298.54,356.87,4,4.85,33.20
450,167,370.08,267.55,0,6.43,12.12
450,167,370.08,267.55,1,34.33,1.33
450,167,370.08,267.55,2,28.50,9.89
450,167,370.08,267.55,3,34.74,23.46
450,167,370.08,267.55,4,4.85,33.20
450,168,185.38,277.60,0,6.43,12.12
450,168,185.38,277.60,1,34.33,1.33
450,168,185.38,277.60,2,28.50,9.89
450,168,185.38,277.60,3,34.74,23.46
450,168,185.38,277.60,4,4.85,33.20
450,169,271.95,93.12,0,6.43,12.12
450,169,271.95,93.12,1,34.33,1.33
450,169,271.95,93.12,2,28.50,9.89
450,169,271.95,93.12,3,34.74,23.46
450,169,271.95,93.12,4,4.85,33.20
450,170,339.77,237.39,0,6.43,12.12
450,170,339.77,237.39,1,34.33,1.33
450,170,339.77,237.39,2,28.50,9.89
450,170,339.77,237.39,3,34.74,23.46
450,170,339.77,237.39,4,4.85,33.20
450,173,372.44,205.95,0,6.43,12.12
450,173,372.44,205.95,1,34.33,1.33
450,173,372.44,205.95,2,28.50,9.89
450,173,372.44,205.95,3,34.74,23.46
450,173,372.44,205.95,4,4.85,33.20
450,174,143.11,229.42,0,6.43,12.12
450,174,143.11,229.42,1,34.33,1.33
450,174,143.11,229.42,2,28.50,9.89
450,174,143.11,229.42,3,34.74,23.46
450,174,143.11,229.42,4,4.85,33.20
450,176,73.07,144.02,0,6.43,12.12
450,176,73.07,144.02,1,34.33,1.33
450,176,73.07,144.02,2,28.50,9.89
450,176,73.07,144.02,3,34.74,23.46
450,176,73.07,144.02,4,4.85,33.20
450,177,197.98,274.45,0,6.43,12.12
450,177,197.98,274.45,1,34.33,1.33
450,177,197.98,274.45,2,28.50,9.89
450,177,197.98,274.45,3,34.74,23.46
450,177,197.98,274.45,4,4.85,33.20
450,178,280.33,98.00,0,6.43,12.12
450,178,280.33,98.00,1,34.33,1.33
450,178,280.33,98.00,2,28.50,9.89
450,178,280.33,98.00,3,34.74,23.46
450,178,280.33,98.00,4,4.85,33.20
450,180,255.50,123.54,0,6.43,12.12
450,180,255.50,123.54,1,34.33,1.33
450,180,255.50,123.54,2,28.50,9.89
450,180,255.50,123.54,3,34.74,23.46
450,180,255.50,123.54,4,4.85,33.20
450,181,59.72,124.74,0,6.43,12.12
450,181,59.72,124.74,1,34.33,1.33
450,181,59.72,124.74,2,28.50,9.89
450,181,59.72,124.74,3,34.74,23.46
450,181,59.72,124.74,4,4.85,33.20
450,184,80.43,107.75,0,6.43,12.12
450,184,80.43,107.75,1,34.33,1.33
450,184,80.43,107.75,2,28.50,9.89
450,184,80.43,107.75,3,34.74,23.46
450,184,80.43,107.75,4,4.85,33.20
450,185,50.00,311.00,0,6.43,12.12
450,185,50.00,311.00,1,34.33,1.33
450,185,50.00,311.00,2,28.50,9.89
450,185,50.00,311.00,3,34.74,23.46
450,185,50.00,311.00,4,4.85,33.20
450,187,76.06,313.48,0,6.43,12.12
450,187,76.06,313.48,1,34.33,1.33
450,187,76.06,313.48,2,28.50,9.89
450,187,76.06,313.48,3,34.74,23.46
450,187,76.06,313.48,4,4.85,33.20
450,190,68.69,101.22,0,6.43,12.12
450,190,68.69,101.22,1,34.33,1.33
450,190,68.69,101.22,2,28.50,9.89
450,190,68.69,101.22,3,34.74,23.46
450,190,68.69,101.22,4,4.85,33.20
450,193,295.54,102.50,0,6.43,12.12
450,193,295.54,102.50,1,34.33,1.33
450,193,295.54,102.50,2,28.50,9.89
450,193,295.54,102.50,3,34.74,23.46
450,193,295.54,102.50,4,4.85,33.20
450,195,58.67,326.07,0,6.43,12.12
450,195,58.67,326.07,1,34.33,1.33
450,195,58.67,326.07,2,28.50,9.89
450,195,58.67,326.07,3,34.74,23.46
450,195,58.67,326.07,4,4.85,33.20
450,199,72.02,127.46,0,6.43,12.12
450,199,72.02,127.46,1,34.33,1.33
450,199,72.02,127.46,2,28.50,9.89
450,199,72.02,127.46,3,34.74,23.46
450,199,72.02,127.46,4,4.85,33.20
450,200,65.73,108.79,0,6.43,12.12
450,200,65.73,108.79,1,34.33,1.33
450,200,65.73,108.79,2,28.50,9.89
450,200,65.73,108.79,3,34.74,23.46
450,200,65.73,108.79,4,4.85,33.20
450,207,30.50,305.13,0,6.43,12.12
450,207,30.50,305.13,1,34.33,1.33
450,207,30.50,305.13,2,28.50,9.89
450,207,30.50,305.13,3,34.74,23.46
450,207,30.50,305.13,4,4.85,33.20
450,211,77.62,343.16,0,6.43,12.12
450,211,77.62,343.16,1,34.33,1.33
450,211,77.62,343.16,2,28.50,9.89
450,211,77.62,343.16,3,34.74,23.46
450,211,77.62,343.16,4,4.85,33.20
450,212,355.41,237.97,0,6.43,12.12
450,212,355.41,237.97,1,34.33,1.33
450,212,355.41,237.97,2,28.50,9.89
450,212,355.41,237.97,3,34.74,23.46
450,212,355.41,237.97,4,4.85,33.20
450,213,360.15,234.90,0,6.43,12.12
450,213,360.15,234.90,1,34.33,1.33
450,213,360.15,234.90,2,28.50,9.89
450,213,360.15,234.90,3,34.74,23.46
450,213,360.15,234.90,4,4.85,33.20
450,214,287.50,99.00,0,6.43,12.12
450,214,287.50,99.00,1,34.33,1.33
450,214,287.50,99.00,2,28.50,9.89
450,214,287.50,99.00,3,34.74,23.46
450,214,287.50,99.00,4,4.85,33.20
450,215,237.78,394.13,0,6.43,12.12
450,215,237.78,394.13,1,34.33,1.33
450,215,237.78,394.13,2,28.50,9.89
450,215,237.78,394.13,3,34.74,23.46
450,215,237.78,394.13,4,4.85,33.20
450,216,237.70,392.12,0,6.43,12.12
450,216,237.70,392.12,1,34.33,1.33
450,216,237.70,392.12,2,28.50,9.89
450,216,237.70,392.12,3,34.74,23.46
450,216,237.70,392.12,4,4.85,33.20
450,217,373.66,8.28,0,6.43,12.12
450,217,373.66,8.28,1,34.33,1.33
450,217,373.66,8.28,2,28.50,9.89
450,217,373.66,8.28,3,34.74,23.46
450,217,373.66,8.28,4,4.85,33.20
450,218,266.25,378.32,0,6.43,12.12
450,218,266.25,378.32,1,34.33,1.33
450,218,266.25,378.32,2,28.50,9.89
450,218,266.25,378.32,3,34.74,23.46
450,218,266.25,378.32,4,4.85,33.20
450,219,62.82,115.27,0,6.43,12.12
450,219,62.82,115.27,1,34.33,1.33
450,219,62.82,115.27,2,28.50,9.89
450,219,62.82,115.27,3,34.74,23.46
450,219,62.82,115.27,4,4.85,33.20
450,226,292.78,121.46,0,6.43,12.12
450,226,292.78,121.46,1,34.33,1.33
450,226,292.78,121.46,2,28.50,9.89
450,226,292.78,121.46,3,34.74,23.46
450,226,292.78,121.46,4,4.85,33.20
450,227,45.00,315.16,0,6.43,12.12
450,227,45.00,315.16,1,34.33,1.33
450,227,45.00,315.16,2,28.50,9.89
450,227,45.00,315.16,3,34.74,23.46
450,227,45.00,315.16,4,4.85,33.20
450,228,280.47,88.68,0,6.43,12.12
450,228,280.47,88.68,1,34.33,1.33
450,228,280.47,88.68,2,28.50,9.89
450,228,280.47,88.68,3,34.74,23.46
450,228,280.47,88.68,4,4.85,33.20
450,229,124.90,112.57,0,6.43,12.12
450,229,124.90,112.57,1,34.33,1.33
450,229,124.90,112.57,2,28.50,9.89
450,229,124.90,112.57,3,34.74,23.46
450,229,124.90,112.57,4,4.85,33.20
450,230,123.91,80.92,0,6.43,12.12
450,230,123.91,80.92,1,34.33,1.33
450,230,123.91,80.92,2,28.50,9.89
450,230,123.91,80.92,3,34.74,23.46
450,230,123.91,80.92,4,4.85,33.20
450,231,309.54,293.92,0,6.43,12.12
450,231,309.54,293.92,1,34.33,1.33
450,231,309.54,293.92,2,28.50,9.89
450,231,309.54,293.92,3,34.74,23.46
450,231,309.54,293.92,4,4.85,33.20
450,232,363.86,21.11,0,6.43,12.12
450,232,363.86,21.11,1,34.33,1.33
450,232,363.86,21.11,2,28.50,9.89
450,232,363.86,21.11,3,34.74,23.46
450,232,363.86,21.11,4,4.85,33.20
450,233,354.50,234.00,0,6.43,12.12
450,233,354.50,234.00,1,34.33,1.33
450,233,354.50,234.00,2,28.50,9.89
450,233,354.50,234.00,3,34.74,23.46
450,233,354.50,234.00,4,4.85,33.20
450,237,149.37,138.43,0,6.43,12.12
450,237,149.37,138.43,1,34.33,1.33
450,237,149.37,138.43,2,28.50,9.89
450,237,149.37,138.43,3,34.74,23.46
450,237,149.37,138.43,4,4.85,33.20
450,238,24.81,310.77,0,6.43,12.12
450,238,24.81,310.77,1,34.33,1.33
450,238,24.81,310.77,2,28.50,9.89
450,238,24.81,310.77,3,34.74,23.46
450,238,24.81,310.77,4,4.85,33.20
450,239,250.18,115.26,0,6.43,12.12
450,239,250.18,115.26,1,34.33,1.33
450,239,250.18,115.26,2,28.50,9.89
450,239,250.18,115.26,3,34.74,23.46
450,239,250.18,115.26,4,4.85,33.20
450,240,94.89,266.14,0,6.43,12.12
450,240,94.89,266.14,1,34.33,1.33
450,240,94.89,266.14,2,28.50,9.89
450,240,94.89,266.14,3,34.74,23.46
450,240,94.89,266.14,4,4.85,33.20
450,241,362.58,222.79,0,6.43,12.12
450,241,362.58,222.79,1,34.33,1.33
450,241,362.58,222.79,2,28.50,9.89
450,241,362.58,222.79,3,34.74,23.46
450,241,362.58,222.79,4,4.85,33.20
450,242,241.98,221.81,0,6.43,12.12
450,242,241.98,221.81,1,34.33,1.33
450,242,241.98,221.81,2,28.50,9.89
450,242,241.98,221.81,3,34.74,23.46
450,242,241.98,221.81,4,4.85,33.20
450,244,131.77,324.01,0,6.43,12.12
450,244,131.77,324.01,1,34.33,1.33
450,244,131.77,324.01,2,28.50,9.89
450,244,131.77,324.01,3,34.74,23.46
450,244,131.77,324.01,4,4.85,33.20
450,245,263.31,114.59,0,6.43,12.12
450,245,263.31,114.59,1,34.33,1.33
450,245,263.31,114.59,2,28.50,9.89
450,245,263.31,114.59,3,34.74,23.46
450,245,263.31,114.59,4,4.85,33.20
450,248,358.99,254.22,0,6.43,12.12
450,248,358.99,254.22,1,34.33,1.33
450,248,358.99,254.22,2,28.50,9.89
450,248,358.99,254.22,3,34.74,23.46
450,248,358.99,254.22,4,4.85,33.20
450,249,387.98,382.05,0,6.43,12.12
450,249,387.98,382.05,1,34.33,1.33
450,249,387.98,382.05,2,28.50,9.89
450,249,387.98,382.05,3,34.74,23.46
450,249,387.98,382.05,4,4.85,33.20
450,250,273.76,282.07,0,6.43,12.12
450,250,273.76,282.07,1,34.33,1.33
450,250,273.76,282.07,2,28.50,9.89
450,250,273.76,282.07,3,34.74,23.46
450,250,273.76,282.07,4,4.85,33.20
450,252,63.04,108.68,0,6.43,12.12
450,252,63.04,108.68,1,34.33,1.33
450,252,63.04,108.68,2,28.50,9.89
450,252,63.04,108.68,3,34.74,23.46
450,252,63.04,108.68,4,4.85,33.20
450,253,341.79,218.28,0,6.43,12.12
450,253,341.79,218.28,1,34.33,1.33
450,253,341.79,218.28,2,28.50,9.89
450,253,341.79,218.28,3,34.74,23.46
450,253,341.79,218.28,4,4.85,33.20
450,254,363.84,206.87,0,6.43,12.12
450,254,363.84,206.87,1,34.33,1.33
450,254,363.84,206.87,2,28.50,9.89
450,254,363.84,206.87,3,34.74,23.46
450,254,363.84,206.87,4,4.85,33.20
450,258,365.67,16.67,0,6.43,12.12
450,258,365.67,16.67,1,34.33,1.33
450,258,365.67,16.67,2,28.50,9.89
450,258,365.67,16.67,3,34.74,23.46
450,258,365.67,16.67,4,4.85,33.20
450,259,90.14,115.47,0,6.43,12.12
450,259,90.14,115.47,1,34.33,1.33
450,259,90.14,115.47,2,28.50,9.89
450,259,90.14,115.47,3,34.74,23.46
450,259,90.14,115.47,4,4.85,33.20
450,260,331.07,341.64,0,6.43,12.12
450,260,331.07,341.64,1,34.33,1.33
450,260,331.07,341.64,2,28.50,9.89
450,260,331.07,341.64,3,34.74,23.46
450,260,331.07,341.64,4,4.85,33.20
450,262,139.36,106.77,0,6.43,12.12
450,262,139.36,106.77,1,34.33,1.33
450,262,139.36,106.77,2,28.50,9.89
450,262,139.36,106.77,3,34.74,23.46
450,262,139.36,106.77,4,4.85,33.20
450,263,129.31,94.62,0,6.43,12.12
450,263,129.31,94.62,1,34.33,1.33
450,263,129.31,94.62,2,28.50,9.89
450,263,129.31,94.62,3,34.74,23.46
450,263,129.31,94.62,4,4.85,33.20
450,264,72.00,123.00,0,6.43,12.12
450,264,72.00,123.00,1,34.33,1.33
450,264,72.00,123.00,2,28.50,9.89
450,264,72.00,123.00,3,34.74,23.46
450,264,72.00,123.00,4,4.85,33.20
450,265,233.15,333.89,0,6.43,12.12
450,265,233.15,333.89,1,34.33,1.33
450,265,233.15,333.89,2,28.50,9.89
450,265,233.15,333.89,3,34.74,23.46
450,265,233.15,333.89,4,4.85,33.20
450,266,57.22,306.48,0,6.43,12.12
450,266,57.22,306.48,1,34.33,1.33
450,266,57.22,306.48,2,28.50,9.89
450,266,57.22,306.48,3,34.74,23.46
450,266,57.22,306.48,4,4.85,33.20
450,267,245.97,81.21,0,6.43,12.12
450,267,245.97,81.21,1,34.33,1.33
450,267,245.97,81.21,2,28.50,9.89
450,267,245.97,81.21,3,34.74,23.46
450,267,245.97,81.21,4,4.85,33.20
450,269,66.55,126.92,0,6.43,12.12
450,269,66.55,126.92,1,34.33,1.33
450,269,66.55,126.92,2,28.50,9.89
450,269,66.55,126.92,3,34.74,23.46
450,269,66.55,126.92,4,4.85,33.20
450,273,37.88,309.76,0,6.43,12.12
450,273,37.88,309.76,1,34.33,1.33
450,273,37.88,309.76,2,28.50,9.89
450,273,37.88,309.76,3,34.74,23.46
450,273,37.88,309.76,4,4.85,33.20
450,274,97.46,71.32,0,6.43,12.12
450,274,97.46,71.32,1,34.33,1.33
450,274,97.46,71.32,2,28.50,9.89
450,274,97.46,71.32,3,34.74,23.46
450,274,97.46,71.32,4,4.85,33.20
450,277,329.26,214.95,0,6.43,12.12
450,277,329.26,214.95,1,34.33,1.33
450,277,329.26,214.95,2,28.50,9.89
450,277,329.26,214.95,3,34.74,23.46
450,277,329.26,214.95,4,4.85,33.20
450,278,50.50,332.76,0,6.43,12.12
450,278,50.50,332.76,1,34.33,1.33
450,278,50.50,332.76,2,28.50,9.89
450,278,50.50,332.76,3,34.74,23.46
450,278,50.50,332.76,4,4.85,33.20
450,279,201.63,394.88,0,6.43,12.12
450,279,201.63,394.88,1,34.33,1.33
450,279,201.63,394.88,2,28.50,9.89
450,279,201.63,394.88,3,34.74,23.46
450,279,201.63,394.88,4,4.85,33.20
450,281,275.36,82.33,0,6.43,12.12
450,281,275.36,82.33,1,34.33,1.33
450,281,275.36,82.33,2,28.50,9.89
450,281,275.36,82.33,3,34.74,23.46
450,281,275.36,82.33,4,4.85,33.20
450,282,354.60,229.88,0,6.43,12.12
450,282,354.60,229.88,1,34.33,1.33
450,282,354.60,229.88,2,28.50,9.89
450,282,354.60,229.88,3,34.74,23.46
450,282,354.60,229.88,4,4.85,33.20
450,283,347.46,218.97,0,6.43,12.12
450,283,347.46,218.97,1,34.33,1.33
450,283,347.46,218.97,2,28.50,9.89
450,283,347.46,218.97,3,34.74,23.46
450,283,347.46,218.97,4,4.85,33.20
450,285,216.71,355.08,0,6.43,12.12
450,285,216.71,355.08,1,34.33,1.33
450,285,216.71,355.08,2,28.50,9.89
450,285,216.71,355.08,3,34.74,23.46
450,285,216.71,355.08,4,4.85,33.20
450,286,268.35,331.04,0,6.43,12.12
450,286,268.35,331.04,1,34.33,1.33
450,286,268.35,331.04,2,28.50,9.89
450,286,268.35,331.04,3,34.74,23.46
450,286,268.35,331.04,4,4.85,33.20
450,288,92.89,63.05,0,6.43,12.12
450,288,92.89,63.05,1,34.33,1.33
450,288,92.89,63.05,2,28.50,9.89
450,288,92.89,63.05,3,34.74,23.46
450,288,92.89,63.05,4,4.85,33.20
450,290,344.90,240.80,0,6.43,12.12
450,290,344.90,240.80,1,34.33,1.33
450,290,344.90,240.80,2,28.50,9.89
450,290,344.90,240.80,3,34.74,23.46
450,290,344.90,240.80,4,4.85,33.20
450,291,73.27,108.24,0,6.43,12.12
450,291,73.27,108.24,1,34.33,1.33
450,291,73.27,108.24,2,28.50,9.89
450,291,73.27,108.24,3,34.74,23.46
450,291,73.27,108.24,4,4.85,33.20
450,292,299.69,280.33,0,6.43,12.12
450,292,299.69,280.33,1,34.33,1.33
450,292,299.69,280.33,2,28.50,9.89
450,292,299.69,280.33,3,34.74,23.46
450,292,299.69,280.33,4,4.85,33.20
450,294,51.73,319.29,0,6.43,12.12
450,294,51.73,319.29,1,34.33,1.33
450,294,51.73,319.29,2,28.50,9.89
450,294,51.73,319.29,3,34.74,23.46
450,294,51.73,319.29,4,4.85,33.20
450,297,361.13,216.15,0,6.43,12.12
450,297,361.13,216.15,1,34.33,1.33
450,297,361.13,216.15,2,28.50,9.89
450,297,361.13,216.15,3,34.74,23.46
450,297,361.13,216.15,4,4.85,33.20
450,298,376.13,27.68,0,6.43,12.12
450,298,376.13,27.68,1,34.33,1.33
450,298,376.13,27.68,2,28.50,9.89
450,298,376.13,27.68,3,34.74,23.46
450,298,376.13,27.68,4,4.85,33.20
450,300,221.65,329.28,0,6.43,12.12
450,300,221.65,329.28,1,34.33,1.33
450,300,221.65,329.28,2,28.50,9.89
450,300,221.65,329.28,3,34.74,23.46
450,300,221.65,329.28,4,4.85,33.20
460,3,154.97,281.53,0,6.05,12.59
460,3,154.97,281.53,1,34.11,2.08
460,3,154.97,281.53,2,28.44,9.98
460,3,154.97,281.53,3,34.84,23.70
460,3,154.97,281.53,4,6.10,32.72
460,6,53.19,306.15,0,6.05,12.59
460,6,53.19,306.15,1,34.11,2.08
460,6,53.19,306.15,2,28.44,9.98
460,6,53.19,306.15,3,34.84,23.70
460,6,53.19,306.15,4,6.10,32.72
460,8,78.76,352.82,0,6.05,12.59
460,8,78.76,352.82,1,34.11,2.08
460,8,78.76,352.82,2,28.44,9.98
460,8,78.76,352.82,3,34.84,23.70
460,8,78.76,352.82,4,6.10,32.72
460,9,335.96,225.82,0,6.05,12.59
460,9,335.96,225.82,1,34.11,2.08
460,9,335.96,225.82,2,28.44,9.98
460,9,335.96,225.82,3,34.84,23.70
460,9,335.96,225.82,4,6.10,32.72
460,11,135.69,116.19,0,6.05,12.59
460,11,135.69,116.19,1,34.11,2.08
460,11,135.69,116.19,2,28.44,9.98
460,11,135.69,116.19,3,34.84,23.70
460,11,135.69,116.19,4,6.10,32.72
460,13,110.95,105.71,0,6.05,12.59
460,13,110.95,105.71,1,34.11,2.08
460,13,110.95,105.71,2,28.44,9.98
460,13,110.95,105.71,3,34.84,23.70
460,13,110.95,105.71,4,6.10,32.72
460,14,32.43,326.81,0,6.05,12.59
460,14,32.43,326.81,1,34.11,2.08
460,14,32.43,326.81,2,28.44,9.98
460,14,32.43,326.81,3,34.84,23.70
460,14,32.43,326.81,4,6.10,32.72
460,18,121.85,332.98,0,6.05,12.59
460,18,121.85,332.98,1,34.11,2.08
460,18,121.85,332.98,2,28.44,9.98
460,18,121.85,332.98,3,34.84,23.70
460,18,121.85,332.98,4,6.10,32.72
460,20,208.65,388.77,0,6.05,12.59
460,20,208.65,388.77,1,34.11,2.08
460,20,208.65,388.77,2,28.44,9.98
460,20,208.65,388.77,3,34.84,23.70
460,20,208.65,388.77,4,6.10,32.72
460,21,375.60,191.62,0,6.05,12.59
460,21,375.60,191.62,1,34.11,2.08
460,21,375.60,191.62,2,28.44,9.98
460,21,375.60,191.62,3,34.84,23.70
460,21,375.60,191.62,4,6.10,32.72
460,22,291.83,392.05,0,6.05,12.59
460,22,291.83,392.05,1,34.11,2.08
460,22,291.83,392.05,2,28.44,9.98
460,22,291.83,392.05,3,34.84,23.70
460,22,291.83,392.05,4,6.10,32.72
460,24,106.52,99.48,0,6.05,12.59
460,24,106.52,99.48,1,34.11,2.08
460,24,106.52,99.48,2,28.44,9.98
460,24,106.52,99.48,3,34.84,23.70
460,24,106.52,99.48,4,6.10,32.72
460,26,287.71,88.70,0,6.05,12.59
460,26,287.71,88.70,1,34.11,2.08
460,26,287.71,88.70,2,28.44,9.98
460,26,287.71,88.70,3,34.84,23.70
460,26,287.71,88.70,4,6.10,32.72
460,28,375.12,301.14,0,6.05,12.59
460,28,375.12,301.14,1,34.11,2.08
460,28,375.12,301.14,2,28.44,9.98
460,28,375.12,301.14,3,34.84,23.70
460,28,375.12,301.14,4,6.10,32.72
460,29,87.04,293.85,0,6.05,12.59
460,29,87.04,293.85,1,34.11,2.08
460,29,87.04,293.85,2,28.44,9.98
460,29,87.04,293.85,3,34.84,23.70
460,29,87.04,293.85,4,6.10,32.72
460,31,270.88,86.06,0,6.05,12.59
460,31,270.88,86.06,1,34.11,2.08
460,31,270.88,86.06,2,28.44,9.98
460,31,270.88,86.06,3,34.84,23.70
460,31,270.88,86.06,4,6.10,32.72
460,36,46.85,323.31,0,6.05,12.59
460,36,46.85,323.31,1,34.11,2.08
460,36,46.85,323.31,2,28.44,9.98
460,36,46.85,323.31,3,34.84,23.70
460,36,46.85,323.31,4,6.10,32.72
460,38,79.91,269.40,0,6.05,12.59
460,38,79.91,269.40,1,34.11,2.08
460,38,79.91,269.40,2,28.44,9.98
460,38,79.91,269.40,3,34.84,23.70
460,38,79.91,269.40,4,6.10,32.72
460,39,86.32,144.77,0,6.05,12.59
460,39,86.32,144.77,1,34.11,2.08
460,39,86.32,144.77,2,28.44,9.98
460,39,86.32,144.77,3,34.84,23.70
460,39,86.32,144.77,4,6.10,32.72
460,41,299.07,271.15,0,6.05,12.59
460,41,299.07,271.15,1,34.11,2.08
460,41,299.07,271.15,2,28.44,9.98
460,41,299.07,271.15,3,34.84,23.70
460,41,299.07,271.15,4,6.10,32.72
460,49,271.32,103.82,0,6.05,12.59
460,49,271.32,103.82,1,34.11,2.08
460,49,271.32,103.82,2,28.44,9.98
460,49,271.32,103.82,3,34.84,23.70
460,49,271.32,103.82,4,6.10,32.72
460,50,337.22,256.46,0,6.05,12.59
460,50,337.22,256.46,1,34.11,2.08
460,50,337.22,256.46,2,28.44,9.98
460,50,337.22,256.46,3,34.84,23.70
460,50,337.22,256.46,4,6.10,32.72
460,53,334.42,230.20,0,6.05,12.59
460,53,334.42,230.20,1,34.11,2.08
460,53,334.42,230.20,2,28.44,9.98
460,53,334.42,230.20,3,34.84,23.70
460,53,334.42,230.20,4,6.10,32.72
460,54,356.83,8.84,0,6.05,12.59
460,54,356.83,8.84,1,34.11,2.08
460,54,356.83,8.84,2,28.44,9.98
460,54,356.83,8.84,3,34.84,23.70
460,54,356.83,8.84,4,6.10,32.72
460,55,339.21,234.52,0,6.05,12.59
460,55,339.21,234.52,1,34.11,2.08
460,55,339.21,234.52,2,28.44,9.98
460,55,339.21,234.52,3,34.84,23.70
460,55,339.21,234.52,4,6.10,32.72
460,57,78.33,131.89,0,6.05,12.59
460,57,78.33,131.89,1,34.11,2.08
460,57,78.33,131.89,2,28.44,9.98
460,57,78.33,131.89,3,34.84,23.70
460,57,78.33,131.89,4,6.10,32.72
460,60,126.07,301.63,0,6.05,12.59
460,60,126.07,301.63,1,34.11,2.08
460,60,126.07,301.63,2,28.44,9.98
460,60,126.07,301.63,3,34.84,23.70
460,60,126.07,301.63,4,6.10,32.72
460,62,42.27,328.53,0,6.05,12.59
460,62,42.27,328.53,1,34.11,2.08
460,62,42.27,328.53,2,28.44,9.98
460,62,42.27,328.53,3,34.84,23.70
460,62,42.27,328.53,4,6.10,32.72
460,63,84.82,125.45,0,6.05,12.59
460,63,84.82,125.45,1,34.11,2.08
460,63,84.82,125.45,2,28.44,9.98
460,63,84.82,125.45,3,34.84,23.70
460,63,84.82,125.45,4,6.10,32.72
460,66,48.13,329.14,0,6.05,12.59
460,66,48.13,329.14,1,34.11,2.08
460,66,48.13,329.14,2,28.44,9.98
460,66,48.13,329.14,3,34.84,23.70
460,66,48.13,329.14,4,6.10,32.72
460,67,67.18,152.54,0,6.05,12.59
460,67,67.18,152.54,1,34.11,2.08
460,67,67.18,152.54,2,28.44,9.98
460,67,67.18,152.54,3,34.84,23.70
460,67,67.18,152.54,4,6.10,32.72
460,68,203.90,344.51,0,6.05,12.59
460,68,203.90,344.51,1,34.11,2.08
460,68,203.90,344.51,2,28.44,9.98
460,68,203.90,344.51,3,34.84,23.70
460,68,203.90,344.51,4,6.10,32.72
460,69,381.94,294.66,0,6.05,12.59
460,69,381.94,294.66,1,34.11,2.08
460,69,381.94,294.66,2,28.44,9.98
460,69,381.94,294.66,3,34.84,23.70
460,69,381.94,294.66,4,6.10,32.72
460,72,38.57,325.21,0,6.05,12.59
460,72,38.57,325.21,1,34.11,2.08
460,72,38.57,325.21,2,28.44,9.98
460,72,38.57,325.21,3,34.84,23.70
460,72,38.57,325.21,4,6.10,32.72
460,73,370.39,217.99,0,6.05,12.59
460,73,370.39,217.99,1,34.11,2.08
460,73,370.39,217.99,2,28.44,9.98
460,73,370.39,217.99,3,34.84,23.70
460,73,370.39,217.99,4,6.10,32.72
460,75,253.10,98.34,0,6.05,12.59
460,75,253.10,98.34,1,34.11,2.08
460,75,253.10,98.34,2,28.44,9.98
460,75,253.10,98.34,3,34.84,23.70
460,75,253.10,98.34,4,6.10,32.72
460,76,360.40,198.35,0,6.05,12.59
460,76,360.40,198.35,1,34.11,2.08
460,76,360.40,198.35,2,28.44,9.98
460,76,360.40,198.35,3,34.84,23.70
460,76,360.40,198.35,4,6.10,32.72
460,78,186.45,378.79,0,6.05,12.59
460,78,186.45,378.79,1,34.11,2.08
460,78,186.45,378.79,2,28.44,9.98
460,78,186.45,378.79,3,34.84,23.70
460,78,186.45,378.79,4,6.10,32.72
460,81,277.40,340.75,0,6.05,12.59
460,81,277.40,340.75,1,34.11,2.08
460,81,277.40,340.75,2,28.44,9.98
460,81,277.40,340.75,3,34.84,23.70
460,81,277.40,340.75,4,6.10,32.72
460,82,349.75,177.73,0,6.05,12.59
460,82,349.75,177.73,1,34.11,2.08
460,82,349.75,177.73,2,28.44,9.98
460,82,349.75,177.73,3,34.84,23.70
460,82,349.75,177.73,4,6.10,32.72
460,83,243.27,74.94,0,6.05,12.59
460,83,243.27,74.94,1,34.11,2.08
460,83,243.27,74.94,2,28.44,9.98
460,83,243.27,74.94,3,34.84,23.70
460,83,243.27,74.94,4,6.10,32.72
460,84,260.23,268.22,0,6.05,12.59
460,84,260.23,268.22,1,34.11,2.08
460,84,260.23,268.22,2,28.44,9.98
460,84,260.23,268.22,3,34.84,23.70
460,84,260.23,268.22,4,6.10,32.72
460,85,353.39,218.25,0,6.05,12.59
460,85,353.39,218.25,1,34.11,2.08
460,85,353.39,218.25,2,28.44,9.98
460,85,353.39,218.25,3,34.84,23.70
460,85,353.39,218.25,4,6.10,32.72
460,87,371.18,15.26,0,6.05,12.59
460,87,371.18,15.26,1,34.11,2.08
460,87,371.18,15.26,2,28.44,9.98
460,87,371.18,15.26,3,34.84,23.70
460,87,371.18,15.26,4,6.10,32.72
460,88,120.30,310.78,0,6.05,12.59
460,88,120.30,310.78,1,34.11,2.08
460,88,120.30,310.78,2,28.44,9.98
460,88,120.30,310.78,3,34.84,23.70
460,88,120.30,310.78,4,6.10,32.72
460,89,293.49,94.61,0,6.05,12.59
460,89,293.49,94.61,1,34.11,2.08
460,89,293.49,94.61,2,28.44,9.98
460,89,293.49,94.61,3,34.84,23.70
460,89,293.49,94.61,4,6.10,32.72
460,90,261.20,78.63,0,6.05,12.59
460,90,261.20,78.63,1,34.11,2.08
460,90,261.20,78.63,2,28.44,9.98
460,90,261.20,78.63,3,34.84,23.70
460,90,261.20,78.63,4,6.10,32.72
460,93,287.78,98.33,0,6.05,12.59
460,93,287.78,98.33,1,34.11,2.08
460,93,287.78,98.33,2,28.44,9.98
460,93,287.78,98.33,3,34.84,23.70
460,93,287.78,98.33,4,6.10,32.72
460,94,30.44,320.07,0,6.05,12.59
460,94,30.44,320.07,1,34.11,2.08
460,94,30.44,320.07,2,28.44,9.98
460,94,30.44,320.07,3,34.84,23.70
460,94,30.44,320.07,4,6.10,32.72
460,97,279.17,112.67,0,6.05,12.59
460,97,279.17,112.67,1,34.11,2.08
460,97,279.17,112.67,2,28.44,9.98
460,97,279.17,112.67,3,34.84,23.70
460,97,279.17,112.67,4,6.10,32.72
460,98,350.83,6.19,0,6.05,12.59
460,98,350.83,6.19,1,34.11,2.08
460,98,350.83,6.19,2,28.44,9.98
460,98,350.83,6.19,3,34.84,23.70
460,98,350.83,6.19,4,6.10,32.72
460,102,72.82,129.95,0,6.05,12.59
460,102,72.82,129.95,1,34.11,2.08
460,102,72.82,129.95,2,28.44,9.98
460,102,72.82,129.95,3,34.84,23.70
460,102,72.82,129.95,4,6.10,32.72
460,103,57.96,334.77,0,6.05,12.59
460,103,57.96,334.77,1,34.11,2.08
460,103,57.96,334.77,2,28.44,9.98
460,103,57.96,334.77,3,34.84,23.70
460,103,57.96,334.77,4,6.10,32.72
460,104,366.24,3.08,0,6.05,12.59
460,104,366.24,3.08,1,34.11,2.08
460,104,366.24,3.08,2,28.44,9.98
460,104,366.24,3.08,3,34.84,23.70
460,104,366.24,3.08,4,6.10,32.72
460,106,39.82,303.54,0,6.05,12.59
460,106,39.82,303.54,1,34.11,2.08
460,106,39.82,303.54,2,28.44,9.98
460,106,39.82,303.54,3,34.84,23.70
460,106,39.82,303.54,4,6.10,32.72
460,107,284.48,101.43,0,6.05,12.59
460,107,284.48,101.43,1,34.11,2.08
460,107,284.48,101.43,2,28.44,9.98
460,107,284.48,101.43,3,34.84,23.70
460,107,284.48,101.43,4,6.10,32.72
460,108,55.66,102.26,0,6.05,12.59
460,108,55.66,102.26,1,34.11,2.08
460,108,55.66,102.26,2,28.44,9.98
460,108,55.66,102.26,3,34.84,23.70
460,108,55.66,102.26,4,6.10,32.72
460,110,58.20,318.00,0,6.05,12.59
460,110,58.20,318.00,1,34.11,2.08
460,110,58.20,318.00,2,28.44,9.98
460,110,58.20,318.00,3,34.84,23.70
460,110,58.20,318.00,4,6.10,32.72
460,111,369.42,20.64,0,6.05,12.59
460,111,369.42,20.64,1,34.11,2.08
460,111,369.42,20.64,2,28.44,9.98
460,111,369.42,20.64,3,34.84,23.70
460,111,369.42,20.64,4,6.10,32.72
460,112,261.16,104.83,0,6.05,12.59
460,112,261.16,104.83,1,34.11,2.08
460,112,261.16,104.83,2,28.44,9.98
460,112,261.16,104.83,3,34.84,23.70
460,112,261.16,104.83,4,6.10,32.72
460,113,80.84,121.76,0,6.05,12.59
460,113,80.84,121.76,1,34.11,2.08
460,113,80.84,121.76,2,28.44,9.98
460,113,80.84,121.76,3,34.84,23.70
460,113,80.84,121.76,4,6.10,32.72
460,114,143.17,70.56,0,6.05,12.59
460,114,143.17,70.56,1,34.11,2.08
460,114,143.17,70.56,2,28.44,9.98
460,114,143.17,70.56,3,34.84,23.70
460,114,143.17,70.56,4,6.10,32.72
460,115,363.70,229.56,0,6.05,12.59
460,115,363.70,229.56,1,34.11,2.08
460,115,363.70,229.56,2,28.44,9.98
460,115,363.70,229.56,3,34.84,23.70
460,115,363.70,229.56,4,6.10,32.72
460,116,276.21,102.00,0,6.05,12.59
460,116,276.21,102.00,1,34.11,2.08
460,116,276.21,102.00,2,28.44,9.98
460,116,276.21,102.00,3,34.84,23.70
460,116,276.21,102.00,4,6.10,32.72
460,117,357.56,187.87,0,6.05,12.59
460,117,357.56,187.87,1,34.11,2.08
460,117,357.56,187.87,2,28.44,9.98
460,117,357.56,187.87,3,34.84,23.70
460,117,357.56,187.87,4,6.10,32.72
460,118,78.00,137.63,0,6.05,12.59
460,118,78.00,137.63,1,34.11,2.08
460,118,78.00,137.63,2,28.44,9.98
460,118,78.00,137.63,3,34.84,23.70
460,118,78.00,137.63,4,6.10,32.72
460,119,294.87,109.31,0,6.05,12.59
460,119,294.87,109.31,1,34.11,2.08
460,119,294.87,109.31,2,28.44,9.98
460,119,294.87,109.31,3,34.84,23.70
460,119,294.87,109.31,4,6.10,32.72
460,120,177.30,201.85,0,6.05,12.59
460,120,177.30,201.85,1,34.11,2.08
460,120,177.30,201.85,2,28.44,9.98
460,120,177.30,201.85,3,34.84,23.70
460,120,177.30,201.85,4,6.10,32.72
460,122,90.87,273.88,0,6.05,12.59
460,122,90.87,273.88,1,34.11,2.08
460,122,90.87,273.88,2,28.44,9.98
460,122,90.87,273.88,3,34.84,23.70
460,122,90.87,273.88,4,6.10,32.72
460,123,99.99,316.33,0,6.05,12.59
460,123,99.99,316.33,1,34.11,2.08
460,123,99.99,316.33,2,28.44,9.98
460,123,99.99,316.33,3,34.84,23.70
460,123,99.99,316.33,4,6.10,32.72
460,124,92.83,93.48,0,6.05,12.59
460,124,92.83,93.48,1,34.11,2.08
460,124,92.83,93.48,2,28.44,9.98
460,124,92.83,93.48,3,34.84,23.70
460,124,92.83,93.48,4,6.10,32.72
460,125,356.05,167.00,0,6.05,12.59
460,125,356.05,167.00,1,34.11,2.08
460,125,356.05,167.00,2,28.44,9.98
460,125,356.05,167.00,3,34.84,23.70
460,125,356.05,167.00,4,6.10,32.72
460,128,221.15,354.57,0,6.05,12.59
460,128,221.15,354.57,1,34.11,2.08
460,128,221.15,354.57,2,28.44,9.98
460,128,221.15,354.57,3,34.84,23.70
460,128,221.15,354.57,4,6.10,32.72
460,129,321.85,204.96,0,6.05,12.59
460,129,321.85,204.96,1,34.11,2.08
460,129,321.85,204.96,2,28.44,9.98
460,129,321.85,204.96,3,34.84,23.70
460,129,321.85,204.96,4,6.10,32.72
460,132,362.02,245.46,0,6.05,12.59
460,132,362.02,245.46,1,34.11,2.08
460,132,362.02,245.46,2,28.44,9.98
460,132,362.02,245.46,3,34.84,23.70
460,132,362.02,245.46,4,6.10,32.72
460,135,47.49,309.64,0,6.05,12.59
460,135,47.49,309.64,1,34.11,2.08
460,135,47.49,309.64,2,28.44,9.98
460,135,47.49,309.64,3,34.84,23.70
460,135,47.49,309.64,4,6.10,32.72
460,139,350.30,198.15,0,6.05,12.59
460,139,350.30,198.15,1,34.11,2.08
460,139,350.30,198.15,2,28.44,9.98
460,139,350.30,198.15,3,34.84,23.70
460,139,350.30,198.15,4,6.10,32.72
460,141,359.30,393.22,0,6.05,12.59
460,141,359.30,393.22,1,34.11,2.08
460,141,359.30,393.22,2,28.44,9.98
460,141,359.30,393.22,3,34.84,23.70
460,141,359.30,393.22,4,6.10,32.72
460,143,343.92,292.35,0,6.05,12.59
460,143,343.92,292.35,1,34.11,2.08
460,143,343.92,292.35,2,28.44,9.98
460,143,343.92,292.35,3,34.84,23.70
460,143,343.92,292.35,4,6.10,32.72
460,145,213.32,324.30,0,6.05,12.59
460,145,213.32,324.30,1,34.11,2.08
460,145,213.32,324.30,2,28.44,9.98
460,145,213.32,324.30,3,34.84,23.70
460,145,213.32,324.30,4,6.10,32.72
460,146,85.13,132.87,0,6.05,12.59
460,146,85.13,132.87,1,34.11,2.08
460,146,85.13,132.87,2,28.44,9.98
460,146,85.13,132.87,3,34.84,23.70
460,146,85.13,132.87,4,6.10,32.72
460,148,341.17,223.42,0,6.05,12.59
460,148,341.17,223.42,1,34.11,2.08
460,148,341.17,223.42,2,28.44,9.98
460,148,341.17,223.42,3,34.84,23.70
460,148,341.17,223.42,4,6.10,32.72
460,150,284.91,107.26,0,6.05,12.59
460,150,284.91,107.26,1,34.11,2.08
460,150,284.91,107.26,2,28.44,9.98
460,150,284.91,107.26,3,34.84,23.70
460,150,284.91,107.26,4,6.10,32.72
460,151,262.96,96.65,0,6.05,12.59
460,151,262.96,96.65,1,34.11,2.08
460,151,262.96,96.65,2,28.44,9.98
460,151,262.96,96.65,3,34.84,23.70
460,151,262.96,96.65,4,6.10,32.72
460,155,275.79,108.04,0,6.05,12.59
460,155,275.79,108.04,1,34.11,2.08
460,155,275.79,108.04,2,28.44,9.98
460,155,275.79,108.04,3,34.84,23.70
460,155,275.79,108.04,4,6.10,32.72
460,156,351.39,252.98,0,6.05,12.59
460,156,351.39,252.98,1,34.11,2.08
460,156,351.39,252.98,2,28.44,9.98
460,156,351.39,252.98,3,34.84,23.70
460,156,351.39,252.98,4,6.10,32.72
460,159,353.30,241.70,0,6.05,12.59
460,159,353.30,241.70,1,34.11,2.08
460,159,353.30,241.70,2,28.44,9.98
460,159,353.30,241.70,3,34.84,23.70
460,159,353.30,241.70,4,6.10,32.72
460,160,318.86,387.40,0,6.05,12.59
460,160,318.86,387.40,1,34.11,2.08
460,160,318.86,387.40,2,28.44,9.98
460,160,318.86,387.40,3,34.84,23.70
460,160,318.86,387.40,4,6.10,32.72
460,161,148.73,128.60,0,6.05,12.59
460,161,148.73,128.60,1,34.11,2.08
460,161,148.73,128.60,2,28.44,9.98
460,161,148.73,128.60,3,34.84,23.70
460,161,148.73,128.60,4,6.10,32.72
460,162,303.56,319.58,0,6.05,12.59
460,162,303.56,319.58,1,34.11,2.08
460,162,303.56,319.58,2,28.44,9.98
460,162,303.56,319.58,3,34.84,23.70
460,162,303.56,319.58,4,6.10,32.72
460,163,234.27,115.27,0,6.05,12.59
460,163,234.27,115.27,1,34.11,2.08
460,163,234.27,115.27,2,28.44,9.98
460,163,234.27,115.27,3,34.84,23.70
460,163,234.27,115.27,4,6.10,32.72
460,164,60.43,86.18,0,6.05,12.59
460,164,60.43,86.18,1,34.11,2.08
460,164,60.43,86.18,2,28.44,9.98
460,164,60.43,86.18,3,34.84,23.70
460,164,60.43,86.18,4,6.10,32.72
460,165,80.17,114.08,0,6.05,12.59
460,165,80.17,114.08,1,34.11,2.08
460,165,80.17,114.08,2,28.44,9.98
460,165,80.17,114.08,3,34.84,23.70
460,165,80.17,114.08,4,6.10,32.72
460,166,299.15,354.32,0,6.05,12.59
460,166,299.15,354.32,1,34.11,2.08
460,166,299.15,354.32,2,28.44,9.98
460,166,299.15,354.32,3,34.84,23.70
460,166,299.15,354.32,4,6.10,32.72
460,167,367.62,264.37,0,6.05,12.59
460,167,367.62,264.37,1,34.11,2.08
460,167,367.62,264.37,2,28.44,9.98
460,167,367.62,264.37,3,34.84,23.70
460,167,367.62,264.37,4,6.10,32.72
460,168,182.44,276.93,0,6.05,12.59
460,168,182.44,276.93,1,34.11,2.08
460,168,182.44,276.93,2,28.44,9.98
460,168,182.44,276.93,3,34.84,23.70
460,168,182.44,276.93,4,6.10,32.72
460,169,273.43,93.94,0,6.05,12.59
460,169,273.43,93.94,1,34.11,2.08
460,169,273.43,93.94,2,28.44,9.98
460,169,273.43,93.94,3,34.84,23.70
460,169,273.43,93.94,4,6.10,32.72
460,170,342.13,237.30,0,6.05,12.59
460,170,342.13,237.30,1,34.11,2.08
460,170,342.13,237.30,2,28.44,9.98
460,170,342.13,237.30,3,34.84,23.70
460,170,342.13,237.30,4,6.10,32.72
460,173,371.95,207.12,0,6.05,12.59
460,173,371.95,207.12,1,34.11,2.08
460,173,371.95,207.12,2,28.44,9.98
460,173,371.95,207.12,3,34.84,23.70
460,173,371.95,207.12,4,6.10,32.72
460,174,141.57,231.00,0,6.05,12.59
460,174,141.57,231.00,1,34.11,2.08
460,174,141.57,231.00,2,28.44,9.98
460,174,141.57,231.00,3,34.84,23.70
460,174,141.57,231.00,4,6.10,32.72
460,176,73.72,142.38,0,6.05,12.59
460,176,73.72,142.38,1,34.11,2.08
460,176,73.72,142.38,2,28.44,9.98
460,176,73.72,142.38,3,34.84,23.70
460,176,73.72,142.38,4,6.10,32.72
460,177,197.62,275.38,0,6.05,12.59
460,177,197.62,275.38,1,34.11,2.08
460,177,197.62,275.38,2,28.44,9.98
460,177,197.62,275.38,3,34.84,23.70
460,177,197.62,275.38,4,6.10,32.72
460,178,284.29,98.71,0,6.05,12.59
460,178,284.29,98.71,1,34.11,2.08
460,178,284.29,98.71,2,28.44,9.98
460,178,284.29,98.71,3,34.84,23.70
460,178,284.29,98.71,4,6.10,32.72
460,180,257.24,121.32,0,6.05,12.59
460,180,257.24,121.32,1,34.11,2.08
460,180,257.24,121.32,2,28.44,9.98
460,180,257.24,121.32,3,34.84,23.70
460,180,257.24,121.32,4,6.10,32.72
460,181,58.08,125.10,0,6.05,12.59
460,181,58.08,125.10,1,34.11,2.08
460,181,58.08,125.10,2,28.44,9.98
460,181,58.08,125.10,3,34.84,23.70
460,181,58.08,125.10,4,6.10,32.72
460,184,78.66,108.96,0,6.05,12.59
460,184,78.66,108.96,1,34.11,2.08
460,184,78.66,108.96,2,28.44,9.98
460,184,78.66,108.96,3,34.84,23.70
460,184,78.66,108.96,4,6.10,32.72
460,187,72.68,314.52,0,6.05,12.59
460,187,72.68,314.52,1,34.11,2.08
460,187,72.68,314.52,2,28.44,9.98
460,187,72.68,314.52,3,34.84,23.70
460,187,72.68,314.52,4,6.10,32.72
460,190,67.19,102.14,0,6.05,12.59
460,190,67.19,102.14,1,34.11,2.08
460,190,67.19,102.14,2,28.44,9.98
460,190,67.19,102.14,3,34.84,23.70
460,190,67.19,102.14,4,6.10,32.72
460,193,295.14,102.41,0,6.05,12.59
460,193,295.14,102.41,1,34.11,2.08
460,193,295.14,102.41,2,28.44,9.98
460,193,295.14,102.41,3,34.84,23.70
460,193,295.14,102.41,4,6.10,32.72
460,195,59.06,326.90,0,6.05,12.59
460,195,59.06,326.90,1,34.11,2.08
460,195,59.06,326.90,2,28.44,9.98
460,195,59.06,326.90,3,34.84,23.70
460,195,59.06,326.90,4,6.10,32.72
460,199,69.30,127.21,0,6.05,12.59
460,199,69.30,127.21,1,34.11,2.08
460,199,69.30,127.21,2,28.44,9.98
460,199,69.30,127.21,3,34.84,23.70
460,199,69.30,127.21,4,6.10,32.72
460,200,63.50,110.83,0,6.05,12.59
460,200,63.50,110.83,1,34.11,2.08
460,200,63.50,110.83,2,28.44,9.98
460,200,63.50,110.83,3,34.84,23.70
460,200,63.50,110.83,4,6.10,32.72
460,207,32.97,307.22,0,6.05,12.59
460,207,32.97,307.22,1,34.11,2.08
460,207,32.97,307.22,2,28.44,9.98
460,207,32.97,307.22,3,34.84,23.70
460,207,32.97,307.22,4,6.10,32.72
460,211,75.91,340.81,0,6.05,12.59
460,211,75.91,340.81,1,34.11,2.08
460,211,75.91,340.81,2,28.44,9.98
460,211,75.91,340.81,3,34.84,23.70
460,211,75.91,340.81,4,6.10,32.72
460,212,352.47,237.12,0,6.05,12.59
460,212,352.47,237.12,1,34.11,2.08
460,212,352.47,237.12,2,28.44,9.98
460,212,352.47,237.12,3,34.84,23.70
460,212,352.47,237.12,4,6.10,32.72
460,213,360.70,235.88,0,6.05,12.59
460,213,360.70,235.88,1,34.11,2.08
460,213,360.70,235.88,2,28.44,9.98
460,213,360.70,235.88,3,34.84,23.70
460,213,360.70,235.88,4,6.10,32.72
460,215,237.98,393.43,0,6.05,12.59
460,215,237.98,393.43,1,34.11,2.08
460,215,237.98,393.43,2,28.44,9.98
460,215,237.98,393.43,3,34.84,23.70
460,215,237.98,393.43,4,6.10,32.72
460,216,234.96,391.26,0,6.05,12.59
460,216,234.96,391.26,1,34.11,2.08
460,216,234.96,391.26,2,28.44,9.98
460,216,234.96,391.26,3,34.84,23.70
460,216,234.96,391.26,4,6.10,32.72
460,217,373.34,8.66,0,6.05,12.59
460,217,373.34,8.66,1,34.11,2.08
460,217,373.34,8.66,2,28.44,9.98
460,217,373.34,8.66,3,34.84,23.70
460,217,373.34,8.66,4,6.10,32.72
460,218,265.48,375.85,0,6.05,12.59
460,218,265.48,375.85,1,34.11,2.08
460,218,265.48,375.85,2,28.44,9.98
460,218,265.48,375.85,3,34.84,23.70
460,218,265.48,375.85,4,6.10,32.72
460,219,61.66,117.16,0,6.05,12.59
460,219,61.66,117.16,1,34.11,2.08
460,219,61.66,117.16,2,28.44,9.98
460,219,61.66,117.16,3,34.84,23.70
460,219,61.66,117.16,4,6.10,32.72
460,226,292.13,118.80,0,6.05,12.59
460,226,292.13,118.80,1,34.11,2.08
460,226,292.13,118.80,2,28.44,9.98
460,226,292.13,118.80,3,34.84,23.70
460,226,292.13,118.80,4,6.10,32.72
460,227,47.71,319.19,0,6.05,12.59
460,227,47.71,319.19,1,34.11,2.08
460,227,47.71,319.19,2,28.44,9.98
460,227,47.71,319.19,3,34.84,23.70
460,227,47.71,319.19,4,6.10,32.72
460,228,282.29,90.15,0,6.05,12.59
460,228,282.29,90.15,1,34.11,2.08
460,228,282.29,90.15,2,28.44,9.98
460,228,282.29,90.15,3,34.84,23.70
460,228,282.29,90.15,4,6.10,32.72
460,229,123.33,114.17,0,6.05,12.59
460,229,123.33,114.17,1,34.11,2.08
460,229,123.33,114.17,2,28.44,9.98
460,229,123.33,114.17,3,34.84,23.70
460,229,123.33,114.17,4,6.10,32.72
460,230,121.38,82.10,0,6.05,12.59
460,230,121.38,82.10,1,34.11,2.08
460,230,121.38,82.10,2,28.44,9.98
460,230,121.38,82.10,3,34.84,23.70
460,230,121.38,82.10,4,6.10,32.72
460,231,310.52,290.57,0,6.05,12.59
460,231,310.52,290.57,1,34.11,2.08
460,231,310.52,290.57,2,28.44,9.98
460,231,310.52,290.57,3,34.84,23.70
460,231,310.52,290.57,4,6.10,32.72
460,232,361.89,21.89,0,6.05,12.59
460,232,361.89,21.89,1,34.11,2.08
460,232,361.89,21.89,2,28.44,9.98
460,232,361.89,21.89,3,34.84,23.70
460,232,361.89,21.89,4,6.10,32.72
460,233,351.25,232.67,0,6.05,12.59
460,233,351.25,232.67,1,34.11,2.08
460,233,351.25,232.67,2,28.44,9.98
460,233,351.25,232.67,3,34.84,23.70
460,233,351.25,232.67,4,6.10,32.72
460,237,148.85,136.75,0,6.05,12.59
460,237,148.85,136.75,1,34.11,2.08
460,237,148.85,136.75,2,28.44,9.98
460,237,148.85,136.75,3,34.84,23.70
460,237,148.85,136.75,4,6.10,32.72
460,238,27.62,312.37,0,6.05,12.59
460,238,27.62,312.37,1,34.11,2.08
460,238,27.62,312.37,2,28.44,9.98
460,238,27.62,312.37,3,34.84,23.70
460,238,27.62,312.37,4,6.10,32.72
460,239,252.50,114.12,0,6.05,12.59
460,239,252.50,114.12,1,34.11,2.08
460,239,252.50,114.12,2,28.44,9.98
460,239,252.50,114.12,3,34.84,23.70
460,239,252.50,114.12,4,6.10,32.72
460,240,95.23,269.01,0,6.05,12.59
460,240,95.23,269.01,1,34.11,2.08
460,240,95.23,269.01,2,28.44,9.98
460,240,95.23,269.01,3,34.84,23.70
460,240,95.23,269.01,4,6.10,32.72
460,241,360.98,224.60,0,6.05,12.59
460,241,360.98,224.60,1,34.11,2.08
460,241,360.98,224.60,2,28.44,9.98
460,241,360.98,224.60,3,34.84,23.70
460,241,360.98,224.60,4,6.10,32.72
460,242,243.86,220.68,0,6.05,12.59
460,242,243.86,220.68,1,34.11,2.08
460,242,243.86,220.68,2,28.44,9.98
460,242,243.86,220.68,3,34.84,23.70
460,242,243.86,220.68,4,6.10,32.72
460,244,129.14,325.35,0,6.05,12.59
460,244,129.14,325.35,1,34.11,2.08
460,244,129.14,325.35,2,28.44,9.98
460,244,129.14,325.35,3,34.84,23.70
460,244,129.14,325.35,4,6.10,32.72
460,245,265.19,112.64,0,6.05,12.59
460,245,265.19,112.64,1,34.11,2.08
460,245,265.19,112.64,2,28.44,9.98
460,245,265.19,112.64,3,34.84,23.70
460,245,265.19,112.64,4,6.10,32.72
460,248,356.66,249.39,0,6.05,12.59
460,248,356.66,249.39,1,34.11,2.08
460,248,356.66,249.39,2,28.44,9.98
460,248,356.66,249.39,3,34.84,23.70
460,248,356.66,249.39,4,6.10,32.72
460,249,389.25,380.00,0,6.05,12.59
460,249,389.25,380.00,1,34.11,2.08
460,249,389.25,380.00,2,28.44,9.98
460,249,389.25,380.00,3,34.84,23.70
460,249,389.25,380.00,4,6.10,32.72
460,250,276.18,281.06,0,6.05,12.59
460,250,276.18,281.06,1,34.11,2.08
460,250,276.18,281.06,2,28.44,9.98
460,250,276.18,281.06,3,34.84,23.70
460,250,276.18,281.06,4,6.10,32.72
460,252,61.25,111.04,0,6.05,12.59
460,252,61.25,111.04,1,34.11,2.08
460,252,61.25,111.04,2,28.44,9.98
460,252,61.25,111.04,3,34.84,23.70
460,252,61.25,111.04,4,6.10,32.72
460,253,342.07,219.27,0,6.05,12.59
460,253,342.07,219.27,1,34.11,2.08
460,253,342.07,219.27,2,28.44,9.98
460,253,342.07,219.27,3,34.84,23.70
460,253,342.07,219.27,4,6.10,32.72
460,254,361.85,213.59,0,6.05,12.59
460,254,361.85,213.59,1,34.11,2.08
460,254,361.85,213.59,2,28.44,9.98
460,254,361.85,213.59,3,34.84,23.70
460,254,361.85,213.59,4,6.10,32.72
460,259,87.50,116.68,0,6.05,12.59
460,259,87.50,116.68,1,34.11,2.08
460,259,87.50,116.68,2,28.44,9.98
460,259,87.50,116.68,3,34.84,23.70
460,259,87.50,116.68,4,6.10,32.72
460,260,332.03,337.39,0,6.05,12.59
460,260,332.03,337.39,1,34.11,2.08
460,260,332.03,337.39,2,28.44,9.98
460,260,332.03,337.39,3,34.84,23.70
460,260,332.03,337.39,4,6.10,32.72
460,262,137.21,106.98,0,6.05,12.59
460,262,137.21,106.98,1,34.11,2.08
460,262,137.21,106.98,2,28.44,9.98
460,262,137.21,106.98,3,34.84,23.70
460,262,137.21,106.98,4,6.10,32.72
460,263,126.74,96.36,0,6.05,12.59
460,263,126.74,96.36,1,34.11,2.08
460,263,126.74,96.36,2,28.44,9.98
460,263,126.74,96.36,3,34.84,23.70
460,263,126.74,96.36,4,6.10,32.72
460,265,231.64,332.52,0,6.05,12.59
460,265,231.64,332.52,1,34.11,2.08
460,265,231.64,332.52,2,28.44,9.98
460,265,231.64,332.52,3,34.84,23.70
460,265,231.64,332.52,4,6.10,32.72
460,266,57.61,308.52,0,6.05,12.59
460,266,57.61,308.52,1,34.11,2.08
460,266,57.61,308.52,2,28.44,9.98
460,266,57.61,308.52,3,34.84,23.70
460,266,57.61,308.52,4,6.10,32.72
460,267,248.93,82.50,0,6.05,12.59
460,267,248.93,82.50,1,34.11,2.08
460,267,248.93,82.50,2,28.44,9.98
460,267,248.93,82.50,3,34.84,23.70
460,267,248.93,82.50,4,6.10,32.72
460,269,64.09,127.97,0,6.05,12.59
460,269,64.09,127.97,1,34.11,2.08
460,269,64.09,127.97,2,28.44,9.98
460,269,64.09,127.97,3,34.84,23.70
460,269,64.09,127.97,4,6.10,32.72
460,273,39.12,313.07,0,6.05,12.59
460,273,39.12,313.07,1,34.11,2.08
460,273,39.12,313.07,2,28.44,9.98
460,273,39.12,313.07,3,34.84,23.70
460,273,39.12,313.07,4,6.10,32.72
460,274,96.62,73.81,0,6.05,12.59
460,274,96.62,73.81,1,34.11,2.08
460,274,96.62,73.81,2,28.44,9.98
460,274,96.62,73.81,3,34.84,23.70
460,274,96.62,73.81,4,6.10,32.72
460,277,331.03,217.00,0,6.05,12.59
460,277,331.03,217.00,1,34.11,2.08
460,277,331.03,217.00,2,28.44,9.98
460,277,331.03,217.00,3,34.84,23.70
460,277,331.03,217.00,4,6.10,32.72
460,278,51.69,336.38,0,6.05,12.59
460,278,51.69,336.38,1,34.11,2.08
460,278,51.69,336.38,2,28.44,9.98
460,278,51.69,336.38,3,34.84,23.70
460,278,51.69,336.38,4,6.10,32.72
460,279,203.66,393.87,0,6.05,12.59
460,279,203.66,393.87,1,34.11,2.08
460,279,203.66,393.87,2,28.44,9.98
460,279,203.66,393.87,3,34.84,23.70
460,279,203.66,393.87,4,6.10,32.72
460,281,275.65,82.74,0,6.05,12.59
460,281,275.65,82.74,1,34.11,2.08
460,281,275.65,82.74,2,28.44,9.98
460,281,275.65,82.74,3,34.84,23.70
460,281,275.65,82.74,4,6.10,32.72
460,282,352.88,231.24,0,6.05,12.59
460,282,352.88,231.24,1,34.11,2.08
460,282,352.88,231.24,2,28.44,9.98
460,282,352.88,231.24,3,34.84,23.70
460,282,352.88,231.24,4,6.10,32.72
460,283,347.81,218.13,0,6.05,12.59
460,283,347.81,218.13,1,34.11,2.08
460,283,347.81,218.13,2,28.44,9.98
460,283,347.81,218.13,3,34.84,23.70
460,283,347.81,218.13,4,6.10,32.72
460,285,215.17,356.61,0,6.05,12.59
460,285,215.17,356.61,1,34.11,2.08
460,285,215.17,356.61,2,28.44,9.98
460,285,215.17,356.61,3,34.84,23.70
460,285,215.17,356.61,4,6.10,32.72
460,286,272.07,327.96,0,6.05,12.59
460,286,272.07,327.96,1,34.11,2.08
460,286,272.07,327.96,2,28.44,9.98
460,286,272.07,327.96,3,34.84,23.70
460,286,272.07,327.96,4,6.10,32.72
460,288,92.67,65.03,0,6.05,12.59
460,288,92.67,65.03,1,34.11,2.08
460,288,92.67,65.03,2,28.44,9.98
460,288,92.67,65.03,3,34.84,23.70
460,288,92.67,65.03,4,6.10,32.72
460,290,344.95,240.94,0,6.05,12.59
460,290,344.95,240.94,1,34.11,2.08
460,290,344.95,240.94,2,28.44,9.98
460,290,344.95,240.94,3,34.84,23.70
460,290,344.95,240.94,4,6.10,32.72
460,291,72.34,107.70,0,6.05,12.59
460,291,72.34,107.70,1,34.11,2.08
460,291,72.34,107.70,2,28.44,9.98
460,291,72.34,107.70,3,34.84,23.70
460,291,72.34,107.70,4,6.10,32.72
460,292,300.53,279.27,0,6.05,12.59
460,292,300.53,279.27,1,34.11,2.08
460,292,300.53,279.27,2,28.44,9.98
460,292,300.53,279.27,3,34.84,23.70
460,292,300.53,279.27,4,6.10,32.72
460,294,53.60,320.33,0,6.05,12.59
460,294,53.60,320.33,1,34.11,2.08
460,294,53.60,320.33,2,28.44,9.98
460,294,53.60,320.33,3,34.84,23.70
460,294,53.60,320.33,4,6.10,32.72
460,297,360.44,217.38,0,6.05,12.59
460,297,360.44,217.38,1,34.11,2.08
460,297,360.44,217.38,2,28.44,9.98
460,297,360.44,217.38,3,34.84,23.70
460,297,360.44,217.38,4,6.10,32.72
460,298,373.21,25.90,0,6.05,12.59
460,298,373.21,25.90,1,34.11,2.08
460,298,373.21,25.90,2,28.44,9.98
460,298,373.21,25.90,3,34.84,23.70
460,298,373.21,25.90,4,6.10,32.72
460,300,218.68,329.69,0,6.05,12.59
460,300,218.68,329.69,1,34.11,2.08
460,300,218.68,329.69,2,28.44,9.98
460,300,218.68,329.69,3,34.84,23.70
460,300,218.68,329.69,4,6.10,32.72
470,3,151.01,283.23,0,5.67,13.06
470,3,151.01,283.23,1,34.17,2.04
470,3,151.01,283.23,2,28.07,10.49
470,3,151.01,283.23,3,35.17,24.49
470,3,151.01,283.23,4,7.35,32.24
470,6,55.68,307.47,0,5.67,13.06
470,6,55.68,307.47,1,34.17,2.04
470,6,55.68,307.47,2,28.07,10.49
470,6,55.68,307.47,3,35.17,24.49
470,6,55.68,307.47,4,7.35,32.24
470,8,77.43,350.96,0,5.67,13.06
470,8,77.43,350.96,1,34.17,2.04
470,8,77.43,350.96,2,28.07,10.49
470,8,77.43,350.96,3,35.17,24.49
470,8,77.43,350.96,4,7.35,32.24
470,9,336.84,227.41,0,5.67,13.06
470,9,336.84,227.41,1,34.17,2.04
470,9,336.84,227.41,2,28.07,10.49
470,9,336.84,227.41,3,35.17,24.49
470,9,336.84,227.41,4,7.35,32.24
470,11,133.66,116.29,0,5.67,13.06
470,11,133.66,116.29,1,34.17,2.04
470,11,133.66,116.29,2,28.07,10.49
470,11,133.66,116.29,3,35.17,24.49
470,11,133.66,116.29,4,7.35,32.24
470,13,107.45,104.95,0,5.67,13.06
470,13,107.45,104.95,1,34.17,2.04
470,13,107.45,104.95,2,28.07,10.49
470,13,107.45,104.95,3,35.17,24.49
470,13,107.45,104.95,4,7.35,32.24
470,14,32.87,327.14,0,5.67,13.06
470,14,32.87,327.14,1,34.17,2.04
470,14,32.87,327.14,2,28.07,10.49
470,14,32.87,327.14,3,35.17,24.49
470,14,32.87,327.14,4,7.35,32.24
470,18,118.37,331.92,0,5.67,13.06
470,18,118.37,331.92,1,34.17,2.04
470,18,118.37,331.92,2,28.07,10.49
470,18,118.37,331.92,3,35.17,24.49
470,18,118.37,331.92,4,7.35,32.24
470,20,206.89,390.20,0,5.67,13.06
470,20,206.89,390.20,1,34.17,2.04
470,20,206.89,390.20,2,28.07,10.49
470,20,206.89,390.20,3,35.17,24.49
470,20,206.89,390.20,4,7.35,32.24
470,21,374.64,193.15,0,5.67,13.06
470,21,374.64,193.15,1,34.17,2.04
470,21,374.64,193.15,2,28.07,10.49
470,21,374.64,193.15,3,35.17,24.49
470,21,374.64,193.15,4,7.35,32.24
470,22,295.43,393.19,0,5.67,13.06
470,22,295.43,393.19,1,34.17,2.04
470,22,295.43,393.19,2,28.07,10.49
470,22,295.43,393.19,3,35.17,24.49
470,22,295.43,393.19,4,7.35,32.24
470,24,103.58,100.15,0,5.67,13.06
470,24,103.58,100.15,1,34.17,2.04
470,24,103.58,100.15,2,28.07,10.49
470,24,103.58,100.15,3,35.17,24.49
470,24,103.58,100.15,4,7.35,32.24
470,26,286.66,90.89,0,5.67,13.06
470,26,286.66,90.89,1,34.17,2.04
470,26,286.66,90.89,2,28.07,10.49
470,26,286.66,90.89,3,35.17,24.49
470,26,286.66,90.89,4,7.35,32.24
470,28,374.37,298.03,0,5.67,13.06
470,28,374.37,298.03,1,34.17,2.04
470,28,374.37,298.03,2,28.07,10.49
470,28,374.37,298.03,3,35.17,24.49
470,28,374.37,298.03,4,7.35,32.24
470,29,86.40,295.33,0,5.67,13.06
470,29,86.40,295.33,1,34.17,2.04
470,29,86.40,295.33,2,28.07,10.49
470,29,86.40,295.33,3,35.17,24.49
470,29,86.40,295.33,4,7.35,32.24
470,31,272.09,88.79,0,5.67,13.06
470,31,272.09,88.79,1,34.17,2.04
470,31,272.09,88.79,2,28.07,10.49
470,31,272.09,88.79,3,35.17,24.49
470,31,272.09,88.79,4,7.35,32.24
470,36,48.43,323.57,0,5.67,13.06
470,36,48.43,323.57,1,34.17,2.04
470,36,48.43,323.57,2,28.07,10.49
470,36,48.43,323.57,3,35.17,24.49
470,36,48.43,323.57,4,7.35,32.24
470,38,79.81,269.85,0,5.67,13.06
470,38,79.81,269.85,1,34.17,2.04
470,38,79.81,269.85,2,28.07,10.49
470,38,79.81,269.85,3,35.17,24.49
470,38,79.81,269.85,4,7.35,32.24
470,39,83.07,143.17,0,5.67,13.06
470,39,83.07,143.17,1,34.17,2.04
470,39,83.07,143.17,2,28.07,10.49
470,39,83.07,143.17,3,35.17,24.49
470,39,83.07,143.17,4,7.35,32.24
470,41,301.09,269.92,0,5.67,13.06
470,41,301.09,269.92,1,34.17,2.04
470,41,301.09,269.92,2,28.07,10.49
470,41,301.09,269.92,3,35.17,24.49
470,41,301.09,269.92,4,7.35,32.24
470,49,274.36,104.07,0,5.67,13.06
470,49,274.36,104.07,1,34.17,2.04
470,49,274.36,104.07,2,28.07,10.49
470,49,274.36,104.07,3,35.17,24.49
470,49,274.36,104.07,4,7.35,32.24
470,50,338.03,254.93,0,5.67,13.06
470,50,338.03,254.93,1,34.17,2.04
470,50,338.03,254.93,2,28.07,10.49
470,50,338.03,254.93,3,35.17,24.49
470,50,338.03,254.93,4,7.35,32.24
470,53,336.03,233.11,0,5.67,13.06
470,53,336.03,233.11,1,34.17,2.04
470,53,336.03,233.11,2,28.07,10.49
470,53,336.03,233.11,3,35.17,24.49
470,53,336.03,233.11,4,7.35,32.24
470,54,355.04,8.13,0,5.67,13.06
470,54,355.04,8.13,1,34.17,2.04
470,54,355.04,8.13,2,28.07,10.49
470,54,355.04,8.13,3,35.17,24.49
470,54,355.04,8.13,4,7.35,32.24
470,55,339.00,236.22,0,5.67,13.06
470,55,339.00,236.22,1,34.17,2.04
470,55,339.00,236.22,2,28.07,10.49
470,55,339.00,236.22,3,35.17,24.49
470,55,339.00,236.22,4,7.35,32.24
470,57,74.83,131.00,0,5.67,13.06
470,57,74.83,131.00,1,34.17,2.04
470,57,74.83,131.00,2,28.07,10.49
470,57,74.83,131.00,3,35.17,24.49
470,57,74.83,131.00,4,7.35,32.24
470,60,124.36,302.35,0,5.67,13.06
470,60,124.36,302.35,1,34.17,2.04
470,60,124.36,302.35,2,28.07,10.49
470,60,124.36,302.35,3,35.17,24.49
470,60,124.36,302.35,4,7.35,32.24
470,62,44.68,330.28,0,5.67,13.06
470,62,44.68,330.28,1,34.17,2.04
470,62,44.68,330.28,2,28.07,10.49
470,62,44.68,330.28,3,35.17,24.49
470,62,44.68,330.28,4,7.35,32.24
470,63,84.04,126.89,0,5.67,13.06
470,63,84.04,126.89,1,34.17,2.04
470,63,84.04,126.89,2,28.07,10.49
470,63,84.04,126.89,3,35.17,24.49
470,63,84.04,126.89,4,7.35,32.24
470,66,52.14,328.47,0,5.67,13.06
470,66,52.14,328.47,1,34.17,2.04
470,66,52.14,328.47,2,28.07,10.49
470,66,52.14,328.47,3,35.17,24.49
470,66,52.14,328.47,4,7.35,32.24
470,67,66.97,152.13,0,5.67,13.06
470,67,66.97,152.13,1,34.17,2.04
470,67,66.97,152.13,2,28.07,10.49
470,67,66.97,152.13,3,35.17,24.49
470,67,66.97,152.13,4,7.35,32.24
470,68,200.20,342.69,0,5.67,13.06
470,68,200.20,342.69,1,34.17,2.04
470,68,200.20,342.69,2,28.07,10.49
470,68,200.20,342.69,3,35.17,24.49
470,68,200.20,342.69,4,7.35,32.24
470,69,382.59,291.48,0,5.67,13.06
470,69,382.59,291.48,1,34.17,2.04
470,69,382.59,291.48,2,28.07,10.49
470,69,382.59,291.48,3,35.17,24.49
470,69,382.59,291.48,4,7.35,32.24
470,72,40.27,325.90,0,5.67,13.06
470,72,40.27,325.90,1,34.17,2.04
470,72,40.27,325.90,2,28.07,10.49
470,72,40.27,325.90,3,35.17,24.49
470,72,40.27,325.90,4,7.35,32.24
470,73,368.41,220.70,0,5.67,13.06
470,73,368.41,220.70,1,34.17,2.04
470,73,368.41,220.70,2,28.07,10.49
470,73,368.41,220.70,3,35.17,24.49
470,73,368.41,220.70,4,7.35,32.24
470,75,253.45,97.99,0,5.67,13.06
470,75,253.45,97.99,1,34.17,2.04
470,75,253.45,97.99,2,28.07,10.49
470,75,253.45,97.99,3,35.17,24.49
470,75,253.45,97.99,4,7.35,32.24
470,76,360.44,200.69,0,5.67,13.06
470,76,360.44,200.69,1,34.17,2.04
470,76,360.44,200.69,2,28.07,10.49
470,76,360.44,200.69,3,35.17,24.49
470,76,360.44,200.69,4,7.35,32.24
470,78,182.91,377.03,0,5.67,13.06
470,78,182.91,377.03,1,34.17,2.04
470,78,182.91,377.03,2,28.07,10.49
470,78,182.91,377.03,3,35.17,24.49
470,78,182.91,377.03,4,7.35,32.24
470,81,278.20,338.71,0,5.67,13.06
470,81,278.20,338.71,1,34.17,2.04
470,81,278.20,338.71,2,28.07,10.49
470,81,278.20,338.71,3,35.17,24.49
470,81,278.20,338.71,4,7.35,32.24
470,82,349.66,180.23,0,5.67,13.06
470,82,349.66,180.23,1,34.17,2.04
470,82,349.66,180.23,2,28.07,10.49
470,82,349.66,180.23,3,35.17,24.49
470,82,349.66,180.23,4,7.35,32.24
470,83,245.88,76.28,0,5.67,13.06
470,83,245.88,76.28,1,34.17,2.04
470,83,245.88,76.28,2,28.07,10.49
470,83,245.88,76.28,3,35.17,24.49
470,83,245.88,76.28,4,7.35,32.24
470,84,261.01,267.59,0,5.67,13.06
470,84,261.01,267.59,1,34.17,2.04
470,84,261.01,267.59,2,28.07,10.49
470,84,261.01,267.59,3,35.17,24.49
470,84,261.01,267.59,4,7.35,32.24
470,85,353.70,219.33,0,5.67,13.06
470,85,353.70,219.33,1,34.17,2.04
470,85,353.70,219.33,2,28.07,10.49
470,85,353.70,219.33,3,35.17,24.49
470,85,353.70,219.33,4,7.35,32.24
470,87,367.18,15.54,0,5.67,13.06
470,87,367.18,15.54,1,34.17,2.04
470,87,367.18,15.54,2,28.07,10.49
470,87,367.18,15.54,3,35.17,24.49
470,87,367.18,15.54,4,7.35,32.24
470,88,116.61,311.61,0,5.67,13.06
470,88,116.61,311.61,1,34.17,2.04
470,88,116.61,311.61,2,28.07,10.49
470,88,116.61,311.61,3,35.17,24.49
470,88,116.61,311.61,4,7.35,32.24
470,89,293.02,95.62,0,5.67,13.06
470,89,293.02,95.62,1,34.17,2.04
470,89,293.02,95.62,2,28.07,10.49
470,89,293.02,95.62,3,35.17,24.49
470,89,293.02,95.62,4,7.35,32.24
470,90,263.54,79.80,0,5.67,13.06
470,90,263.54,79.80,1,34.17,2.04
470,90,263.54,79.80,2,28.07,10.49
470,90,263.54,79.80,3,35.17,24.49
470,90,263.54,79.80,4,7.35,32.24
470,94,33.12,321.10,0,5.67,13.06
470,94,33.12,321.10,1,34.17,2.04
470,94,33.12,321.10,2,28.07,10.49
470,94,33.12,321.10,3,35.17,24.49
470,94,33.12,321.10,4,7.35,32.24
470,97,279.55,112.06,0,5.67,13.06
470,97,279.55,112.06,1,34.17,2.04
470,97,279.55,112.06,2,28.07,10.49
470,97,279.55,112.06,3,35.17,24.49
470,97,279.55,112.06,4,7.35,32.24
470,98,350.02,6.04,0,5.67,13.06
470,98,350.02,6.04,1,34.17,2.04
470,98,350.02,6.04,2,28.07,10.49
470,98,350.02,6.04,3,35.17,24.49
470,98,350.02,6.04,4,7.35,32.24
470,102,67.72,130.30,0,5.67,13.06
470,102,67.72,130.30,1,34.17,2.04
470,102,67.72,130.30,2,28.07,10.49
470,102,67.72,130.30,3,35.17,24.49
470,102,67.72,130.30,4,7.35,32.24
470,103,59.27,334.11,0,5.67,13.06
470,103,59.27,334.11,1,34.17,2.04
470,103,59.27,334.11,2,28.07,10.49
470,103,59.27,334.11,3,35.17,24.49
470,103,59.27,334.11,4,7.35,32.24
470,104,363.69,4.26,0,5.67,13.06
470,104,363.69,4.26,1,34.17,2.04
470,104,363.69,4.26,2,28.07,10.49
470,104,363.69,4.26,3,35.17,24.49
470,104,363.69,4.26,4,7.35,32.24
470,106,43.48,304.09,0,5.67,13.06
470,106,43.48,304.09,1,34.17,2.04
470,106,43.48,304.09,2,28.07,10.49
470,106,43.48,304.09,3,35.17,24.49
470,106,43.48,304.09,4,7.35,32.24
470,107,282.20,101.50,0,5.67,13.06
470,107,282.20,101.50,1,34.17,2.04
470,107,282.20,101.50,2,28.07,10.49
470,107,282.20,101.50,3,35.17,24.49
470,107,282.20,101.50,4,7.35,32.24
470,108,55.69,103.93,0,5.67,13.06
470,108,55.69,103.93,1,34.17,2.04
470,108,55.69,103.93,2,28.07,10.49
470,108,55.69,103.93,3,35.17,24.49
470,108,55.69,103.93,4,7.35,32.24
470,110,60.11,320.48,0,5.67,13.06
470,110,60.11,320.48,1,34.17,2.04
470,110,60.11,320.48,2,28.07,10.49
470,110,60.11,320.48,3,35.17,24.49
470,110,60.11,320.48,4,7.35,32.24
470,111,368.10,21.31,0,5.67,13.06
470,111,368.10,21.31,1,34.17,2.04
470,111,368.10,21.31,2,28.07,10.49
470,111,368.10,21.31,3,35.17,24.49
470,111,368.10,21.31,4,7.35,32.24
470,112,265.42,104.12,0,5.67,13.06
470,112,265.42,104.12,1,34.17,2.04
470,112,265.42,104.12,2,28.07,10.49
470,112,265.42,104.12,3,35.17,24.49
470,112,265.42,104.12,4,7.35,32.24
470,113,80.19,122.67,0,5.67,13.06
470,113,80.19,122.67,1,34.17,2.04
470,113,80.19,122.67,2,28.07,10.49
470,113,80.19,122.67,3,35.17,24.49
470,113,80.19,122.67,4,7.35,32.24
470,114,140.46,72.07,0,5.67,13.06
470,114,140.46,72.07,1,34.17,2.04
470,114,140.46,72.07,2,28.07,10.49
470,114,140.46,72.07,3,35.17,24.49
470,114,140.46,72.07,4,7.35,32.24
470,115,361.76,231.79,0,5.67,13.06
470,115,361.76,231.79,1,34.17,2.04
470,115,361.76,231.79,2,28.07,10.49
470,115,361.76,231.79,3,35.17,24.49
470,115,361.76,231.79,4,7.35,32.24
470,116,278.00,100.50,0,5.67,13.06
470,116,278.00,100.50,1,34.17,2.04
470,116,278.00,100.50,2,28.07,10.49
470,116,278.00,100.50,3,35.17,24.49
470,116,278.00,100.50,4,7.35,32.24
470,117,357.15,190.00,0,5.67,13.06
470,117,357.15,190.00,1,34.17,2.04
470,117,357.15,190.00,2,28.07,10.49
470,117,357.15,190.00,3,35.17,24.49
470,117,357.15,190.00,4,7.35,32.24
470,118,76.46,136.49,0,5.67,13.06
470,118,76.46,136.49,1,34.17,2.04
470,118,76.46,136.49,2,28.07,10.49
470,118,76.46,136.49,3,35.17,24.49
470,118,76.46,136.49,4,7.35,32.24
470,119,293.14,107.54,0,5.67,13.06
470,119,293.14,107.54,1,34.17,2.04
470,119,293.14,107.54,2,28.07,10.49
470,119,293.14,107.54,3,35.17,24.49
470,119,293.14,107.54,4,7.35,32.24
470,120,176.04,199.74,0,5.67,13.06
470,120,176.04,199.74,1,34.17,2.04
470,120,176.04,199.74,2,28.07,10.49
470,120,176.04,199.74,3,35.17,24.49
470,120,176.04,199.74,4,7.35,32.24
470,122,89.75,277.19,0,5.67,13.06
470,122,89.75,277.19,1,34.17,2.04
470,122,89.75,277.19,2,28.07,10.49
470,122,89.75,277.19,3,35.17,24.49
470,122,89.75,277.19,4,7.35,32.24
470,123,97.72,317.46,0,5.67,13.06
470,123,97.72,317.46,1,34.17,2.04
470,123,97.72,317.46,2,28.07,10.49
470,123,97.72,317.46,3,35.17,24.49
470,123,97.72,317.46,4,7.35,32.24
470,124,90.98,94.94,0,5.67,13.06
470,124,90.98,94.94,1,34.17,2.04
470,124,90.98,94.94,2,28.07,10.49
470,124,90.98,94.94,3,35.17,24.49
470,124,90.98,94.94,4,7.35,32.24
470,125,355.58,168.36,0,5.67,13.06
470,125,355.58,168.36,1,34.17,2.04
470,125,355.58,168.36,2,28.07,10.49
470,125,355.58,168.36,3,35.17,24.49
470,125,355.58,168.36,4,7.35,32.24
470,128,219.45,352.51,0,5.67,13.06
470,128,219.45,352.51,1,34.17,2.04
470,128,219.45,352.51,2,28.07,10.49
470,128,219.45,352.51,3,35.17,24.49
470,128,219.45,352.51,4,7.35,32.24
470,129,322.78,207.03,0,5.67,13.06
470,129,322.78,207.03,1,34.17,2.04
470,129,322.78,207.03,2,28.07,10.49
470,129,322.78,207.03,3,35.17,24.49
470,129,322.78,207.03,4,7.35,32.24
470,132,360.60,244.77,0,5.67,13.06
470,132,360.60,244.77,1,34.17,2.04
470,132,360.60,244.77,2,28.07,10.49
470,132,360.60,244.77,3,35.17,24.49
470,132,360.60,244.77,4,7.35,32.24
470,135,50.22,311.76,0,5.67,13.06
470,135,50.22,311.76,1,34.17,2.04
470,135,50.22,311.76,2,28.07,10.49
470,135,50.22,311.76,3,35.17,24.49
470,135,50.22,311.76,4,7.35,32.24
470,139,350.75,201.44,0,5.67,13.06
470,139,350.75,201.44,1,34.17,2.04
470,139,350.75,201.44,2,28.07,10.49
470,139,350.75,201.44,3,35.17,24.49
470,139,350.75,201.44,4,7.35,32.24
470,141,359.06,393.96,0,5.67,13.06
470,141,359.06,393.96,1,34.17,2.04
470,141,359.06,393.96,2,28.07,10.49
470,141,359.06,393.96,3,35.17,24.49
470,141,359.06,393.96,4,7.35,32.24
470,143,343.66,289.61,0,5.67,13.06
470,143,343.66,289.61,1,34.17,2.04
470,143,343.66,289.61,2,28.07,10.49
470,143,343.66,289.61,3,35.17,24.49
470,143,343.66,289.61,4,7.35,32.24
470,145,211.99,324.45,0,5.67,13.06
470,145,211.99,324.45,1,34.17,2.04
470,145,211.99,324.45,2,28.07,10.49
470,145,211.99,324.45,3,35.17,24.49
470,145,211.99,324.45,4,7.35,32.24
470,146,81.13,132.79,0,5.67,13.06
470,146,81.13,132.79,1,34.17,2.04
470,146,81.13,132.79,2,28.07,10.49
470,146,81.13,132.79,3,35.17,24.49
470,146,81.13,132.79,4,7.35,32.24
470,148,343.00,222.00,0,5.67,13.06
470,148,343.00,222.00,1,34.17,2.04
470,148,343.00,222.00,2,28.07,10.49
470,148,343.00,222.00,3,35.17,24.49
470,148,343.00,222.00,4,7.35,32.24
470,150,284.00,107.48,0,5.67,13.06
470,150,284.00,107.48,1,34.17,2.04
470,150,284.00,107.48,2,28.07,10.49
470,150,284.00,107.48,3,35.17,24.49
470,150,284.00,107.48,4,7.35,32.24
470,151,264.88,97.15,0,5.67,13.06
470,151,264.88,97.15,1,34.17,2.04
470,151,264.88,97.15,2,28.07,10.49
470,151,264.88,97.15,3,35.17,24.49
470,151,264.88,97.15,4,7.35,32.24
470,155,276.45,109.13,0,5.67,13.06
470,155,276.45,109.13,1,34.17,2.04
470,155,276.45,109.13,2,28.07,10.49
470,155,276.45,109.13,3,35.17,24.49
470,155,276.45,109.13,4,7.35,32.24
470,156,351.17,253.73,0,5.67,13.06
470,156,351.17,253.73,1,34.17,2.04
470,156,351.17,253.73,2,28.07,10.49
470,156,351.17,253.73,3,35.17,24.49
470,156,351.17,253.73,4,7.35,32.24
470,159,350.67,240.67,0,5.67,13.06
470,159,350.67,240.67,1,34.17,2.04
470,159,350.67,240.67,2,28.07,10.49
470,159,350.67,240.67,3,35.17,24.49
470,159,350.67,240.67,4,7.35,32.24
470,160,317.85,388.74,0,5.67,13.06
470,160,317.85,388.74,1,34.17,2.04
470,160,317.85,388.74,2,28.07,10.49
470,160,317.85,388.74,3,35.17,24.49
470,160,317.85,388.74,4,7.35,32.24
470,161,147.16,128.93,0,5.67,13.06
470,161,147.16,128.93,1,34.17,2.04
470,161,147.16,128.93,2,28.07,10.49
470,161,147.16,128.93,3,35.17,24.49
470,161,147.16,128.93,4,7.35,32.24
470,162,304.98,317.93,0,5.67,13.06
470,162,304.98,317.93,1,34.17,2.04
470,162,304.98,317.93,2,28.07,10.49
470,162,304.98,317.93,3,35.17,24.49
470,162,304.98,317.93,4,7.35,32.24
470,163,236.66,115.09,0,5.67,13.06
470,163,236.66,115.09,1,34.17,2.04
470,163,236.66,115.09,2,28.07,10.49
470,163,236.66,115.09,3,35.17,24.49
470,163,236.66,115.09,4,7.35,32.24
470,164,61.20,88.72,0,5.67,13.06
470,164,61.20,88.72,1,34.17,2.04
470,164,61.20,88.72,2,28.07,10.49
470,164,61.20,88.72,3,35.17,24.49
470,164,61.20,88.72,4,7.35,32.24
470,165,78.57,114.33,0,5.67,13.06
470,165,78.57,114.33,1,34.17,2.04
470,165,78.57,114.33,2,28.07,10.49
470,165,78.57,114.33,3,35.17,24.49
470,165,78.57,114.33,4,7.35,32.24
470,166,301.88,353.96,0,5.67,13.06
470,166,301.88,353.96,1,34.17,2.04
470,166,301.88,353.96,2,28.07,10.49
470,166,301.88,353.96,3,35.17,24.49
470,166,301.88,353.96,4,7.35,32.24
470,167,366.70,263.46,0,5.67,13.06
470,167,366.70,263.46,1,34.17,2.04
470,167,366.70,263.46,2,28.07,10.49
470,167,366.70,263.46,3,35.17,24.49
470,167,366.70,263.46,4,7.35,32.24
470,168,179.12,276.99,0,5.67,13.06
470,168,179.12,276.99,1,34.17,2.04
470,168,179.12,276.99,2,28.07,10.49
470,168,179.12,276.99,3,35.17,24.49
470,168,179.12,276.99,4,7.35,32.24
470,169,273.65,95.55,0,5.67,13.06
470,169,273.65,95.55,1,34.17,2.04
470,169,273.65,95.55,2,28.07,10.49
470,169,273.65,95.55,3,35.17,24.49
470,169,273.65,95.55,4,7.35,32.24
470,170,341.90,239.12,0,5.67,13.06
470,170,341.90,239.12,1,34.17,2.04
470,170,341.90,239.12,2,28.07,10.49
470,170,341.90,239.12,3,35.17,24.49
470,170,341.90,239.12,4,7.35,32.24
470,173,372.41,208.51,0,5.67,13.06
470,173,372.41,208.51,1,34.17,2.04
470,173,372.41,208.51,2,28.07,10.49
470,173,372.41,208.51,3,35.17,24.49
470,173,372.41,208.51,4,7.35,32.24
470,174,139.69,233.15,0,5.67,13.06
470,174,139.69,233.15,1,34.17,2.04
470,174,139.69,233.15,2,28.07,10.49
470,174,139.69,233.15,3,35.17,24.49
470,174,139.69,233.15,4,7.35,32.24
470,176,71.48,142.30,0,5.67,13.06
470,176,71.48,142.30,1,34.17,2.04
470,176,71.48,142.30,2,28.07,10.49
470,176,71.48,142.30,3,35.17,24.49
470,176,71.48,142.30,4,7.35,32.24
470,177,186.92,274.96,0,5.67,13.06
470,177,186.92,274.96,1,34.17,2.04
470,177,186.92,274.96,2,28.07,10.49
470,177,186.92,274.96,3,35.17,24.49
470,177,186.92,274.96,4,7.35,32.24
470,180,259.33,120.23,0,5.67,13.06
470,180,259.33,120.23,1,34.17,2.04
470,180,259.33,120.23,2,28.07,10.49
470,180,259.33,120.23,3,35.17,24.49
470,180,259.33,120.23,4,7.35,32.24
470,181,57.43,127.09,0,5.67,13.06
470,181,57.43,127.09,1,34.17,2.04
470,181,57.43,127.09,2,28.07,10.49
470,181,57.43,127.09,3,35.17,24.49
470,181,57.43,127.09,4,7.35,32.24
470,184,76.36,111.64,0,5.67,13.06
470,184,76.36,111.64,1,34.17,2.04
470,184,76.36,111.64,2,28.07,10.49
470,184,76.36,111.64,3,35.17,24.49
470,184,76.36,111.64,4,7.35,32.24
470,187,72.30,316.16,0,5.67,13.06
470,187,72.30,316.16,1,34.17,2.04
470,187,72.30,316.16,2,28.07,10.49
470,187,72.30,316.16,3,35.17,24.49
470,187,72.30,316.16,4,7.35,32.24
470,190,67.03,105.27,0,5.67,13.06
470,190,67.03,105.27,1,34.17,2.04
470,190,67.03,105.27,2,28.07,10.49
470,190,67.03,105.27,3,35.17,24.49
470,190,67.03,105.27,4,7.35,32.24
470,193,295.77,102.69,0,5.67,13.06
470,193,295.77,102.69,1,34.17,2.04
470,193,295.77,102.69,2,28.07,10.49
470,193,295.77,102.69,3,35.17,24.49
470,193,295.77,102.69,4,7.35,32.24
470,195,62.71,327.29,0,5.67,13.06
470,195,62.71,327.29,1,34.17,2.04
470,195,62.71,327.29,2,28.07,10.49
470,195,62.71,327.29,3,35.17,24.49
470,195,62.71,327.29,4,7.35,32.24
470,199,66.00,127.36,0,5.67,13.06
470,199,66.00,127.36,1,34.17,2.04
470,199,66.00,127.36,2,28.07,10.49
470,199,66.00,127.36,3,35.17,24.49
470,199,66.00,127.36,4,7.35,32.24
470,200,63.28,115.08,0,5.67,13.06
470,200,63.28,115.08,1,34.17,2.04
470,200,63.28,115.08,2,28.07,10.49
470,200,63.28,115.08,3,35.17,24.49
470,200,63.28,115.08,4,7.35,32.24
470,207,33.89,306.08,0,5.67,13.06
470,207,33.89,306.08,1,34.17,2.04
470,207,33.89,306.08,2,28.07,10.49
470,207,33.89,306.08,3,35.17,24.49
470,207,33.89,306.08,4,7.35,32.24
470,211,74.52,337.95,0,5.67,13.06
470,211,74.52,337.95,1,34.17,2.04
470,211,74.52,337.95,2,28.07,10.49
470,211,74.52,337.95,3,35.17,24.49
470,211,74.52,337.95,4,7.35,32.24
470,212,351.20,237.40,0,5.67,13.06
470,212,351.20,237.40,1,34.17,2.04
470,212,351.20,237.40,2,28.07,10.49
470,212,351.20,237.40,3,35.17,24.49
470,212,351.20,237.40,4,7.35,32.24
470,213,359.62,237.56,0,5.67,13.06
470,213,359.62,237.56,1,34.17,2.04
470,213,359.62,237.56,2,28.07,10.49
470,213,359.62,237.56,3,35.17,24.49
470,213,359.62,237.56,4,7.35,32.24
470,215,238.53,393.60,0,5.67,13.06
470,215,238.53,393.60,1,34.17,2.04
470,215,238.53,393.60,2,28.07,10.49
470,215,238.53,393.60,3,35.17,24.49
470,215,238.53,393.60,4,7.35,32.24
470,216,232.90,390.42,0,5.67,13.06
470,216,232.90,390.42,1,34.17,2.04
470,216,232.90,390.42,2,28.07,10.49
470,216,232.90,390.42,3,35.17,24.49
470,216,232.90,390.42,4,7.35,32.24
470,217,372.86,8.66,0,5.67,13.06
470,217,372.86,8.66,1,34.17,2.04
470,217,372.86,8.66,2,28.07,10.49
470,217,372.86,8.66,3,35.17,24.49
470,217,372.86,8.66,4,7.35,32.24
470,218,263.68,373.03,0,5.67,13.06
470,218,263.68,373.03,1,34.17,2.04
470,218,263.68,373.03,2,28.07,10.49
470,218,263.68,373.03,3,35.17,24.49
470,218,263.68,373.03,4,7.35,32.24
470,219,58.58,120.07,0,5.67,13.06
470,219,58.58,120.07,1,34.17,2.04
470,219,58.58,120.07,2,28.07,10.49
470,219,58.58,120.07,3,35.17,24.49
470,219,58.58,120.07,4,7.35,32.24
470,226,290.55,116.06,0,5.67,13.06
470,226,290.55,116.06,1,34.17,2.04
470,226,290.55,116.06,2,28.07,10.49
470,226,290.55,116.06,3,35.17,24.49
470,226,290.55,116.06,4,7.35,32.24
470,227,49.69,318.81,0,5.67,13.06
470,227,49.69,318.81,1,34.17,2.04
470,227,49.69,318.81,2,28.07,10.49
470,227,49.69,318.81,3,35.17,24.49
470,227,49.69,318.81,4,7.35,32.24
470,228,281.89,91.16,0,5.67,13.06
470,228,281.89,91.16,1,34.17,2.04
470,228,281.89,91.16,2,28.07,10.49
470,228,281.89,91.16,3,35.17,24.49
470,228,281.89,91.16,4,7.35,32.24
470,229,119.82,115.39,0,5.67,13.06
470,229,119.82,115.39,1,34.17,2.04
470,229,119.82,115.39,2,28.07,10.49
470,229,119.82,115.39,3,35.17,24.49
470,229,119.82,115.39,4,7.35,32.24
470,230,119.12,83.66,0,5.67,13.06
470,230,119.12,83.66,1,34.17,2.04
470,230,119.12,83.66,2,28.07,10.49
470,230,119.12,83.66,3,35.17,24.49
470,230,119.12,83.66,4,7.35,32.24
470,231,311.47,288.30,0,5.67,13.06
470,231,311.47,288.30,1,34.17,2.04
470,231,311.47,288.30,2,28.07,10.49
470,231,311.47,288.30,3,35.17,24.49
470,231,311.47,288.30,4,7.35,32.24
470,232,359.29,22.03,0,5.67,13.06
470,232,359.29,22.03,1,34.17,2.04
470,232,359.29,22.03,2,28.07,10.49
470,232,359.29,22.03,3,35.17,24.49
470,232,359.29,22.03,4,7.35,32.24
470,237,147.41,136.93,0,5.67,13.06
470,237,147.41,136.93,1,34.17,2.04
470,237,147.41,136.93,2,28.07,10.49
470,237,147.41,136.93,3,35.17,24.49
470,237,147.41,136.93,4,7.35,32.24
470,238,31.77,313.24,0,5.67,13.06
470,238,31.77,313.24,1,34.17,2.04
470,238,31.77,313.24,2,28.07,10.49
470,238,31.77,313.24,3,35.17,24.49
470,238,31.77,313.24,4,7.35,32.24
470,239,255.98,112.70,0,5.67,13.06
470,239,255.98,112.70,1,34.17,2.04
470,239,255.98,112.70,2,28.07,10.49
470,239,255.98,112.70,3,35.17,24.49
470,239,255.98,112.70,4,7.35,32.24
470,240,94.57,269.92,0,5.67,13.06
470,240,94.57,269.92,1,34.17,2.04
470,240,94.57,269.92,2,28.07,10.49
470,240,94.57,269.92,3,35.17,24.49
470,240,94.57,269.92,4,7.35,32.24
470,241,358.11,228.18,0,5.67,13.06
470,241,358.11,228.18,1,34.17,2.04
470,241,358.11,228.18,2,28.07,10.49
470,241,358.11,228.18,3,35.17,24.49
470,241,358.11,228.18,4,7.35,32.24
470,242,246.72,220.42,0,5.67,13.06
470,242,246.72,220.42,1,34.17,2.04
470,242,246.72,220.42,2,28.07,10.49
470,242,246.72,220.42,3,35.17,24.49
470,242,246.72,220.42,4,7.35,32.24
470,244,127.02,326.24,0,5.67,13.06
470,244,127.02,326.24,1,34.17,2.04
470,244,127.02,326.24,2,28.07,10.49
470,244,127.02,326.24,3,35.17,24.49
470,244,127.02,326.24,4,7.35,32.24
470,245,267.01,111.84,0,5.67,13.06
470,245,267.01,111.84,1,34.17,2.04
470,245,267.01,111.84,2,28.07,10.49
470,245,267.01,111.84,3,35.17,24.49
470,245,267.01,111.84,4,7.35,32.24
470,248,355.27,248.05,0,5.67,13.06
470,248,355.27,248.05,1,34.17,2.04
470,248,355.27,248.05,2,28.07,10.49
470,248,355.27,248.05,3,35.17,24.49
470,248,355.27,248.05,4,7.35,32.24
470,249,390.88,378.11,0,5.67,13.06
470,249,390.88,378.11,1,34.17,2.04
470,249,390.88,378.11,2,28.07,10.49
470,249,390.88,378.11,3,35.17,24.49
470,249,390.88,378.11,4,7.35,32.24
470,250,278.95,280.34,0,5.67,13.06
470,250,278.95,280.34,1,34.17,2.04
470,250,278.95,280.34,2,28.07,10.49
470,250,278.95,280.34,3,35.17,24.49
470,250,278.95,280.34,4,7.35,32.24
470,252,60.68,114.48,0,5.67,13.06
470,252,60.68,114.48,1,34.17,2.04
470,252,60.68,114.48,2,28.07,10.49
470,252,60.68,114.48,3,35.17,24.49
470,252,60.68,114.48,4,7.35,32.24
470,253,342.55,222.24,0,5.67,13.06
470,253,342.55,222.24,1,34.17,2.04
470,253,342.55,222.24,2,28.07,10.49
470,253,342.55,222.24,3,35.17,24.49
470,253,342.55,222.24,4,7.35,32.24
470,254,362.22,216.13,0,5.67,13.06
470,254,362.22,216.13,1,34.17,2.04
470,254,362.22,216.13,2,28.07,10.49
470,254,362.22,216.13,3,35.17,24.49
470,254,362.22,216.13,4,7.35,32.24
470,259,84.48,117.50,0,5.67,13.06
470,259,84.48,117.50,1,34.17,2.04
470,259,84.48,117.50,2,28.07,10.49
470,259,84.48,117.50,3,35.17,24.49
470,259,84.48,117.50,4,7.35,32.24
470,260,333.25,334.22,0,5.67,13.06
470,260,333.25,334.22,1,34.17,2.04
470,260,333.25,334.22,2,28.07,10.49
470,260,333.25,334.22,3,35.17,24.49
470,260,333.25,334.22,4,7.35,32.24
470,262,136.14,106.98,0,5.67,13.06
470,262,136.14,106.98,1,34.17,2.04
470,262,136.14,106.98,2,28.07,10.49
470,262,136.14,106.98,3,35.17,24.49
470,262,136.14,106.98,4,7.35,32.24
470,263,124.27,96.57,0,5.67,13.06
470,263,124.27,96.57,1,34.17,2.04
470,263,124.27,96.57,2,28.07,10.49
470,263,124.27,96.57,3,35.17,24.49
470,263,124.27,96.57,4,7.35,32.24
470,265,228.10,331.62,0,5.67,13.06
470,265,228.10,331.62,1,34.17,2.04
470,265,228.10,331.62,2,28.07,10.49
470,265,228.10,331.62,3,35.17,24.49
470,265,228.10,331.62,4,7.35,32.24
470,266,59.35,310.42,0,5.67,13.06
470,266,59.35,310.42,1,34.17,2.04
470,266,59.35,310.42,2,28.07,10.49
470,266,59.35,310.42,3,35.17,24.49
470,266,59.35,310.42,4,7.35,32.24
470,267,249.13,82.65,0,5.67,13.06
470,267,249.13,82.65,1,34.17,2.04
470,267,249.13,82.65,2,28.07,10.49
470,267,249.13,82.65,3,35.17,24.49
470,267,249.13,82.65,4,7.35,32.24
470,269,63.44,130.12,0,5.67,13.06
470,269,63.44,130.12,1,34.17,2.04
470,269,63.44,130.12,2,28.07,10.49
470,269,63.44,130.12,3,35.17,24.49
470,269,63.44,130.12,4,7.35,32.24
470,273,44.09,313.98,0,5.67,13.06
470,273,44.09,313.98,1,34.17,2.04
470,273,44.09,313.98,2,28.07,10.49
470,273,44.09,313.98,3,35.17,24.49
470,273,44.09,313.98,4,7.35,32.24
470,274,97.41,75.01,0,5.67,13.06
470,274,97.41,75.01,1,34.17,2.04
470,274,97.41,75.01,2,28.07,10.49
470,274,97.41,75.01,3,35.17,24.49
470,274,97.41,75.01,4,7.35,32.24
470,277,333.46,218.08,0,5.67,13.06
470,277,333.46,218.08,1,34.17,2.04
470,277,333.46,218.08,2,28.07,10.49
470,277,333.46,218.08,3,35.17,24.49
470,277,333.46,218.08,4,7.35,32.24
470,278,53.87,335.73,0,5.67,13.06
470,278,53.87,335.73,1,34.17,2.04
470,278,53.87,335.73,2,28.07,10.49
470,278,53.87,335.73,3,35.17,24.49
470,278,53.87,335.73,4,7.35,32.24
470,279,203.22,393.68,0,5.67,13.06
470,279,203.22,393.68,1,34.17,2.04
470,279,203.22,393.68,2,28.07,10.49
470,279,203.22,393.68,3,35.17,24.49
470,279,203.22,393.68,4,7.35,32.24
470,281,274.95,82.35,0,5.67,13.06
470,281,274.95,82.35,1,34.17,2.04
470,281,274.95,82.35,2,28.07,10.49
470,281,274.95,82.35,3,35.17,24.49
470,281,274.95,82.35,4,7.35,32.24
470,282,353.00,231.33,0,5.67,13.06
470,282,353.00,231.33,1,34.17,2.04
470,282,353.00,231.33,2,28.07,10.49
470,282,353.00,231.33,3,35.17,24.49
470,282,353.00,231.33,4,7.35,32.24
470,283,347.56,218.64,0,5.67,13.06
470,283,347.56,218.64,1,34.17,2.04
470,283,347.56,218.64,2,28.07,10.49
470,283,347.56,218.64,3,35.17,24.49
470,283,347.56,218.64,4,7.35,32.24
470,285,212.19,356.63,0,5.67,13.06
470,285,212.19,356.63,1,34.17,2.04
470,285,212.19,356.63,2,28.07,10.49
470,285,212.19,356.63,3,35.17,24.49
470,285,212.19,356.63,4,7.35,32.24
470,286,274.23,325.17,0,5.67,13.06
470,286,274.23,325.17,1,34.17,2.04
470,286,274.23,325.17,2,28.07,10.49
470,286,274.23,325.17,3,35.17,24.49
470,286,274.23,325.17,4,7.35,32.24
470,288,91.75,67.72,0,5.67,13.06
470,288,91.75,67.72,1,34.17,2.04
470,288,91.75,67.72,2,28.07,10.49
470,288,91.75,67.72,3,35.17,24.49
470,288,91.75,67.72,4,7.35,32.24
470,290,345.34,242.59,0,5.67,13.06
470,290,345.34,242.59,1,34.17,2.04
470,290,345.34,242.59,2,28.07,10.49
470,290,345.34,242.59,3,35.17,24.49
470,290,345.34,242.59,4,7.35,32.24
470,291,71.91,108.56,0,5.67,13.06
470,291,71.91,108.56,1,34.17,2.04
470,291,71.91,108.56,2,28.07,10.49
470,291,71.91,108.56,3,35.17,24.49
470,291,71.91,108.56,4,7.35,32.24
470,292,302.85,278.21,0,5.67,13.06
470,292,302.85,278.21,1,34.17,2.04
470,292,302.85,278.21,2,28.07,10.49
470,292,302.85,278.21,3,35.17,24.49
470,292,302.85,278.21,4,7.35,32.24
470,294,51.67,321.00,0,5.67,13.06
470,294,51.67,321.00,1,34.17,2.04
470,294,51.67,321.00,2,28.07,10.49
470,294,51.67,321.00,3,35.17,24.49
470,294,51.67,321.00,4,7.35,32.24
470,297,355.54,221.67,0,5.67,13.06
470,297,355.54,221.67,1,34.17,2.04
470,297,355.54,221.67,2,28.07,10.49
470,297,355.54,221.67,3,35.17,24.49
470,297,355.54,221.67,4,7.35,32.24
470,298,371.99,24.65,0,5.67,13.06
470,298,371.99,24.65,1,34.17,2.04
470,298,371.99,24.65,2,28.07,10.49
470,298,371.99,24.65,3,35.17,24.49
470,298,371.99,24.65,4,7.35,32.24
470,300,216.98,329.51,0,5.67,13.06
470,300,216.98,329.51,1,34.17,2.04
470,300,216.98,329.51,2,28.07,10.49
470,300,216.98,329.51,3,35.17,24.49
470,300,216.98,329.51,4,7.35,32.24
480,3,148.51,284.66,0,5.28,13.53
480,3,148.51,284.66,1,34.21,1.92
480,3,148.51,284.66,2,27.65,11.07
480,3,148.51,284.66,3,35.51,25.29
480,3,148.51,284.66,4,8.59,31.76
480,6,58.51,308.65,0,5.28,13.53
480,6,58.51,308.65,1,34.21,1.92
480,6,58.51,308.65,2,27.65,11.07
480,6,58.51,308.65,3,35.51,25.29
480,6,58.51,308.65,4,8.59,31.76
480,8,76.50,347.59,0,5.28,13.53
480,8,76.50,347.59,1,34.21,1.92
480,8,76.50,347.59,2,27.65,11.07
480,8,76.50,347.59,3,35.51,25.29
480,8,76.50,347.59,4,8.59,31.76
480,9,338.19,228.34,0,5.28,13.53
480,9,338.19,228.34,1,34.21,1.92
480,9,338.19,228.34,2,27.65,11.07
480,9,338.19,228.34,3,35.51,25.29
480,9,338.19,228.34,4,8.59,31.76
480,11,132.45,116.82,0,5.28,13.53
480,11,132.45,116.82,1,34.21,1.92
480,11,132.45,116.82,2,27.65,11.07
480,11,132.45,116.82,3,35.51,25.29
480,11,132.45,116.82,4,8.59,31.76
480,13,106.00,105.42,0,5.28,13.53
480,13,106.00,105.42,1,34.21,1.92
480,13,106.00,105.42,2,27.65,11.07
480,13,106.00,105.42,3,35.51,25.29
480,13,106.00,105.42,4,8.59,31.76
480,14,33.42,327.41,0,5.28,13.53
480,14,33.42,327.41,1,34.21,1.92
480,14,33.42,327.41,2,27.65,11.07
480,14,33.42,327.41,3,35.51,25.29
480,14,33.42,327.41,4,8.59,31.76
480,18,117.40,331.38,0,5.28,13.53
480,18,117.40,331.38,1,34.21,1.92
480,18,117.40,331.38,2,27.65,11.07
480,18,117.40,331.38,3,35.51,25.29
480,18,117.40,331.38,4,8.59,31.76
480,20,205.14,391.26,0,5.28,13.53
480,20,205.14,391.26,1,34.21,1.92
480,20,205.14,391.26,2,27.65,11.07
480,20,205.14,391.26,3,35.51,25.29
480,20,205.14,391.26,4,8.59,31.76
480,21,373.85,195.40,0,5.28,13.53
480,21,373.85,195.40,1,34.21,1.92
480,21,373.85,195.40,2,27.65,11.07
480,21,373.85,195.40,3,35.51,25.29
480,21,373.85,195.40,4,8.59,31.76
480,22,297.27,394.37,0,5.28,13.53
480,22,297.27,394.37,1,34.21,1.92
480,22,297.27,394.37,2,27.65,11.07
480,22,297.27,394.37,3,35.51,25.29
480,22,297.27,394.37,4,8.59,31.76
480,24,102.77,99.92,0,5.28,13.53
480,24,102.77,99.92,1,34.21,1.92
480,24,102.77,99.92,2,27.65,11.07
480,24,102.77,99.92,3,35.51,25.29
480,24,102.77,99.92,4,8.59,31.76
480,26,285.93,92.18,0,5.28,13.53
480,26,285.93,92.18,1,34.21,1.92
480,26,285.93,92.18,2,27.65,11.07
480,26,285.93,92.18,3,35.51,25.29
480,26,285.93,92.18,4,8.59,31.76
480,28,373.74,296.32,0,5.28,13.53
480,28,373.74,296.32,1,34.21,1.92
480,28,373.74,296.32,2,27.65,11.07
480,28,373.74,296.32,3,35.51,25.29
480,28,373.74,296.32,4,8.59,31.76
480,29,85.59,298.48,0,5.28,13.53
480,29,85.59,298.48,1,34.21,1.92
480,29,85.59,298.48,2,27.65,11.07
480,29,85.59,298.48,3,35.51,25.29
480,29,85.59,298.48,4,8.59,31.76
480,31,271.32,93.04,0,5.28,13.53
480,31,271.32,93.04,1,34.21,1.92
480,31,271.32,93.04,2,27.65,11.07
480,31,271.32,93.04,3,35.51,25.29
480,31,271.32,93.04,4,8.59,31.76
480,36,50.33,323.00,0,5.28,13.53
480,36,50.33,323.00,1,34.21,1.92
480,36,50.33,323.00,2,27.65,11.07
480,36,50.33,323.00,3,35.51,25.29
480,36,50.33,323.00,4,8.59,31.76
480,38,80.16,271.89,0,5.28,13.53
480,38,80.16,271.89,1,34.21,1.92
480,38,80.16,271.89,2,27.65,11.07
480,38,80.16,271.89,3,35.51,25.29
480,38,80.16,271.89,4,8.59,31.76
480,39,80.83,142.78,0,5.28,13.53
480,39,80.83,142.78,1,34.21,1.92
480,39,80.83,142.78,2,27.65,11.07
480,39,80.83,142.78,3,35.51,25.29
480,39,80.83,142.78,4,8.59,31.76
480,41,304.10,267.45,0,5.28,13.53
480,41,304.10,267.45,1,34.21,1.92
480,41,304.10,267.45,2,27.65,11.07
480,41,304.10,267.45,3,35.51,25.29
480,41,304.10,267.45,4,8.59,31.76
480,49,274.14,106.90,0,5.28,13.53
480,49,274.14,106.90,1,34.21,1.92
480,49,274.14,106.90,2,27.65,11.07
480,49,274.14,106.90,3,35.51,25.29
480,49,274.14,106.90,4,8.59,31.76
480,50,340.73,253.89,0,5.28,13.53
480,50,340.73,253.89,1,34.21,1.92
480,50,340.73,253.89,2,27.65,11.07
480,50,340.73,253.89,3,35.51,25.29
480,50,340.73,253.89,4,8.59,31.76
480,53,337.81,234.20,0,5.28,13.53
480,53,337.81,234.20,1,34.21,1.92
480,53,337.81,234.20,2,27.65,11.07
480,53,337.81,234.20,3,35.51,25.29
480,53,337.81,234.20,4,8.59,31.76
480,54,350.77,12.23,0,5.28,13.53
480,54,350.77,12.23,1,34.21,1.92
480,54,350.77,12.23,2,27.65,11.07
480,54,350.77,12.23,3,35.51,25.29
480,54,350.77,12.23,4,8.59,31.76
480,55,338.37,239.18,0,5.28,13.53
480,55,338.37,239.18,1,34.21,1.92
480,55,338.37,239.18,2,27.65,11.07
480,55,338.37,239.18,3,35.51,25.29
480,55,338.37,239.18,4,8.59,31.76
480,60,121.67,303.31,0,5.28,13.53
480,60,121.67,303.31,1,34.21,1.92
480,60,121.67,303.31,2,27.65,11.07
480,60,121.67,303.31,3,35.51,25.29
480,60,121.67,303.31,4,8.59,31.76
480,62,48.63,331.77,0,5.28,13.53
480,62,48.63,331.77,1,34.21,1.92
480,62,48.63,331.77,2,27.65,11.07
480,62,48.63,331.77,3,35.51,25.29
480,62,48.63,331.77,4,8.59,31.76
480,63,82.00,128.04,0,5.28,13.53
480,63,82.00,128.04,1,34.21,1.92
480,63,82.00,128.04,2,27.65,11.07
480,63,82.00,128.04,3,35.51,25.29
480,63,82.00,128.04,4,8.59,31.76
480,66,55.16,326.93,0,5.28,13.53
480,66,55.16,326.93,1,34.21,1.92
480,66,55.16,326.93,2,27.65,11.07
480,66,55.16,326.93,3,35.51,25.29
480,66,55.16,326.93,4,8.59,31.76
480,67,65.56,150.38,0,5.28,13.53
480,67,65.56,150.38,1,34.21,1.92
480,67,65.56,150.38,2,27.65,11.07
480,67,65.56,150.38,3,35.51,25.29
480,67,65.56,150.38,4,8.59,31.76
480,68,197.49,340.71,0,5.28,13.53
480,68,197.49,340.71,1,34.21,1.92
480,68,197.49,340.71,2,27.65,11.07
480,68,197.49,340.71,3,35.51,25.29
480,68,197.49,340.71,4,8.59,31.76
480,69,381.28,290.12,0,5.28,13.53
480,69,381.28,290.12,1,34.21,1.92
480,69,381.28,290.12,2,27.65,11.07
480,69,381.28,290.12,3,35.51,25.29
480,69,381.28,290.12,4,8.59,31.76
480,72,43.96,327.60,0,5.28,13.53
480,72,43.96,327.60,1,34.21,1.92
480,72,43.96,327.60,2,27.65,11.07
480,72,43.96,327.60,3,35.51,25.29
480,72,43.96,327.60,4,8.59,31.76
480,73,367.00,226.21,0,5.28,13.53
480,73,367.00,226.21,1,34.21,1.92
480,73,367.00,226.21,2,27.65,11.07
480,73,367.00,226.21,3,35.51,25.29
480,73,367.00,226.21,4,8.59,31.76
480,75,257.24,99.00,0,5.28,13.53
480,75,257.24,99.00,1,34.21,1.92
480,75,257.24,99.00,2,27.65,11.07
480,75,257.24,99.00,3,35.51,25.29
480,75,257.24,99.00,4,8.59,31.76
480,76,360.19,202.90,0,5.28,13.53
480,76,360.19,202.90,1,34.21,1.92
480,76,360.19,202.90,2,27.65,11.07
480,76,360.19,202.90,3,35.51,25.29
480,76,360.19,202.90,4,8.59,31.76
480,78,180.04,375.25,0,5.28,13.53
480,78,180.04,375.25,1,34.21,1.92
480,78,180.04,375.25,2,27.65,11.07
480,78,180.04,375.25,3,35.51,25.29
480,78,180.04,375.25,4,8.59,31.76
480,81,278.46,335.52,0,5.28,13.53
480,81,278.46,335.52,1,34.21,1.92
480,81,278.46,335.52,2,27.65,11.07
480,81,278.46,335.52,3,35.51,25.29
480,81,278.46,335.52,4,8.59,31.76
480,82,349.74,181.58,0,5.28,13.53
480,82,349.74,181.58,1,34.21,1.92
480,82,349.74,181.58,2,27.65,11.07
480,82,349.74,181.58,3,35.51,25.29
480,82,349.74,181.58,4,8.59,31.76
480,83,248.20,78.40,0,5.28,13.53
480,83,248.20,78.40,1,34.21,1.92
480,83,248.20,78.40,2,27.65,11.07
480,83,248.20,78.40,3,35.51,25.29
480,83,248.20,78.40,4,8.59,31.76
480,84,265.21,268.94,0,5.28,13.53
480,84,265.21,268.94,1,34.21,1.92
480,84,265.21,268.94,2,27.65,11.07
480,84,265.21,268.94,3,35.51,25.29
480,84,265.21,268.94,4,8.59,31.76
480,85,353.20,219.54,0,5.28,13.53
480,85,353.20,219.54,1,34.21,1.92
480,85,353.20,219.54,2,27.65,11.07
480,85,353.20,219.54,3,35.51,25.29
480,85,353.20,219.54,4,8.59,31.76
480,87,364.80,15.98,0,5.28,13.53
480,87,364.80,15.98,1,34.21,1.92
480,87,364.80,15.98,2,27.65,11.07
480,87,364.80,15.98,3,35.51,25.29
480,87,364.80,15.98,4,8.59,31.76
480,88,114.39,312.36,0,5.28,13.53
480,88,114.39,312.36,1,34.21,1.92
480,88,114.39,312.36,2,27.65,11.07
480,88,114.39,312.36,3,35.51,25.29
480,88,114.39,312.36,4,8.59,31.76
480,89,291.19,96.46,0,5.28,13.53
480,89,291.19,96.46,1,34.21,1.92
480,89,291.19,96.46,2,27.65,11.07
480,89,291.19,96.46,3,35.51,25.29
480,89,291.19,96.46,4,8.59,31.76
480,90,264.63,82.33,0,5.28,13.53
480,90,264.63,82.33,1,34.21,1.92
480,90,264.63,82.33,2,27.65,11.07
480,90,264.63,82.33,3,35.51,25.29
480,90,264.63,82.33,4,8.59,31.76
480,94,37.00,321.52,0,5.28,13.53
480,94,37.00,321.52,1,34.21,1.92
480,94,37.00,321.52,2,27.65,11.07
480,94,37.00,321.52,3,35.51,25.29
480,94,37.00,321.52,4,8.59,31.76
480,97,278.36,112.68,0,5.28,13.53
480,97,278.36,112.68,1,34.21,1.92
480,97,278.36,112.68,2,27.65,11.07
480,97,278.36,112.68,3,35.51,25.29
480,97,278.36,112.68,4,8.59,31.76
480,98,351.06,3.97,0,5.28,13.53
480,98,351.06,3.97,1,34.21,1.92
480,98,351.06,3.97,2,27.65,11.07
480,98,351.06,3.97,3,35.51,25.29
480,98,351.06,3.97,4,8.59,31.76
480,102,64.07,131.02,0,5.28,13.53
480,102,64.07,131.02,1,34.21,1.92
480,102,64.07,131.02,2,27.65,11.07
480,102,64.07,131.02,3,35.51,25.29
480,102,64.07,131.02,4,8.59,31.76
480,103,62.76,331.40,0,5.28,13.53
480,103,62.76,331.40,1,34.21,1.92
480,103,62.76,331.40,2,27.65,11.07
480,103,62.76,331.40,3,35.51,25.29
480,103,62.76,331.40,4,8.59,31.76
480,104,362.58,5.05,0,5.28,13.53
480,104,362.58,5.05,1,34.21,1.92
480,104,362.58,5.05,2,27.65,11.07
480,104,362.58,5.05,3,35.51,25.29
480,104,362.58,5.05,4,8.59,31.76
480,106,46.66,304.16,0,5.28,13.53
480,106,46.66,304.16,1,34.21,1.92
480,106,46.66,304.16,2,27.65,11.07
480,106,46.66,304.16,3,35.51,25.29
480,106,46.66,304.16,4,8.59,31.76
480,107,280.00,102.33,0,5.28,13.53
480,107,280.00,102.33,1,34.21,1.92
480,107,280.00,102.33,2,27.65,11.07
480,107,280.00,102.33,3,35.51,25.29
480,107,280.00,102.33,4,8.59,31.76
480,108,55.81,107.93,0,5.28,13.53
480,108,55.81,107.93,1,34.21,1.92
480,108,55.81,107.93,2,27.65,11.07
480,108,55.81,107.93,3,35.51,25.29
480,108,55.81,107.93,4,8.59,31.76
480,110,63.64,320.05,0,5.28,13.53
480,110,63.64,320.05,1,34.21,1.92
480,110,63.64,320.05,2,27.65,11.07
480,110,63.64,320.05,3,35.51,25.29
480,110,63.64,320.05,4,8.59,31.76
480,111,366.72,21.24,0,5.28,13.53
480,111,366.72,21.24,1,34.21,1.92
480,111,366.72,21.24,2,27.65,11.07
480,111,366.72,21.24,3,35.51,25.29
480,111,366.72,21.24,4,8.59,31.76
480,112,266.83,105.06,0,5.28,13.53
480,112,266.83,105.06,1,34.21,1.92
480,112,266.83,105.06,2,27.65,11.07
480,112,266.83,105.06,3,35.51,25.29
480,112,266.83,105.06,4,8.59,31.76
480,113,77.19,124.39,0,5.28,13.53
480,113,77.19,124.39,1,34.21,1.92
480,113,77.19,124.39,2,27.65,11.07
480,113,77.19,124.39,3,35.51,25.29
480,113,77.19,124.39,4,8.59,31.76
480,114,136.87,74.68,0,5.28,13.53
480,114,136.87,74.68,1,34.21,1.92
480,114,136.87,74.68,2,27.65,11.07
480,114,136.87,74.68,3,35.51,25.29
480,114,136.87,74.68,4,8.59,31.76
480,115,360.79,235.42,0,5.28,13.53
480,115,360.79,235.42,1,34.21,1.92
480,115,360.79,235.42,2,27.65,11.07
480,115,360.79,235.42,3,35.51,25.29
480,115,360.79,235.42,4,8.59,31.76
480,117,357.06,192.85,0,5.28,13.53
480,117,357.06,192.85,1,34.21,1.92
480,117,357.06,192.85,2,27.65,11.07
480,117,357.06,192.85,3,35.51,25.29
480,117,357.06,192.85,4,8.59,31.76
480,118,72.54,136.13,0,5.28,13.53
480,118,72.54,136.13,1,34.21,1.92
480,118,72.54,136.13,2,27.65,11.07
480,118,72.54,136.13,3,35.51,25.29
480,118,72.54,136.13,4,8.59,31.76
480,119,292.87,109.35,0,5.28,13.53
480,119,292.87,109.35,1,34.21,1.92
480,119,292.87,109.35,2,27.65,11.07
480,119,292.87,109.35,3,35.51,25.29
480,119,292.87,109.35,4,8.59,31.76
480,120,173.81,198.71,0,5.28,13.53
480,120,173.81,198.71,1,34.21,1.92
480,120,173.81,198.71,2,27.65,11.07
480,120,173.81,198.71,3,35.51,25.29
480,120,173.81,198.71,4,8.59,31.76
480,122,88.48,280.65,0,5.28,13.53
480,122,88.48,280.65,1,34.21,1.92
480,122,88.48,280.65,2,27.65,11.07
480,122,88.48,280.65,3,35.51,25.29
480,122,88.48,280.65,4,8.59,31.76
480,123,96.15,317.32,0,5.28,13.53
480,123,96.15,317.32,1,34.21,1.92
480,123,96.15,317.32,2,27.65,11.07
480,123,96.15,317.32,3,35.51,25.29
480,123,96.15,317.32,4,8.59,31.76
480,124,89.72,96.07,0,5.28,13.53
480,124,89.72,96.07,1,34.21,1.92
480,124,89.72,96.07,2,27.65,11.07
480,124,89.72,96.07,3,35.51,25.29
480,124,89.72,96.07,4,8.59,31.76
480,125,354.01,170.67,0,5.28,13.53
480,125,354.01,170.67,1,34.21,1.92
480,125,354.01,170.67,2,27.65,11.07
480,125,354.01,170.67,3,35.51,25.29
480,125,354.01,170.67,4,8.59,31.76
480,128,216.29,353.06,0,5.28,13.53
480,128,216.29,353.06,1,34.21,1.92
480,128,216.29,353.06,2,27.65,11.07
480,128,216.29,353.06,3,35.51,25.29
480,128,216.29,353.06,4,8.59,31.76
480,129,322.54,208.62,0,5.28,13.53
480,129,322.54,208.62,1,34.21,1.92
480,129,322.54,208.62,2,27.65,11.07
480,129,322.54,208.62,3,35.51,25.29
480,129,322.54,208.62,4,8.59,31.76
480,132,359.60,247.58,0,5.28,13.53
480,132,359.60,247.58,1,34.21,1.92
480,132,359.60,247.58,2,27.65,11.07
480,132,359.60,247.58,3,35.51,25.29
480,132,359.60,247.58,4,8.59,31.76
480,135,53.41,311.49,0,5.28,13.53
480,135,53.41,311.49,1,34.21,1.92
480,135,53.41,311.49,2,27.65,11.07
480,135,53.41,311.49,3,35.51,25.29
480,135,53.41,311.49,4,8.59,31.76
480,139,351.25,205.77,0,5.28,13.53
480,139,351.25,205.77,1,34.21,1.92
480,139,351.25,205.77,2,27.65,11.07
480,139,351.25,205.77,3,35.51,25.29
480,139,351.25,205.77,4,8.59,31.76
480,141,357.33,394.29,0,5.28,13.53
480,141,357.33,394.29,1,34.21,1.92
480,141,357.33,394.29,2,27.65,11.07
480,141,357.33,394.29,3,35.51,25.29
480,141,357.33,394.29,4,8.59,31.76
480,143,344.78,287.40,0,5.28,13.53
480,143,344.78,287.40,1,34.21,1.92
480,143,344.78,287.40,2,27.65,11.07
480,143,344.78,287.40,3,35.51,25.29
480,143,344.78,287.40,4,8.59,31.76
480,145,208.59,324.84,0,5.28,13.53
480,145,208.59,324.84,1,34.21,1.92
480,145,208.59,324.84,2,27.65,11.07
480,145,208.59,324.84,3,35.51,25.29
480,145,208.59,324.84,4,8.59,31.76
480,146,77.60,132.73,0,5.28,13.53
480,146,77.60,132.73,1,34.21,1.92
480,146,77.60,132.73,2,27.65,11.07
480,146,77.60,132.73,3,35.51,25.29
480,146,77.60,132.73,4,8.59,31.76
480,150,282.85,109.21,0,5.28,13.53
480,150,282.85,109.21,1,34.21,1.92
480,150,282.85,109.21,2,27.65,11.07
480,150,282.85,109.21,3,35.51,25.29
480,150,282.85,109.21,4,8.59,31.76
480,151,267.79,99.18,0,5.28,13.53
480,151,267.79,99.18,1,34.21,1.92
480,151,267.79,99.18,2,27.65,11.07
480,151,267.79,99.18,3,35.51,25.29
480,151,267.79,99.18,4,8.59,31.76
480,155,276.67,110.33,0,5.28,13.53
480,155,276.67,110.33,1,34.21,1.92
480,155,276.67,110.33,2,27.65,11.07
480,155,276.67,110.33,3,35.51,25.29
480,155,276.67,110.33,4,8.59,31.76
480,156,351.79,254.74,0,5.28,13.53
480,156,351.79,254.74,1,34.21,1.92
480,156,351.79,254.74,2,27.65,11.07
480,156,351.79,254.74,3,35.51,25.29
480,156,351.79,254.74,4,8.59,31.76
480,160,317.27,389.71,0,5.28,13.53
480,160,317.27,389.71,1,34.21,1.92
480,160,317.27,389.71,2,27.65,11.07
480,160,317.27,389.71,3,35.51,25.29
480,160,317.27,389.71,4,8.59,31.76
480,161,145.14,129.01,0,5.28,13.53
480,161,145.14,129.01,1,34.21,1.92
480,161,145.14,129.01,2,27.65,11.07
480,161,145.14,129.01,3,35.51,25.29
480,161,145.14,129.01,4,8.59,31.76
480,162,306.63,315.79,0,5.28,13.53
480,162,306.63,315.79,1,34.21,1.92
480,162,306.63,315.79,2,27.65,11.07
480,162,306.63,315.79,3,35.51,25.29
480,162,306.63,315.79,4,8.59,31.76
480,163,239.28,115.38,0,5.28,13.53
480,163,239.28,115.38,1,34.21,1.92
480,163,239.28,115.38,2,27.65,11.07
480,163,239.28,115.38,3,35.51,25.29
480,163,239.28,115.38,4,8.59,31.76
480,164,62.13,92.03,0,5.28,13.53
480,164,62.13,92.03,1,34.21,1.92
480,164,62.13,92.03,2,27.65,11.07
480,164,62.13,92.03,3,35.51,25.29
480,164,62.13,92.03,4,8.59,31.76
480,165,77.98,115.40,0,5.28,13.53
480,165,77.98,115.40,1,34.21,1.92
480,165,77.98,115.40,2,27.65,11.07
480,165,77.98,115.40,3,35.51,25.29
480,165,77.98,115.40,4,8.59,31.76
480,166,303.23,352.07,0,5.28,13.53
480,166,303.23,352.07,1,34.21,1.92
480,166,303.23,352.07,2,27.65,11.07
480,166,303.23,352.07,3,35.51,25.29
480,166,303.23,352.07,4,8.59,31.76
480,167,365.27,261.76,0,5.28,13.53
480,167,365.27,261.76,1,34.21,1.92
480,167,365.27,261.76,2,27.65,11.07
480,167,365.27,261.76,3,35.51,25.29
480,167,365.27,261.76,4,8.59,31.76
480,168,175.90,276.39,0,5.28,13.53
480,168,175.90,276.39,1,34.21,1.92
480,168,175.90,276.39,2,27.65,11.07
480,168,175.90,276.39,3,35.51,25.29
480,168,175.90,276.39,4,8.59,31.76
480,169,273.30,97.80,0,5.28,13.53
480,169,273.30,97.80,1,34.21,1.92
480,169,273.30,97.80,2,27.65,11.07
480,169,273.30,97.80,3,35.51,25.29
480,169,273.30,97.80,4,8.59,31.76
480,170,342.39,241.06,0,5.28,13.53
480,170,342.39,241.06,1,34.21,1.92
480,170,342.39,241.06,2,27.65,11.07
480,170,342.39,241.06,3,35.51,25.29
480,170,342.39,241.06,4,8.59,31.76
480,173,371.76,210.95,0,5.28,13.53
480,173,371.76,210.95,1,34.21,1.92
480,173,371.76,210.95,2,27.65,11.07
480,173,371.76,210.95,3,35.51,25.29
480,173,371.76,210.95,4,8.59,31.76
480,174,139.47,235.14,0,5.28,13.53
480,174,139.47,235.14,1,34.21,1.92
480,174,139.47,235.14,2,27.65,11.07
480,174,139.47,235.14,3,35.51,25.29
480,174,139.47,235.14,4,8.59,31.76
480,176,69.16,142.24,0,5.28,13.53
480,176,69.16,142.24,1,34.21,1.92
480,176,69.16,142.24,2,27.65,11.07
480,176,69.16,142.24,3,35.51,25.29
480,176,69.16,142.24,4,8.59,31.76
480,177,182.50,277.58,0,5.28,13.53
480,177,182.50,277.58,1,34.21,1.92
480,177,182.50,277.58,2,27.65,11.07
480,177,182.50,277.58,3,35.51,25.29
480,177,182.50,277.58,4,8.59,31.76
480,180,262.75,118.55,0,5.28,13.53
480,180,262.75,118.55,1,34.21,1.92
480,180,262.75,118.55,2,27.65,11.07
480,180,262.75,118.55,3,35.51,25.29
480,180,262.75,118.55,4,8.59,31.76
480,181,54.17,129.87,0,5.28,13.53
480,181,54.17,129.87,1,34.21,1.92
480,181,54.17,129.87,2,27.65,11.07
480,181,54.17,129.87,3,35.51,25.29
480,181,54.17,129.87,4,8.59,31.76
480,184,76.28,112.04,0,5.28,13.53
480,184,76.28,112.04,1,34.21,1.92
480,184,76.28,112.04,2,27.65,11.07
480,184,76.28,112.04,3,35.51,25.29
480,184,76.28,112.04,4,8.59,31.76
480,187,74.16,316.33,0,5.28,13.53
480,187,74.16,316.33,1,34.21,1.92
480,187,74.16,316.33,2,27.65,11.07
480,187,74.16,316.33,3,35.51,25.29
480,187,74.16,316.33,4,8.59,31.76
480,190,65.75,107.14,0,5.28,13.53
480,190,65.75,107.14,1,34.21,1.92
480,190,65.75,107.14,2,27.65,11.07
480,190,65.75,107.14,3,35.51,25.29
480,190,65.75,107.14,4,8.59,31.76
480,193,293.53,104.60,0,5.28,13.53
480,193,293.53,104.60,1,34.21,1.92
480,193,293.53,104.60,2,27.65,11.07
480,193,293.53,104.60,3,35.51,25.29
480,193,293.53,104.60,4,8.59,31.76
480,195,65.78,327.67,0,5.28,13.53
480,195,65.78,327.67,1,34.21,1.92
480,195,65.78,327.67,2,27.65,11.07
480,195,65.78,327.67,3,35.51,25.29
480,195,65.78,327.67,4,8.59,31.76
480,199,65.35,126.27,0,5.28,13.53
480,199,65.35,126.27,1,34.21,1.92
480,199,65.35,126.27,2,27.65,11.07
480,199,65.35,126.27,3,35.51,25.29
480,199,65.35,126.27,4,8.59,31.76
480,200,61.33,121.08,0,5.28,13.53
480,200,61.33,121.08,1,34.21,1.92
480,200,61.33,121.08,2,27.65,11.07
480,200,61.33,121.08,3,35.51,25.29
480,200,61.33,121.08,4,8.59,31.76
480,207,37.25,307.04,0,5.28,13.53
480,207,37.25,307.04,1,34.21,1.92
480,207,37.25,307.04,2,27.65,11.07
480,207,37.25,307.04,3,35.51,25.29
480,207,37.25,307.04,4,8.59,31.76
480,211,75.08,334.88,0,5.28,13.53
480,211,75.08,334.88,1,34.21,1.92
480,211,75.08,334.88,2,27.65,11.07
480,211,75.08,334.88,3,35.51,25.29
480,211,75.08,334.88,4,8.59,31.76
480,212,351.67,242.33,0,5.28,13.53
480,212,351.67,242.33,1,34.21,1.92
480,212,351.67,242.33,2,27.65,11.07
480,212,351.67,242.33,3,35.51,25.29
480,212,351.67,242.33,4,8.59,31.76
480,213,359.10,240.41,0,5.28,13.53
480,213,359.10,240.41,1,34.21,1.92
480,213,359.10,240.41,2,27.65,11.07
480,213,359.10,240.41,3,35.51,25.29
480,213,359.10,240.41,4,8.59,31.76
480,215,239.97,394.27,0,5.28,13.53
480,215,239.97,394.27,1,34.21,1.92
480,215,239.97,394.27,2,27.65,11.07
480,215,239.97,394.27,3,35.51,25.29
480,215,239.97,394.27,4,8.59,31.76
480,216,232.32,390.34,0,5.28,13.53
480,216,232.32,390.34,1,34.21,1.92
480,216,232.32,390.34,2,27.65,11.07
480,216,232.32,390.34,3,35.51,25.29
480,216,232.32,390.34,4,8.59,31.76
480,217,368.68,10.73,0,5.28,13.53
480,217,368.68,10.73,1,34.21,1.92
480,217,368.68,10.73,2,27.65,11.07
480,217,368.68,10.73,3,35.51,25.29
480,217,368.68,10.73,4,8.59,31.76
480,218,263.00,374.75,0,5.28,13.53
480,218,263.00,374.75,1,34.21,1.92
480,218,263.00,374.75,2,27.65,11.07
480,218,263.00,374.75,3,35.51,25.29
480,218,263.00,374.75,4,8.59,31.76
480,219,54.67,124.31,0,5.28,13.53
480,219,54.67,124.31,1,34.21,1.92
480,219,54.67,124.31,2,27.65,11.07
480,219,54.67,124.31,3,35.51,25.29
480,219,54.67,124.31,4,8.59,31.76
480,226,289.15,115.47,0,5.28,13.53
480,226,289.15,115.47,1,34.21,1.92
480,226,289.15,115.47,2,27.65,11.07
480,226,289.15,115.47,3,35.51,25.29
480,226,289.15,115.47,4,8.59,31.76
480,227,54.36,321.45,0,5.28,13.53
480,227,54.36,321.45,1,34.21,1.92
480,227,54.36,321.45,2,27.65,11.07
480,227,54.36,321.45,3,35.51,25.29
480,227,54.36,321.45,4,8.59,31.76
480,228,281.44,89.97,0,5.28,13.53
480,228,281.44,89.97,1,34.21,1.92
480,228,281.44,89.97,2,27.65,11.07
480,228,281.44,89.97,3,35.51,25.29
480,228,281.44,89.97,4,8.59,31.76
480,229,117.78,115.93,0,5.28,13.53
480,229,117.78,115.93,1,34.21,1.92
480,229,117.78,115.93,2,27.65,11.07
480,229,117.78,115.93,3,35.51,25.29
480,229,117.78,115.93,4,8.59,31.76
480,230,117.99,84.17,0,5.28,13.53
480,230,117.99,84.17,1,34.21,1.92
480,230,117.99,84.17,2,27.65,11.07
480,230,117.99,84.17,3,35.51,25.29
480,230,117.99,84.17,4,8.59,31.76
480,231,313.31,286.84,0,5.28,13.53
480,231,313.31,286.84,1,34.21,1.92
480,231,313.31,286.84,2,27.65,11.07
480,231,313.31,286.84,3,35.51,25.29
480,231,313.31,286.84,4,8.59,31.76
480,232,358.02,24.11,0,5.28,13.53
480,232,358.02,24.11,1,34.21,1.92
480,232,358.02,24.11,2,27.65,11.07
480,232,358.02,24.11,3,35.51,25.29
480,232,358.02,24.11,4,8.59,31.76
480,237,144.09,136.80,0,5.28,13.53
480,237,144.09,136.80,1,34.21,1.92
480,237,144.09,136.80,2,27.65,11.07
480,237,144.09,136.80,3,35.51,25.29
480,237,144.09,136.80,4,8.59,31.76
480,238,36.27,313.98,0,5.28,13.53
480,238,36.27,313.98,1,34.21,1.92
480,238,36.27,313.98,2,27.65,11.07
480,238,36.27,313.98,3,35.51,25.29
480,238,36.27,313.98,4,8.59,31.76
480,239,255.19,112.45,0,5.28,13.53
480,239,255.19,112.45,1,34.21,1.92
480,239,255.19,112.45,2,27.65,11.07
480,239,255.19,112.45,3,35.51,25.29
480,239,255.19,112.45,4,8.59,31.76
480,240,94.31,273.12,0,5.28,13.53
480,240,94.31,273.12,1,34.21,1.92
480,240,94.31,273.12,2,27.65,11.07
480,240,94.31,273.12,3,35.51,25.29
480,240,94.31,273.12,4,8.59,31.76
480,241,359.39,230.02,0,5.28,13.53
480,241,359.39,230.02,1,34.21,1.92
480,241,359.39,230.02,2,27.65,11.07
480,241,359.39,230.02,3,35.51,25.29
480,241,359.39,230.02,4,8.59,31.76
480,242,251.92,220.14,0,5.28,13.53
480,242,251.92,220.14,1,34.21,1.92
480,242,251.92,220.14,2,27.65,11.07
480,242,251.92,220.14,3,35.51,25.29
480,242,251.92,220.14,4,8.59,31.76
480,244,124.64,325.50,0,5.28,13.53
480,244,124.64,325.50,1,34.21,1.92
480,244,124.64,325.50,2,27.65,11.07
480,244,124.64,325.50,3,35.51,25.29
480,244,124.64,325.50,4,8.59,31.76
480,245,267.65,112.20,0,5.28,13.53
480,245,267.65,112.20,1,34.21,1.92
480,245,267.65,112.20,2,27.65,11.07
480,245,267.65,112.20,3,35.51,25.29
480,245,267.65,112.20,4,8.59,31.76
480,248,354.84,248.98,0,5.28,13.53
480,248,354.84,248.98,1,34.21,1.92
480,248,354.84,248.98,2,27.65,11.07
480,248,354.84,248.98,3,35.51,25.29
480,248,354.84,248.98,4,8.59,31.76
480,249,392.43,378.39,0,5.28,13.53
480,249,392.43,378.39,1,34.21,1.92
480,249,392.43,378.39,2,27.65,11.07
480,249,392.43,378.39,3,35.51,25.29
480,249,392.43,378.39,4,8.59,31.76
480,250,281.97,278.85,0,5.28,13.53
480,250,281.97,278.85,1,34.21,1.92
480,250,281.97,278.85,2,27.65,11.07
480,250,281.97,278.85,3,35.51,25.29
480,250,281.97,278.85,4,8.59,31.76
480,252,59.46,116.26,0,5.28,13.53
480,252,59.46,116.26,1,34.21,1.92
480,252,59.46,116.26,2,27.65,11.07
480,252,59.46,116.26,3,35.51,25.29
480,252,59.46,116.26,4,8.59,31.76
480,253,343.46,225.50,0,5.28,13.53
480,253,343.46,225.50,1,34.21,1.92
480,253,343.46,225.50,2,27.65,11.07
480,253,343.46,225.50,3,35.51,25.29
480,253,343.46,225.50,4,8.59,31.76
480,254,361.14,218.34,0,5.28,13.53
480,254,361.14,218.34,1,34.21,1.92
480,254,361.14,218.34,2,27.65,11.07
480,254,361.14,218.34,3,35.51,25.29
480,254,361.14,218.34,4,8.59,31.76
480,259,82.98,118.64,0,5.28,13.53
480,259,82.98,118.64,1,34.21,1.92
480,259,82.98,118.64,2,27.65,11.07
480,259,82.98,118.64,3,35.51,25.29
480,259,82.98,118.64,4,8.59,31.76
480,260,335.11,331.10,0,5.28,13.53
480,260,335.11,331.10,1,34.21,1.92
480,260,335.11,331.10,2,27.65,11.07
480,260,335.11,331.10,3,35.51,25.29
480,260,335.11,331.10,4,8.59,31.76
480,262,132.69,108.97,0,5.28,13.53
480,262,132.69,108.97,1,34.21,1.92
480,262,132.69,108.97,2,27.65,11.07
480,262,132.69,108.97,3,35.51,25.29
480,262,132.69,108.97,4,8.59,31.76
480,263,121.91,98.14,0,5.28,13.53
480,263,121.91,98.14,1,34.21,1.92
480,263,121.91,98.14,2,27.65,11.07
480,263,121.91,98.14,3,35.51,25.29
480,263,121.91,98.14,4,8.59,31.76
480,265,224.34,331.13,0,5.28,13.53
480,265,224.34,331.13,1,34.21,1.92
480,265,224.34,331.13,2,27.65,11.07
480,265,224.34,331.13,3,35.51,25.29
480,265,224.34,331.13,4,8.59,31.76
480,266,63.13,311.62,0,5.28,13.53
480,266,63.13,311.62,1,34.21,1.92
480,266,63.13,311.62,2,27.65,11.07
480,266,63.13,311.62,3,35.51,25.29
480,266,63.13,311.62,4,8.59,31.76
480,267,247.78,84.94,0,5.28,13.53
480,267,247.78,84.94,1,34.21,1.92
480,267,247.78,84.94,2,27.65,11.07
480,267,247.78,84.94,3,35.51,25.29
480,267,247.78,84.94,4,8.59,31.76
480,269,59.49,131.84,0,5.28,13.53
480,269,59.49,131.84,1,34.21,1.92
480,269,59.49,131.84,2,27.65,11.07
480,269,59.49,131.84,3,35.51,25.29
480,269,59.49,131.84,4,8.59,31.76
480,273,48.04,314.09,0,5.28,13.53
480,273,48.04,314.09,1,34.21,1.92
480,273,48.04,314.09,2,27.65,11.07
480,273,48.04,314.09,3,35.51,25.29
480,273,48.04,314.09,4,8.59,31.76
480,274,97.06,76.09,0,5.28,13.53
480,274,97.06,76.09,1,34.21,1.92
480,274,97.06,76.09,2,27.65,11.07
480,274,97.06,76.09,3,35.51,25.29
480,274,97.06,76.09,4,8.59,31.76
480,277,333.80,219.01,0,5.28,13.53
480,277,333.80,219.01,1,34.21,1.92
480,277,333.80,219.01,2,27.65,11.07
480,277,333.80,219.01,3,35.51,25.29
480,277,333.80,219.01,4,8.59,31.76
480,278,54.76,337.44,0,5.28,13.53
480,278,54.76,337.44,1,34.21,1.92
480,278,54.76,337.44,2,27.65,11.07
480,278,54.76,337.44,3,35.51,25.29
480,278,54.76,337.44,4,8.59,31.76
480,279,198.02,394.55,0,5.28,13.53
480,279,198.02,394.55,1,34.21,1.92
480,279,198.02,394.55,2,27.65,11.07
480,279,198.02,394.55,3,35.51,25.29
480,279,198.02,394.55,4,8.59,31.76
480,281,274.86,85.54,0,5.28,13.53
480,281,274.86,85.54,1,34.21,1.92
480,281,274.86,85.54,2,27.65,11.07
480,281,274.86,85.54,3,35.51,25.29
480,281,274.86,85.54,4,8.59,31.76
480,282,352.20,234.10,0,5.28,13.53
480,282,352.20,234.10,1,34.21,1.92
480,282,352.20,234.10,2,27.65,11.07
480,282,352.20,234.10,3,35.51,25.29
480,282,352.20,234.10,4,8.59,31.76
480,283,347.97,221.96,0,5.28,13.53
480,283,347.97,221.96,1,34.21,1.92
480,283,347.97,221.96,2,27.65,11.07
480,283,347.97,221.96,3,35.51,25.29
480,283,347.97,221.96,4,8.59,31.76
480,285,208.25,355.66,0,5.28,13.53
480,285,208.25,355.66,1,34.21,1.92
480,285,208.25,355.66,2,27.65,11.07
480,285,208.25,355.66,3,35.51,25.29
480,285,208.25,355.66,4,8.59,31.76
480,286,276.37,323.94,0,5.28,13.53
480,286,276.37,323.94,1,34.21,1.92
480,286,276.37,323.94,2,27.65,11.07
480,286,276.37,323.94,3,35.51,25.29
480,286,276.37,323.94,4,8.59,31.76
480,288,90.49,69.25,0,5.28,13.53
480,288,90.49,69.25,1,34.21,1.92
480,288,90.49,69.25,2,27.65,11.07
480,288,90.49,69.25,3,35.51,25.29
480,288,90.49,69.25,4,8.59,31.76
480,290,344.96,245.64,0,5.28,13.53
480,290,344.96,245.64,1,34.21,1.92
480,290,344.96,245.64,2,27.65,11.07
480,290,344.96,245.64,3,35.51,25.29
480,290,344.96,245.64,4,8.59,31.76
480,291,70.79,111.11,0,5.28,13.53
480,291,70.79,111.11,1,34.21,1.92
480,291,70.79,111.11,2,27.65,11.07
480,291,70.79,111.11,3,35.51,25.29
480,291,70.79,111.11,4,8.59,31.76
480,292,304.80,276.95,0,5.28,13.53
480,292,304.80,276.95,1,34.21,1.92
480,292,304.80,276.95,2,27.65,11.07
480,292,304.80,276.95,3,35.51,25.29
480,292,304.80,276.95,4,8.59,31.76
480,297,356.94,225.03,0,5.28,13.53
480,297,356.94,225.03,1,34.21,1.92
480,297,356.94,225.03,2,27.65,11.07
480,297,356.94,225.03,3,35.51,25.29
480,297,356.94,225.03,4,8.59,31.76
480,298,368.18,24.84,0,5.28,13.53
480,298,368.18,24.84,1,34.21,1.92
480,298,368.18,24.84,2,27.65,11.07
480,298,368.18,24.84,3,35.51,25.29
480,298,368.18,24.84,4,8.59,31.76
480,300,214.75,329.41,0,5.28,13.53
480,300,214.75,329.41,1,34.21,1.92
480,300,214.75,329.41,2,27.65,11.07
480,300,214.75,329.41,3,35.51,25.29
480,300,214.75,329.41,4,8.59,31.76
490,3,144.68,286.43,0,4.90,14.00
490,3,144.68,286.43,1,34.21,1.75
490,3,144.68,286.43,2,27.83,11.23
490,3,144.68,286.43,3,35.84,26.09
490,3,144.68,286.43,4,9.84,31.28
490,6,62.02,308.17,0,4.90,14.00
490,6,62.02,308.17,1,34.21,1.75
490,6,62.02,308.17,2,27.83,11.23
490,6,62.02,308.17,3,35.84,26.09
490,6,62.02,308.17,4,9.84,31.28
490,8,78.52,345.73,0,4.90,14.00
490,8,78.52,345.73,1,34.21,1.75
490,8,78.52,345.73,2,27.83,11.23
490,8,78.52,345.73,3,35.84,26.09
490,8,78.52,345.73,4,9.84,31.28
490,9,340.21,233.06,0,4.90,14.00
490,9,340.21,233.06,1,34.21,1.75
490,9,340.21,233.06,2,27.83,11.23
490,9,340.21,233.06,3,35.84,26.09
490,9,340.21,233.06,4,9.84,31.28
490,11,129.47,117.52,0,4.90,14.00
490,11,129.47,117.52,1,34.21,1.75
490,11,129.47,117.52,2,27.83,11.23
490,11,129.47,117.52,3,35.84,26.09
490,11,129.47,117.52,4,9.84,31.28
490,13,105.18,105.10,0,4.90,14.00
490,13,105.18,105.10,1,34.21,1.75
490,13,105.18,105.10,2,27.83,11.23
490,13,105.18,105.10,3,35.84,26.09
490,13,105.18,105.10,4,9.84,31.28
490,14,35.14,327.57,0,4.90,14.00
490,14,35.14,327.57,1,34.21,1.75
490,14,35.14,327.57,2,27.83,11.23
490,14,35.14,327.57,3,35.84,26.09
490,14,35.14,327.57,4,9.84,31.28
490,18,115.71,330.88,0,4.90,14.00
490,18,115.71,330.88,1,34.21,1.75
490,18,115.71,330.88,2,27.83,11.23
490,18,115.71,330.88,3,35.84,26.09
490,18,115.71,330.88,4,9.84,31.28
490,20,203.61,391.88,0,4.90,14.00
490,20,203.61,391.88,1,34.21,1.75
490,20,203.61,391.88,2,27.83,11.23
490,20,203.61,391.88,3,35.84,26.09
490,20,203.61,391.88,4,9.84,31.28
490,21,372.75,198.27,0,4.90,14.00
490,21,372.75,198.27,1,34.21,1.75
490,21,372.75,198.27,2,27.83,11.23
490,21,372.75,198.27,3,35.84,26.09
490,21,372.75,198.27,4,9.84,31.28
490,22,297.81,394.11,0,4.90,14.00
490,22,297.81,394.11,1,34.21,1.75
490,22,297.81,394.11,2,27.83,11.23
490,22,297.81,394.11,3,35.84,26.09
490,22,297.81,394.11,4,9.84,31.28
490,24,101.95,99.32,0,4.90,14.00
490,24,101.95,99.32,1,34.21,1.75
490,24,101.95,99.32,2,27.83,11.23
490,24,101.95,99.32,3,35.84,26.09
490,24,101.95,99.32,4,9.84,31.28
490,26,285.21,93.23,0,4.90,14.00
490,26,285.21,93.23,1,34.21,1.75
490,26,285.21,93.23,2,27.83,11.23
490,26,285.21,93.23,3,35.84,26.09
490,26,285.21,93.23,4,9.84,31.28
490,28,374.13,294.19,0,4.90,14.00
490,28,374.13,294.19,1,34.21,1.75
490,28,374.13,294.19,2,27.83,11.23
490,28,374.13,294.19,3,35.84,26.09
490,28,374.13,294.19,4,9.84,31.28
490,29,85.83,300.02,0,4.90,14.00
490,29,85.83,300.02,1,34.21,1.75
490,29,85.83,300.02,2,27.83,11.23
490,29,85.83,300.02,3,35.84,26.09
490,29,85.83,300.02,4,9.84,31.28
490,31,270.93,95.88,0,4.90,14.00
490,31,270.93,95.88,1,34.21,1.75
490,31,270.93,95.88,2,27.83,11.23
490,31,270.93,95.88,3,35.84,26.09
490,31,270.93,95.88,4,9.84,31.28
490,36,54.00,320.33,0,4.90,14.00
490,36,54.00,320.33,1,34.21,1.75
490,36,54.00,320.33,2,27.83,11.23
490,36,54.00,320.33,3,35.84,26.09
490,36,54.00,320.33,4,9.84,31.28
490,38,80.81,274.38,0,4.90,14.00
490,38,80.81,274.38,1,34.21,1.75
490,38,80.81,274.38,2,27.83,11.23
490,38,80.81,274.38,3,35.84,26.09
490,38,80.81,274.38,4,9.84,31.28
490,39,76.79,142.93,0,4.90,14.00
490,39,76.79,142.93,1,34.21,1.75
490,39,76.79,142.93,2,27.83,11.23
490,39,76.79,142.93,3,35.84,26.09
490,39,76.79,142.93,4,9.84,31.28
490,41,306.78,266.68,0,4.90,14.00
490,41,306.78,266.68,1,34.21,1.75
490,41,306.78,266.68,2,27.83,11.23
490,41,306.78,266.68,3,35.84,26.09
490,41,306.78,266.68,4,9.84,31.28
490,49,274.75,109.00,0,4.90,14.00
490,49,274.75,109.00,1,34.21,1.75
490,49,274.75,109.00,2,27.83,11.23
490,49,274.75,109.00,3,35.84,26.09
490,49,274.75,109.00,4,9.84,31.28
490,50,343.20,253.91,0,4.90,14.00
490,50,343.20,253.91,1,34.21,1.75
490,50,343.20,253.91,2,27.83,11.23
490,50,343.20,253.91,3,35.84,26.09
490,50,343.20,253.91,4,9.84,31.28
490,53,339.72,236.03,0,4.90,14.00
490,53,339.72,236.03,1,34.21,1.75
490,53,339.72,236.03,2,27.83,11.23
490,53,339.72,236.03,3,35.84,26.09
490,53,339.72,236.03,4,9.84,31.28
490,54,348.98,14.54,0,4.90,14.00
490,54,348.98,14.54,1,34.21,1.75
490,54,348.98,14.54,2,27.83,11.23
490,54,348.98,14.54,3,35.84,26.09
490,54,348.98,14.54,4,9.84,31.28
490,55,339.33,241.34,0,4.90,14.00
490,55,339.33,241.34,1,34.21,1.75
490,55,339.33,241.34,2,27.83,11.23
490,55,339.33,241.34,3,35.84,26.09
490,55,339.33,241.34,4,9.84,31.28
490,60,120.05,304.61,0,4.90,14.00
490,60,120.05,304.61,1,34.21,1.75
490,60,120.05,304.61,2,27.83,11.23
490,60,120.05,304.61,3,35.84,26.09
490,60,120.05,304.61,4,9.84,31.28
490,62,51.43,332.60,0,4.90,14.00
490,62,51.43,332.60,1,34.21,1.75
490,62,51.43,332.60,2,27.83,11.23
490,62,51.43,332.60,3,35.84,26.09
490,62,51.43,332.60,4,9.84,31.28
490,63,80.06,128.98,0,4.90,14.00
490,63,80.06,128.98,1,34.21,1.75
490,63,80.06,128.98,2,27.83,11.23
490,63,80.06,128.98,3,35.84,26.09
490,63,80.06,128.98,4,9.84,31.28
490,66,58.38,327.19,0,4.90,14.00
490,66,58.38,327.19,1,34.21,1.75
490,66,58.38,327.19,2,27.83,11.23
490,66,58.38,327.19,3,35.84,26.09
490,66,58.38,327.19,4,9.84,31.28
490,67,63.34,149.46,0,4.90,14.00
490,67,63.34,149.46,1,34.21,1.75
490,67,63.34,149.46,2,27.83,11.23
490,67,63.34,149.46,3,35.84,26.09
490,67,63.34,149.46,4,9.84,31.28
490,68,194.66,338.78,0,4.90,14.00
490,68,194.66,338.78,1,34.21,1.75
490,68,194.66,338.78,2,27.83,11.23
490,68,194.66,338.78,3,35.84,26.09
490,68,194.66,338.78,4,9.84,31.28
490,69,381.88,287.63,0,4.90,14.00
490,69,381.88,287.63,1,34.21,1.75
490,69,381.88,287.63,2,27.83,11.23
490,69,381.88,287.63,3,35.84,26.09
490,69,381.88,287.63,4,9.84,31.28
490,72,46.89,327.69,0,4.90,14.00
490,72,46.89,327.69,1,34.21,1.75
490,72,46.89,327.69,2,27.83,11.23
490,72,46.89,327.69,3,35.84,26.09
490,72,46.89,327.69,4,9.84,31.28
490,73,367.10,230.15,0,4.90,14.00
490,73,367.10,230.15,1,34.21,1.75
490,73,367.10,230.15,2,27.83,11.23
490,73,367.10,230.15,3,35.84,26.09
490,73,367.10,230.15,4,9.84,31.28
490,75,260.13,99.70,0,4.90,14.00
490,75,260.13,99.70,1,34.21,1.75
490,75,260.13,99.70,2,27.83,11.23
490,75,260.13,99.70,3,35.84,26.09
490,75,260.13,99.70,4,9.84,31.28
490,76,361.53,208.00,0,4.90,14.00
490,76,361.53,208.00,1,34.21,1.75
490,76,361.53,208.00,2,27.83,11.23
490,76,361.53,208.00,3,35.84,26.09
490,76,361.53,208.00,4,9.84,31.28
490,78,180.01,374.92,0,4.90,14.00
490,78,180.01,374.92,1,34.21,1.75
490,78,180.01,374.92,2,27.83,11.23
490,78,180.01,374.92,3,35.84,26.09
490,78,180.01,374.92,4,9.84,31.28
490,81,280.53,332.95,0,4.90,14.00
490,81,280.53,332.95,1,34.21,1.75
490,81,280.53,332.95,2,27.83,11.23
490,81,280.53,332.95,3,35.84,26.09
490,81,280.53,332.95,4,9.84,31.28
490,82,350.61,183.59,0,4.90,14.00
490,82,350.61,183.59,1,34.21,1.75
490,82,350.61,183.59,2,27.83,11.23
490,82,350.61,183.59,3,35.84,26.09
490,82,350.61,183.59,4,9.84,31.28
490,83,250.01,81.31,0,4.90,14.00
490,83,250.01,81.31,1,34.21,1.75
490,83,250.01,81.31,2,27.83,11.23
490,83,250.01,81.31,3,35.84,26.09
490,83,250.01,81.31,4,9.84,31.28
490,84,267.10,267.54,0,4.90,14.00
490,84,267.10,267.54,1,34.21,1.75
490,84,267.10,267.54,2,27.83,11.23
490,84,267.10,267.54,3,35.84,26.09
490,84,267.10,267.54,4,9.84,31.28
490,85,355.10,220.22,0,4.90,14.00
490,85,355.10,220.22,1,34.21,1.75
490,85,355.10,220.22,2,27.83,11.23
490,85,355.10,220.22,3,35.84,26.09
490,85,355.10,220.22,4,9.84,31.28
490,87,362.32,16.57,0,4.90,14.00
490,87,362.32,16.57,1,34.21,1.75
490,87,362.32,16.57,2,27.83,11.23
490,87,362.32,16.57,3,35.84,26.09
490,87,362.32,16.57,4,9.84,31.28
490,88,111.76,312.95,0,4.90,14.00
490,88,111.76,312.95,1,34.21,1.75
490,88,111.76,312.95,2,27.83,11.23
490,88,111.76,312.95,3,35.84,26.09
490,88,111.76,312.95,4,9.84,31.28
490,89,289.18,98.62,0,4.90,14.00
490,89,289.18,98.62,1,34.21,1.75
490,89,289.18,98.62,2,27.83,11.23
490,89,289.18,98.62,3,35.84,26.09
490,89,289.18,98.62,4,9.84,31.28
490,90,264.68,83.90,0,4.90,14.00
490,90,264.68,83.90,1,34.21,1.75
490,90,264.68,83.90,2,27.83,11.23
490,90,264.68,83.90,3,35.84,26.09
490,90,264.68,83.90,4,9.84,31.28
490,94,41.03,320.77,0,4.90,14.00
490,94,41.03,320.77,1,34.21,1.75
490,94,41.03,320.77,2,27.83,11.23
490,94,41.03,320.77,3,35.84,26.09
490,94,41.03,320.77,4,9.84,31.28
490,97,277.18,113.24,0,4.90,14.00
490,97,277.18,113.24,1,34.21,1.75
490,97,277.18,113.24,2,27.83,11.23
490,97,277.18,113.24,3,35.84,26.09
490,97,277.18,113.24,4,9.84,31.28
490,98,349.27,4.18,0,4.90,14.00
490,98,349.27,4.18,1,34.21,1.75
490,98,349.27,4.18,2,27.83,11.23
490,98,349.27,4.18,3,35.84,26.09
490,98,349.27,4.18,4,9.84,31.28
490,102,60.16,133.50,0,4.90,14.00
490,102,60.16,133.50,1,34.21,1.75
490,102,60.16,133.50,2,27.83,11.23
490,102,60.16,133.50,3,35.84,26.09
490,102,60.16,133.50,4,9.84,31.28
490,103,67.50,328.86,0,4.90,14.00
490,103,67.50,328.86,1,34.21,1.75
490,103,67.50,328.86,2,27.83,11.23
490,103,67.50,328.86,3,35.84,26.09
490,103,67.50,328.86,4,9.84,31.28
490,104,360.70,5.92,0,4.90,14.00
490,104,360.70,5.92,1,34.21,1.75
490,104,360.70,5.92,2,27.83,11.23
490,104,360.70,5.92,3,35.84,26.09
490,104,360.70,5.92,4,9.84,31.28
490,106,50.21,303.57,0,4.90,14.00
490,106,50.21,303.57,1,34.21,1.75
490,106,50.21,303.57,2,27.83,11.23
490,106,50.21,303.57,3,35.84,26.09
490,106,50.21,303.57,4,9.84,31.28
490,107,280.56,105.11,0,4.90,14.00
490,107,280.56,105.11,1,34.21,1.75
490,107,280.56,105.11,2,27.83,11.23
490,107,280.56,105.11,3,35.84,26.09
490,107,280.56,105.11,4,9.84,31.28
490,108,55.45,111.86,0,4.90,14.00
490,108,55.45,111.86,1,34.21,1.75
490,108,55.45,111.86,2,27.83,11.23
490,108,55.45,111.86,3,35.84,26.09
490,108,55.45,111.86,4,9.84,31.28
490,110,69.08,319.92,0,4.90,14.00
490,110,69.08,319.92,1,34.21,1.75
490,110,69.08,319.92,2,27.83,11.23
490,110,69.08,319.92,3,35.84,26.09
490,110,69.08,319.92,4,9.84,31.28
490,111,365.14,21.66,0,4.90,14.00
490,111,365.14,21.66,1,34.21,1.75
490,111,365.14,21.66,2,27.83,11.23
490,111,365.14,21.66,3,35.84,26.09
490,111,365.14,21.66,4,9.84,31.28
490,112,266.53,106.94,0,4.90,14.00
490,112,266.53,106.94,1,34.21,1.75
490,112,266.53,106.94,2,27.83,11.23
490,112,266.53,106.94,3,35.84,26.09
490,112,266.53,106.94,4,9.84,31.28
490,113,74.63,125.92,0,4.90,14.00
490,113,74.63,125.92,1,34.21,1.75
490,113,74.63,125.92,2,27.83,11.23
490,113,74.63,125.92,3,35.84,26.09
490,113,74.63,125.92,4,9.84,31.28
490,114,134.69,77.52,0,4.90,14.00
490,114,134.69,77.52,1,34.21,1.75
490,114,134.69,77.52,2,27.83,11.23
490,114,134.69,77.52,3,35.84,26.09
490,114,134.69,77.52,4,9.84,31.28
490,115,360.39,238.38,0,4.90,14.00
490,115,360.39,238.38,1,34.21,1.75
490,115,360.39,238.38,2,27.83,11.23
490,115,360.39,238.38,3,35.84,26.09
490,115,360.39,238.38,4,9.84,31.28
490,117,357.96,197.24,0,4.90,14.00
490,117,357.96,197.24,1,34.21,1.75
490,117,357.96,197.24,2,27.83,11.23
490,117,357.96,197.24,3,35.84,26.09
490,117,357.96,197.24,4,9.84,31.28
490,118,67.72,137.44,0,4.90,14.00
490,118,67.72,137.44,1,34.21,1.75
490,118,67.72,137.44,2,27.83,11.23
490,118,67.72,137.44,3,35.84,26.09
490,118,67.72,137.44,4,9.84,31.28
490,119,291.00,110.22,0,4.90,14.00
490,119,291.00,110.22,1,34.21,1.75
490,119,291.00,110.22,2,27.83,11.23
490,119,291.00,110.22,3,35.84,26.09
490,119,291.00,110.22,4,9.84,31.28
490,120,171.84,201.92,0,4.90,14.00
490,120,171.84,201.92,1,34.21,1.75
490,120,171.84,201.92,2,27.83,11.23
490,120,171.84,201.92,3,35.84,26.09
490,120,171.84,201.92,4,9.84,31.28
490,122,87.25,282.97,0,4.90,14.00
490,122,87.25,282.97,1,34.21,1.75
490,122,87.25,282.97,2,27.83,11.23
490,122,87.25,282.97,3,35.84,26.09
490,122,87.25,282.97,4,9.84,31.28
490,123,94.94,316.02,0,4.90,14.00
490,123,94.94,316.02,1,34.21,1.75
490,123,94.94,316.02,2,27.83,11.23
490,123,94.94,316.02,3,35.84,26.09
490,123,94.94,316.02,4,9.84,31.28
490,124,88.07,98.39,0,4.90,14.00
490,124,88.07,98.39,1,34.21,1.75
490,124,88.07,98.39,2,27.83,11.23
490,124,88.07,98.39,3,35.84,26.09
490,124,88.07,98.39,4,9.84,31.28
490,125,352.99,173.14,0,4.90,14.00
490,125,352.99,173.14,1,34.21,1.75
490,125,352.99,173.14,2,27.83,11.23
490,125,352.99,173.14,3,35.84,26.09
490,125,352.99,173.14,4,9.84,31.28
490,128,211.72,352.55,0,4.90,14.00
490,128,211.72,352.55,1,34.21,1.75
490,128,211.72,352.55,2,27.83,11.23
490,128,211.72,352.55,3,35.84,26.09
490,128,211.72,352.55,4,9.84,31.28
490,129,323.29,210.60,0,4.90,14.00
490,129,323.29,210.60,1,34.21,1.75
490,129,323.29,210.60,2,27.83,11.23
490,129,323.29,210.60,3,35.84,26.09
490,129,323.29,210.60,4,9.84,31.28
490,132,359.35,250.65,0,4.90,14.00
490,132,359.35,250.65,1,34.21,1.75
490,132,359.35,250.65,2,27.83,11.23
490,132,359.35,250.65,3,35.84,26.09
490,132,359.35,250.65,4,9.84,31.28
490,135,57.77,313.41,0,4.90,14.00
490,135,57.77,313.41,1,34.21,1.75
490,135,57.77,313.41,2,27.83,11.23
490,135,57.77,313.41,3,35.84,26.09
490,135,57.77,313.41,4,9.84,31.28
490,139,352.67,209.22,0,4.90,14.00
490,139,352.67,209.22,1,34.21,1.75
490,139,352.67,209.22,2,27.83,11.23
490,139,352.67,209.22,3,35.84,26.09
490,139,352.67,209.22,4,9.84,31.28
490,141,355.94,393.59,0,4.90,14.00
490,141,355.94,393.59,1,34.21,1.75
490,141,355.94,393.59,2,27.83,11.23
490,141,355.94,393.59,3,35.84,26.09
490,141,355.94,393.59,4,9.84,31.28
490,143,345.72,285.72,0,4.90,14.00
490,143,345.72,285.72,1,34.21,1.75
490,143,345.72,285.72,2,27.83,11.23
490,143,345.72,285.72,3,35.84,26.09
490,143,345.72,285.72,4,9.84,31.28
490,145,205.27,325.25,0,4.90,14.00
490,145,205.27,325.25,1,34.21,1.75
490,145,205.27,325.25,2,27.83,11.23
490,145,205.27,325.25,3,35.84,26.09
490,145,205.27,325.25,4,9.84,31.28
490,146,74.65,134.58,0,4.90,14.00
490,146,74.65,134.58,1,34.21,1.75
490,146,74.65,134.58,2,27.83,11.23
490,146,74.65,134.58,3,35.84,26.09
490,146,74.65,134.58,4,9.84,31.28
490,150,281.39,114.57,0,4.90,14.00
490,150,281.39,114.57,1,34.21,1.75
490,150,281.39,114.57,2,27.83,11.23
490,150,281.39,114.57,3,35.84,26.09
490,150,281.39,114.57,4,9.84,31.28
490,151,266.70,99.31,0,4.90,14.00
490,151,266.70,99.31,1,34.21,1.75
490,151,266.70,99.31,2,27.83,11.23
490,151,266.70,99.31,3,35.84,26.09
490,151,266.70,99.31,4,9.84,31.28
490,156,353.79,256.51,0,4.90,14.00
490,156,353.79,256.51,1,34.21,1.75
490,156,353.79,256.51,2,27.83,11.23
490,156,353.79,256.51,3,35.84,26.09
490,156,353.79,256.51,4,9.84,31.28
490,160,317.53,391.41,0,4.90,14.00
490,160,317.53,391.41,1,34.21,1.75
490,160,317.53,391.41,2,27.83,11.23
490,160,317.53,391.41,3,35.84,26.09
490,160,317.53,391.41,4,9.84,31.28
490,161,141.33,130.03,0,4.90,14.00
490,161,141.33,130.03,1,34.21,1.75
490,161,141.33,130.03,2,27.83,11.23
490,161,141.33,130.03,3,35.84,26.09
490,161,141.33,130.03,4,9.84,31.28
490,162,308.62,313.90,0,4.90,14.00
490,162,308.62,313.90,1,34.21,1.75
490,162,308.62,313.90,2,27.83,11.23
490,162,308.62,313.90,3,35.84,26.09
490,162,308.62,313.90,4,9.84,31.28
490,163,241.75,114.73,0,4.90,14.00
490,163,241.75,114.73,1,34.21,1.75
490,163,241.75,114.73,2,27.83,11.23
490,163,241.75,114.73,3,35.84,26.09
490,163,241.75,114.73,4,9.84,31.28
490,164,61.30,95.29,0,4.90,14.00
490,164,61.30,95.29,1,34.21,1.75
490,164,61.30,95.29,2,27.83,11.23
490,164,61.30,95.29,3,35.84,26.09
490,164,61.30,95.29,4,9.84,31.28
490,165,76.14,117.45,0,4.90,14.00
490,165,76.14,117.45,1,34.21,1.75
490,165,76.14,117.45,2,27.83,11.23
490,165,76.14,117.45,3,35.84,26.09
490,165,76.14,117.45,4,9.84,31.28
490,166,304.38,349.65,0,4.90,14.00
490,166,304.38,349.65,1,34.21,1.75
490,166,304.38,349.65,2,27.83,11.23
490,166,304.38,349.65,3,35.84,26.09
490,166,304.38,349.65,4,9.84,31.28
490,167,364.22,261.54,0,4.90,14.00
490,167,364.22,261.54,1,34.21,1.75
490,167,364.22,261.54,2,27.83,11.23
490,167,364.22,261.54,3,35.84,26.09
490,167,364.22,261.54,4,9.84,31.28
490,168,173.30,275.91,0,4.90,14.00
490,168,173.30,275.91,1,34.21,1.75
490,168,173.30,275.91,2,27.83,11.23
490,168,173.30,275.91,3,35.84,26.09
490,168,173.30,275.91,4,9.84,31.28
490,169,274.15,100.35,0,4.90,14.00
490,169,274.15,100.35,1,34.21,1.75
490,169,274.15,100.35,2,27.83,11.23
490,169,274.15,100.35,3,35.84,26.09
490,169,274.15,100.35,4,9.84,31.28
490,170,344.63,240.50,0,4.90,14.00
490,170,344.63,240.50,1,34.21,1.75
490,170,344.63,240.50,2,27.83,11.23
490,170,344.63,240.50,3,35.84,26.09
490,170,344.63,240.50,4,9.84,31.28
490,173,370.21,213.35,0,4.90,14.00
490,173,370.21,213.35,1,34.21,1.75
490,173,370.21,213.35,2,27.83,11.23
490,173,370.21,213.35,3,35.84,26.09
490,173,370.21,213.35,4,9.84,31.28
490,174,138.93,237.12,0,4.90,14.00
490,174,138.93,237.12,1,34.21,1.75
490,174,138.93,237.12,2,27.83,11.23
490,174,138.93,237.12,3,35.84,26.09
490,174,138.93,237.12,4,9.84,31.28
490,176,65.88,143.67,0,4.90,14.00
490,176,65.88,143.67,1,34.21,1.75
490,176,65.88,143.67,2,27.83,11.23
490,176,65.88,143.67,3,35.84,26.09
490,176,65.88,143.67,4,9.84,31.28
490,177,179.74,280.09,0,4.90,14.00
490,177,179.74,280.09,1,34.21,1.75
490,177,179.74,280.09,2,27.83,11.23
490,177,179.74,280.09,3,35.84,26.09
490,177,179.74,280.09,4,9.84,31.28
490,180,264.33,118.48,0,4.90,14.00
490,180,264.33,118.48,1,34.21,1.75
490,180,264.33,118.48,2,27.83,11.23
490,180,264.33,118.48,3,35.84,26.09
490,180,264.33,118.48,4,9.84,31.28
490,181,53.60,131.50,0,4.90,14.00
490,181,53.60,131.50,1,34.21,1.75
490,181,53.60,131.50,2,27.83,11.23
490,181,53.60,131.50,3,35.84,26.09
490,181,53.60,131.50,4,9.84,31.28
490,184,76.54,110.26,0,4.90,14.00
490,184,76.54,110.26,1,34.21,1.75
490,184,76.54,110.26,2,27.83,11.23
490,184,76.54,110.26,3,35.84,26.09
490,184,76.54,110.26,4,9.84,31.28
490,187,76.87,315.88,0,4.90,14.00
490,187,76.87,315.88,1,34.21,1.75
490,187,76.87,315.88,2,27.83,11.23
490,187,76.87,315.88,3,35.84,26.09
490,187,76.87,315.88,4,9.84,31.28
490,190,66.03,108.93,0,4.90,14.00
490,190,66.03,108.93,1,34.21,1.75
490,190,66.03,108.93,2,27.83,11.23
490,190,66.03,108.93,3,35.84,26.09
490,190,66.03,108.93,4,9.84,31.28
490,193,291.95,103.97,0,4.90,14.00
490,193,291.95,103.97,1,34.21,1.75
490,193,291.95,103.97,2,27.83,11.23
490,193,291.95,103.97,3,35.84,26.09
490,193,291.95,103.97,4,9.84,31.28
490,195,64.80,327.50,0,4.90,14.00
490,195,64.80,327.50,1,34.21,1.75
490,195,64.80,327.50,2,27.83,11.23
490,195,64.80,327.50,3,35.84,26.09
490,195,64.80,327.50,4,9.84,31.28
490,199,62.69,127.00,0,4.90,14.00
490,199,62.69,127.00,1,34.21,1.75
490,199,62.69,127.00,2,27.83,11.23
490,199,62.69,127.00,3,35.84,26.09
490,199,62.69,127.00,4,9.84,31.28
490,200,58.00,127.00,0,4.90,14.00
490,200,58.00,127.00,1,34.21,1.75
490,200,58.00,127.00,2,27.83,11.23
490,200,58.00,127.00,3,35.84,26.09
490,200,58.00,127.00,4,9.84,31.28
490,207,39.17,307.57,0,4.90,14.00
490,207,39.17,307.57,1,34.21,1.75
490,207,39.17,307.57,2,27.83,11.23
490,207,39.17,307.57,3,35.84,26.09
490,207,39.17,307.57,4,9.84,31.28
490,211,77.21,332.44,0,4.90,14.00
490,211,77.21,332.44,1,34.21,1.75
490,211,77.21,332.44,2,27.83,11.23
490,211,77.21,332.44,3,35.84,26.09
490,211,77.21,332.44,4,9.84,31.28
490,212,352.17,246.50,0,4.90,14.00
490,212,352.17,246.50,1,34.21,1.75
490,212,352.17,246.50,2,27.83,11.23
490,212,352.17,246.50,3,35.84,26.09
490,212,352.17,246.50,4,9.84,31.28
490,213,360.37,245.30,0,4.90,14.00
490,213,360.37,245.30,1,34.21,1.75
490,213,360.37,245.30,2,27.83,11.23
490,213,360.37,245.30,3,35.84,26.09
490,213,360.37,245.30,4,9.84,31.28
490,215,241.87,394.85,0,4.90,14.00
490,215,241.87,394.85,1,34.21,1.75
490,215,241.87,394.85,2,27.83,11.23
490,215,241.87,394.85,3,35.84,26.09
490,215,241.87,394.85,4,9.84,31.28
490,216,231.73,390.83,0,4.90,14.00
490,216,231.73,390.83,1,34.21,1.75
490,216,231.73,390.83,2,27.83,11.23
490,216,231.73,390.83,3,35.84,26.09
490,216,231.73,390.83,4,9.84,31.28
490,217,364.46,12.07,0,4.90,14.00
490,217,364.46,12.07,1,34.21,1.75
490,217,364.46,12.07,2,27.83,11.23
490,217,364.46,12.07,3,35.84,26.09
490,217,364.46,12.07,4,9.84,31.28
490,218,262.97,379.33,0,4.90,14.00
490,218,262.97,379.33,1,34.21,1.75
490,218,262.97,379.33,2,27.83,11.23
490,218,262.97,379.33,3,35.84,26.09
490,218,262.97,379.33,4,9.84,31.28
490,219,52.83,125.59,0,4.90,14.00
490,219,52.83,125.59,1,34.21,1.75
490,219,52.83,125.59,2,27.83,11.23
490,219,52.83,125.59,3,35.84,26.09
490,219,52.83,125.59,4,9.84,31.28
490,226,287.72,115.93,0,4.90,14.00
490,226,287.72,115.93,1,34.21,1.75
490,226,287.72,115.93,2,27.83,11.23
490,226,287.72,115.93,3,35.84,26.09
490,226,287.72,115.93,4,9.84,31.28
490,228,280.95,89.56,0,4.90,14.00
490,228,280.95,89.56,1,34.21,1.75
490,228,280.95,89.56,2,27.83,11.23
490,228,280.95,89.56,3,35.84,26.09
490,228,280.95,89.56,4,9.84,31.28
490,229,115.06,116.57,0,4.90,14.00
490,229,115.06,116.57,1,34.21,1.75
490,229,115.06,116.57,2,27.83,11.23
490,229,115.06,116.57,3,35.84,26.09
490,229,115.06,116.57,4,9.84,31.28
490,230,116.26,85.67,0,4.90,14.00
490,230,116.26,85.67,1,34.21,1.75
490,230,116.26,85.67,2,27.83,11.23
490,230,116.26,85.67,3,35.84,26.09
490,230,116.26,85.67,4,9.84,31.28
490,231,315.70,285.36,0,4.90,14.00
490,231,315.70,285.36,1,34.21,1.75
490,231,315.70,285.36,2,27.83,11.23
490,231,315.70,285.36,3,35.84,26.09
490,231,315.70,285.36,4,9.84,31.28
490,232,354.51,25.17,0,4.90,14.00
490,232,354.51,25.17,1,34.21,1.75
490,232,354.51,25.17,2,27.83,11.23
490,232,354.51,25.17,3,35.84,26.09
490,232,354.51,25.17,4,9.84,31.28
490,237,142.02,137.20,0,4.90,14.00
490,237,142.02,137.20,1,34.21,1.75
490,237,142.02,137.20,2,27.83,11.23
490,237,142.02,137.20,3,35.84,26.09
490,237,142.02,137.20,4,9.84,31.28
490,238,38.97,314.78,0,4.90,14.00
490,238,38.97,314.78,1,34.21,1.75
490,238,38.97,314.78,2,27.83,11.23
490,238,38.97,314.78,3,35.84,26.09
490,238,38.97,314.78,4,9.84,31.28
490,239,255.22,112.86,0,4.90,14.00
490,239,255.22,112.86,1,34.21,1.75
490,239,255.22,112.86,2,27.83,11.23
490,239,255.22,112.86,3,35.84,26.09
490,239,255.22,112.86,4,9.84,31.28
490,240,94.66,276.37,0,4.90,14.00
490,240,94.66,276.37,1,34.21,1.75
490,240,94.66,276.37,2,27.83,11.23
490,240,94.66,276.37,3,35.84,26.09
490,240,94.66,276.37,4,9.84,31.28
490,241,358.00,233.61,0,4.90,14.00
490,241,358.00,233.61,1,34.21,1.75
490,241,358.00,233.61,2,27.83,11.23
490,241,358.00,233.61,3,35.84,26.09
490,241,358.00,233.61,4,9.84,31.28
490,242,254.48,220.70,0,4.90,14.00
490,242,254.48,220.70,1,34.21,1.75
490,242,254.48,220.70,2,27.83,11.23
490,242,254.48,220.70,3,35.84,26.09
490,242,254.48,220.70,4,9.84,31.28
490,244,122.22,325.36,0,4.90,14.00
490,244,122.22,325.36,1,34.21,1.75
490,244,122.22,325.36,2,27.83,11.23
490,244,122.22,325.36,3,35.84,26.09
490,244,122.22,325.36,4,9.84,31.28
490,245,267.54,112.34,0,4.90,14.00
490,245,267.54,112.34,1,34.21,1.75
490,245,267.54,112.34,2,27.83,11.23
490,245,267.54,112.34,3,35.84,26.09
490,245,267.54,112.34,4,9.84,31.28
490,248,356.77,251.15,0,4.90,14.00
490,248,356.77,251.15,1,34.21,1.75
490,248,356.77,251.15,2,27.83,11.23
490,248,356.77,251.15,3,35.84,26.09
490,248,356.77,251.15,4,9.84,31.28
490,249,393.23,377.69,0,4.90,14.00
490,249,393.23,377.69,1,34.21,1.75
490,249,393.23,377.69,2,27.83,11.23
490,249,393.23,377.69,3,35.84,26.09
490,249,393.23,377.69,4,9.84,31.28
490,250,284.33,279.04,0,4.90,14.00
490,250,284.33,279.04,1,34.21,1.75
490,250,284.33,279.04,2,27.83,11.23
490,250,284.33,279.04,3,35.84,26.09
490,250,284.33,279.04,4,9.84,31.28
490,252,57.03,117.40,0,4.90,14.00
490,252,57.03,117.40,1,34.21,1.75
490,252,57.03,117.40,2,27.83,11.23
490,252,57.03,117.40,3,35.84,26.09
490,252,57.03,117.40,4,9.84,31.28
490,253,344.96,227.30,0,4.90,14.00
490,253,344.96,227.30,1,34.21,1.75
490,253,344.96,227.30,2,27.83,11.23
490,253,344.96,227.30,3,35.84,26.09
490,253,344.96,227.30,4,9.84,31.28
490,254,361.04,223.07,0,4.90,14.00
490,254,361.04,223.07,1,34.21,1.75
490,254,361.04,223.07,2,27.83,11.23
490,254,361.04,223.07,3,35.84,26.09
490,254,361.04,223.07,4,9.84,31.28
490,259,79.70,119.12,0,4.90,14.00
490,259,79.70,119.12,1,34.21,1.75
490,259,79.70,119.12,2,27.83,11.23
490,259,79.70,119.12,3,35.84,26.09
490,259,79.70,119.12,4,9.84,31.28
490,260,335.75,328.08,0,4.90,14.00
490,260,335.75,328.08,1,34.21,1.75
490,260,335.75,328.08,2,27.83,11.23
490,260,335.75,328.08,3,35.84,26.09
490,260,335.75,328.08,4,9.84,31.28
490,262,128.55,110.66,0,4.90,14.00
490,262,128.55,110.66,1,34.21,1.75
490,262,128.55,110.66,2,27.83,11.23
490,262,128.55,110.66,3,35.84,26.09
490,262,128.55,110.66,4,9.84,31.28
490,263,119.86,99.75,0,4.90,14.00
490,263,119.86,99.75,1,34.21,1.75
490,263,119.86,99.75,2,27.83,11.23
490,263,119.86,99.75,3,35.84,26.09
490,263,119.86,99.75,4,9.84,31.28
490,265,219.13,331.15,0,4.90,14.00
490,265,219.13,331.15,1,34.21,1.75
490,265,219.13,331.15,2,27.83,11.23
490,265,219.13,331.15,3,35.84,26.09
490,265,219.13,331.15,4,9.84,31.28
490,266,65.28,313.44,0,4.90,14.00
490,266,65.28,313.44,1,34.21,1.75
490,266,65.28,313.44,2,27.83,11.23
490,266,65.28,313.44,3,35.84,26.09
490,266,65.28,313.44,4,9.84,31.28
490,267,248.34,87.44,0,4.90,14.00
490,267,248.34,87.44,1,34.21,1.75
490,267,248.34,87.44,2,27.83,11.23
490,267,248.34,87.44,3,35.84,26.09
490,267,248.34,87.44,4,9.84,31.28
490,269,54.90,136.59,0,4.90,14.00
490,269,54.90,136.59,1,34.21,1.75
490,269,54.90,136.59,2,27.83,11.23
490,269,54.90,136.59,3,35.84,26.09
490,269,54.90,136.59,4,9.84,31.28
490,273,52.65,314.04,0,4.90,14.00
490,273,52.65,314.04,1,34.21,1.75
490,273,52.65,314.04,2,27.83,11.23
490,273,52.65,314.04,3,35.84,26.09
490,273,52.65,314.04,4,9.84,31.28
490,274,95.99,78.32,0,4.90,14.00
490,274,95.99,78.32,1,34.21,1.75
490,274,95.99,78.32,2,27.83,11.23
490,274,95.99,78.32,3,35.84,26.09
490,274,95.99,78.32,4,9.84,31.28
490,277,335.23,221.29,0,4.90,14.00
490,277,335.23,221.29,1,34.21,1.75
490,277,335.23,221.29,2,27.83,11.23
490,277,335.23,221.29,3,35.84,26.09
490,277,335.23,221.29,4,9.84,31.28
490,278,58.32,337.91,0,4.90,14.00
490,278,58.32,337.91,1,34.21,1.75
490,278,58.32,337.91,2,27.83,11.23
490,278,58.32,337.91,3,35.84,26.09
490,278,58.32,337.91,4,9.84,31.28
490,279,194.51,393.37,0,4.90,14.00
490,279,194.51,393.37,1,34.21,1.75
490,279,194.51,393.37,2,27.83,11.23
490,279,194.51,393.37,3,35.84,26.09
490,279,194.51,393.37,4,9.84,31.28
490,281,274.76,88.91,0,4.90,14.00
490,281,274.76,88.91,1,34.21,1.75
490,281,274.76,88.91,2,27.83,11.23
490,281,274.76,88.91,3,35.84,26.09
490,281,274.76,88.91,4,9.84,31.28
490,283,349.25,224.48,0,4.90,14.00
490,283,349.25,224.48,1,34.21,1.75
490,283,349.25,224.48,2,27.83,11.23
490,283,349.25,224.48,3,35.84,26.09
490,283,349.25,224.48,4,9.84,31.28
490,285,204.78,354.78,0,4.90,14.00
490,285,204.78,354.78,1,34.21,1.75
490,285,204.78,354.78,2,27.83,11.23
490,285,204.78,354.78,3,35.84,26.09
490,285,204.78,354.78,4,9.84,31.28
490,286,279.02,321.66,0,4.90,14.00
490,286,279.02,321.66,1,34.21,1.75
490,286,279.02,321.66,2,27.83,11.23
490,286,279.02,321.66,3,35.84,26.09
490,286,279.02,321.66,4,9.84,31.28
490,288,89.51,71.55,0,4.90,14.00
490,288,89.51,71.55,1,34.21,1.75
490,288,89.51,71.55,2,27.83,11.23
490,288,89.51,71.55,3,35.84,26.09
490,288,89.51,71.55,4,9.84,31.28
490,290,346.59,247.34,0,4.90,14.00
490,290,346.59,247.34,1,34.21,1.75
490,290,346.59,247.34,2,27.83,11.23
490,290,346.59,247.34,3,35.84,26.09
490,290,346.59,247.34,4,9.84,31.28
490,291,67.45,115.97,0,4.90,14.00
490,291,67.45,115.97,1,34.21,1.75
490,291,67.45,115.97,2,27.83,11.23
490,291,67.45,115.97,3,35.84,26.09
490,291,67.45,115.97,4,9.84,31.28
490,292,306.63,275.40,0,4.90,14.00
490,292,306.63,275.40,1,34.21,1.75
490,292,306.63,275.40,2,27.83,11.23
490,292,306.63,275.40,3,35.84,26.09
490,292,306.63,275.40,4,9.84,31.28
490,297,357.66,227.71,0,4.90,14.00
490,297,357.66,227.71,1,34.21,1.75
490,297,357.66,227.71,2,27.83,11.23
490,297,357.66,227.71,3,35.84,26.09
490,297,357.66,227.71,4,9.84,31.28
490,298,364.64,23.97,0,4.90,14.00
490,298,364.64,23.97,1,34.21,1.75
490,298,364.64,23.97,2,27.83,11.23
490,298,364.64,23.97,3,35.84,26.09
490,298,364.64,23.97,4,9.84,31.28
490,300,212.37,328.44,0,4.90,14.00
490,300,212.37,328.44,1,34.21,1.75
490,300,212.37,328.44,2,27.83,11.23
490,300,212.37,328.44,3,35.84,26.09
490,300,212.37,328.44,4,9.84,31.28
500,3,143.25,287.19,0,4.51,14.47
500,3,143.25,287.19,1,34.21,1.75
500,3,143.25,287.19,2,28.26,11.21
500,3,143.25,287.19,3,36.18,26.88
500,3,143.25,287.19,4,9.84,31.28
500,6,66.72,306.72,0,4.51,14.47
500,6,66.72,306.72,1,34.21,1.75
500,6,66.72,306.72,2,28.26,11.21
500,6,66.72,306.72,3,36.18,26.88
500,6,66.72,306.72,4,9.84,31.28
500,8,80.44,343.48,0,4.51,14.47
500,8,80.44,343.48,1,34.21,1.75
500,8,80.44,343.48,2,28.26,11.21
500,8,80.44,343.48,3,36.18,26.88
500,8,80.44,343.48,4,9.84,31.28
500,9,338.49,234.42,0,4.51,14.47
500,9,338.49,234.42,1,34.21,1.75
500,9,338.49,234.42,2,28.26,11.21
500,9,338.49,234.42,3,36.18,26.88
500,9,338.49,234.42,4,9.84,31.28
500,11,127.09,117.59,0,4.51,14.47
500,11,127.09,117.59,1,34.21,1.75
500,11,127.09,117.59,2,28.26,11.21
500,11,127.09,117.59,3,36.18,26.88
500,11,127.09,117.59,4,9.84,31.28
500,13,103.77,106.18,0,4.51,14.47
500,13,103.77,106.18,1,34.21,1.75
500,13,103.77,106.18,2,28.26,11.21
500,13,103.77,106.18,3,36.18,26.88
500,13,103.77,106.18,4,9.84,31.28
500,14,37.76,327.37,0,4.51,14.47
500,14,37.76,327.37,1,34.21,1.75
500,14,37.76,327.37,2,28.26,11.21
500,14,37.76,327.37,3,36.18,26.88
500,14,37.76,327.37,4,9.84,31.28
500,18,112.19,329.70,0,4.51,14.47
500,18,112.19,329.70,1,34.21,1.75
500,18,112.19,329.70,2,28.26,11.21
500,18,112.19,329.70,3,36.18,26.88
500,18,112.19,329.70,4,9.84,31.28
500,20,194.33,392.54,0,4.51,14.47
500,20,194.33,392.54,1,34.21,1.75
500,20,194.33,392.54,2,28.26,11.21
500,20,194.33,392.54,3,36.18,26.88
500,20,194.33,392.54,4,9.84,31.28
500,21,370.74,200.17,0,4.51,14.47
500,21,370.74,200.17,1,34.21,1.75
500,21,370.74,200.17,2,28.26,11.21
500,21,370.74,200.17,3,36.18,26.88
500,21,370.74,200.17,4,9.84,31.28
500,22,298.63,392.94,0,4.51,14.47
500,22,298.63,392.94,1,34.21,1.75
500,22,298.63,392.94,2,28.26,11.21
500,22,298.63,392.94,3,36.18,26.88
500,22,298.63,392.94,4,9.84,31.28
500,24,100.60,99.96,0,4.51,14.47
500,24,100.60,99.96,1,34.21,1.75
500,24,100.60,99.96,2,28.26,11.21
500,24,100.60,99.96,3,36.18,26.88
500,24,100.60,99.96,4,9.84,31.28
500,26,284.98,95.58,0,4.51,14.47
500,26,284.98,95.58,1,34.21,1.75
500,26,284.98,95.58,2,28.26,11.21
500,26,284.98,95.58,3,36.18,26.88
500,26,284.98,95.58,4,9.84,31.28
500,28,373.01,291.80,0,4.51,14.47
500,28,373.01,291.80,1,34.21,1.75
500,28,373.01,291.80,2,28.26,11.21
500,28,373.01,291.80,3,36.18,26.88
500,28,373.01,291.80,4,9.84,31.28
500,29,86.56,300.92,0,4.51,14.47
500,29,86.56,300.92,1,34.21,1.75
500,29,86.56,300.92,2,28.26,11.21
500,29,86.56,300.92,3,36.18,26.88
500,29,86.56,300.92,4,9.84,31.28
500,31,270.90,97.45,0,4.51,14.47
500,31,270.90,97.45,1,34.21,1.75
500,31,270.90,97.45,2,28.26,11.21
500,31,270.90,97.45,3,36.18,26.88
500,31,270.90,97.45,4,9.84,31.28
500,36,58.00,322.00,0,4.51,14.47
500,36,58.00,322.00,1,34.21,1.75
500,36,58.00,322.00,2,28.26,11.21
500,36,58.00,322.00,3,36.18,26.88
500,36,58.00,322.00,4,9.84,31.28
500,38,82.07,275.99,0,4.51,14.47
500,38,82.07,275.99,1,34.21,1.75
500,38,82.07,275.99,2,28.26,11.21
500,38,82.07,275.99,3,36.18,26.88
500,38,82.07,275.99,4,9.84,31.28
500,39,74.21,143.56,0,4.51,14.47
500,39,74.21,143.56,1,34.21,1.75
500,39,74.21,143.56,2,28.26,11.21
500,39,74.21,143.56,3,36.18,26.88
500,39,74.21,143.56,4,9.84,31.28
500,41,309.05,265.59,0,4.51,14.47
500,41,309.05,265.59,1,34.21,1.75
500,41,309.05,265.59,2,28.26,11.21
500,41,309.05,265.59,3,36.18,26.88
500,41,309.05,265.59,4,9.84,31.28
500,49,276.20,109.20,0,4.51,14.47
500,49,276.20,109.20,1,34.21,1.75
500,49,276.20,109.20,2,28.26,11.21
500,49,276.20,109.20,3,36.18,26.88
500,49,276.20,109.20,4,9.84,31.28
500,50,346.21,255.93,0,4.51,14.47
500,50,346.21,255.93,1,34.21,1.75
500,50,346.21,255.93,2,28.26,11.21
500,50,346.21,255.93,3,36.18,26.88
500,50,346.21,255.93,4,9.84,31.28
500,53,343.13,240.16,0,4.51,14.47
500,53,343.13,240.16,1,34.21,1.75
500,53,343.13,240.16,2,28.26,11.21
500,53,343.13,240.16,3,36.18,26.88
500,53,343.13,240.16,4,9.84,31.28
500,54,343.66,16.78,0,4.51,14.47
500,54,343.66,16.78,1,34.21,1.75
500,54,343.66,16.78,2,28.26,11.21
500,54,343.66,16.78,3,36.18,26.88
500,54,343.66,16.78,4,9.84,31.28
500,55,338.75,244.54,0,4.51,14.47
500,55,338.75,244.54,1,34.21,1.75
500,55,338.75,244.54,2,28.26,11.21
500,55,338.75,244.54,3,36.18,26.88
500,55,338.75,244.54,4,9.84,31.28
500,60,117.09,305.46,0,4.51,14.47
500,60,117.09,305.46,1,34.21,1.75
500,60,117.09,305.46,2,28.26,11.21
500,60,117.09,305.46,3,36.18,26.88
500,60,117.09,305.46,4,9.84,31.28
500,62,55.66,331.69,0,4.51,14.47
500,62,55.66,331.69,1,34.21,1.75
500,62,55.66,331.69,2,28.26,11.21
500,62,55.66,331.69,3,36.18,26.88
500,62,55.66,331.69,4,9.84,31.28
500,63,77.89,130.45,0,4.51,14.47
500,63,77.89,130.45,1,34.21,1.75
500,63,77.89,130.45,2,28.26,11.21
500,63,77.89,130.45,3,36.18,26.88
500,63,77.89,130.45,4,9.84,31.28
500,66,60.66,325.23,0,4.51,14.47
500,66,60.66,325.23,1,34.21,1.75
500,66,60.66,325.23,2,28.26,11.21
500,66,60.66,325.23,3,36.18,26.88
500,66,60.66,325.23,4,9.84,31.28
500,67,60.30,150.30,0,4.51,14.47
500,67,60.30,150.30,1,34.21,1.75
500,67,60.30,150.30,2,28.26,11.21
500,67,60.30,150.30,3,36.18,26.88
500,67,60.30,150.30,4,9.84,31.28
500,68,191.59,338.07,0,4.51,14.47
500,68,191.59,338.07,1,34.21,1.75
500,68,191.59,338.07,2,28.26,11.21
500,68,191.59,338.07,3,36.18,26.88
500,68,191.59,338.07,4,9.84,31.28
500,69,381.41,285.60,0,4.51,14.47
500,69,381.41,285.60,1,34.21,1.75
500,69,381.41,285.60,2,28.26,11.21
500,69,381.41,285.60,3,36.18,26.88
500,69,381.41,285.60,4,9.84,31.28
500,72,49.83,328.38,0,4.51,14.47
500,72,49.83,328.38,1,34.21,1.75
500,72,49.83,328.38,2,28.26,11.21
500,72,49.83,328.38,3,36.18,26.88
500,72,49.83,328.38,4,9.84,31.28
500,73,366.62,234.57,0,4.51,14.47
500,73,366.62,234.57,1,34.21,1.75
500,73,366.62,234.57,2,28.26,11.21
500,73,366.62,234.57,3,36.18,26.88
500,73,366.62,234.57,4,9.84,31.28
500,75,263.06,100.91,0,4.51,14.47
500,75,263.06,100.91,1,34.21,1.75
500,75,263.06,100.91,2,28.26,11.21
500,75,263.06,100.91,3,36.18,26.88
500,75,263.06,100.91,4,9.84,31.28
500,76,362.21,212.13,0,4.51,14.47
500,76,362.21,212.13,1,34.21,1.75
500,76,362.21,212.13,2,28.26,11.21
500,76,362.21,212.13,3,36.18,26.88
500,76,362.21,212.13,4,9.84,31.28
500,78,178.70,374.68,0,4.51,14.47
500,78,178.70,374.68,1,34.21,1.75
500,78,178.70,374.68,2,28.26,11.21
500,78,178.70,374.68,3,36.18,26.88
500,78,178.70,374.68,4,9.84,31.28
500,81,281.27,332.38,0,4.51,14.47
500,81,281.27,332.38,1,34.21,1.75
500,81,281.27,332.38,2,28.26,11.21
500,81,281.27,332.38,3,36.18,26.88
500,81,281.27,332.38,4,9.84,31.28
500,82,351.36,187.20,0,4.51,14.47
500,82,351.36,187.20,1,34.21,1.75
500,82,351.36,187.20,2,28.26,11.21
500,82,351.36,187.20,3,36.18,26.88
500,82,351.36,187.20,4,9.84,31.28
500,83,251.63,82.68,0,4.51,14.47
500,83,251.63,82.68,1,34.21,1.75
500,83,251.63,82.68,2,28.26,11.21
500,83,251.63,82.68,3,36.18,26.88
500,83,251.63,82.68,4,9.84,31.28
500,84,270.35,267.13,0,4.51,14.47
500,84,270.35,267.13,1,34.21,1.75
500,84,270.35,267.13,2,28.26,11.21
500,84,270.35,267.13,3,36.18,26.88
500,84,270.35,267.13,4,9.84,31.28
500,85,356.27,222.87,0,4.51,14.47
500,85,356.27,222.87,1,34.21,1.75
500,85,356.27,222.87,2,28.26,11.21
500,85,356.27,222.87,3,36.18,26.88
500,85,356.27,222.87,4,9.84,31.28
500,87,361.11,17.99,0,4.51,14.47
500,87,361.11,17.99,1,34.21,1.75
500,87,361.11,17.99,2,28.26,11.21
500,87,361.11,17.99,3,36.18,26.88
500,87,361.11,17.99,4,9.84,31.28
500,88,109.10,313.67,0,4.51,14.47
500,88,109.10,313.67,1,34.21,1.75
500,88,109.10,313.67,2,28.26,11.21
500,88,109.10,313.67,3,36.18,26.88
500,88,109.10,313.67,4,9.84,31.28
500,89,287.50,101.52,0,4.51,14.47
500,89,287.50,101.52,1,34.21,1.75
500,89,287.50,101.52,2,28.26,11.21
500,89,287.50,101.52,3,36.18,26.88
500,89,287.50,101.52,4,9.84,31.28
500,90,266.91,85.76,0,4.51,14.47
500,90,266.91,85.76,1,34.21,1.75
500,90,266.91,85.76,2,28.26,11.21
500,90,266.91,85.76,3,36.18,26.88
500,90,266.91,85.76,4,9.84,31.28
500,94,45.64,320.20,0,4.51,14.47
500,94,45.64,320.20,1,34.21,1.75
500,94,45.64,320.20,2,28.26,11.21
500,94,45.64,320.20,3,36.18,26.88
500,94,45.64,320.20,4,9.84,31.28
500,97,279.25,115.63,0,4.51,14.47
500,97,279.25,115.63,1,34.21,1.75
500,97,279.25,115.63,2,28.26,11.21
500,97,279.25,115.63,3,36.18,26.88
500,97,279.25,115.63,4,9.84,31.28
500,98,349.07,5.35,0,4.51,14.47
500,98,349.07,5.35,1,34.21,1.75
500,98,349.07,5.35,2,28.26,11.21
500,98,349.07,5.35,3,36.18,26.88
500,98,349.07,5.35,4,9.84,31.28
500,102,57.48,133.09,0,4.51,14.47
500,102,57.48,133.09,1,34.21,1.75
500,102,57.48,133.09,2,28.26,11.21
500,102,57.48,133.09,3,36.18,26.88
500,102,57.48,133.09,4,9.84,31.28
500,103,72.49,328.32,0,4.51,14.47
500,103,72.49,328.32,1,34.21,1.75
500,103,72.49,328.32,2,28.26,11.21
500,103,72.49,328.32,3,36.18,26.88
500,103,72.49,328.32,4,9.84,31.28
500,104,361.91,7.33,0,4.51,14.47
500,104,361.91,7.33,1,34.21,1.75
500,104,361.91,7.33,2,28.26,11.21
500,104,361.91,7.33,3,36.18,26.88
500,104,361.91,7.33,4,9.84,31.28
500,106,53.29,304.14,0,4.51,14.47
500,106,53.29,304.14,1,34.21,1.75
500,106,53.29,304.14,2,28.26,11.21
500,106,53.29,304.14,3,36.18,26.88
500,106,53.29,304.14,4,9.84,31.28
500,107,279.00,108.20,0,4.51,14.47
500,107,279.00,108.20,1,34.21,1.75
500,107,279.00,108.20,2,28.26,11.21
500,107,279.00,108.20,3,36.18,26.88
500,107,279.00,108.20,4,9.84,31.28
500,108,54.75,115.05,0,4.51,14.47
500,108,54.75,115.05,1,34.21,1.75
500,108,54.75,115.05,2,28.26,11.21
500,108,54.75,115.05,3,36.18,26.88
500,108,54.75,115.05,4,9.84,31.28
500,110,70.74,318.65,0,4.51,14.47
500,110,70.74,318.65,1,34.21,1.75
500,110,70.74,318.65,2,28.26,11.21
500,110,70.74,318.65,3,36.18,26.88
500,110,70.74,318.65,4,9.84,31.28
500,111,366.67,23.64,0,4.51,14.47
500,111,366.67,23.64,1,34.21,1.75
500,111,366.67,23.64,2,28.26,11.21
500,111,366.67,23.64,3,36.18,26.88
500,111,366.67,23.64,4,9.84,31.28
500,112,266.84,107.16,0,4.51,14.47
500,112,266.84,107.16,1,34.21,1.75
500,112,266.84,107.16,2,28.26,11.21
500,112,266.84,107.16,3,36.18,26.88
500,112,266.84,107.16,4,9.84,31.28
500,113,74.12,125.84,0,4.51,14.47
500,113,74.12,125.84,1,34.21,1.75
500,113,74.12,125.84,2,28.26,11.21
500,113,74.12,125.84,3,36.18,26.88
500,113,74.12,125.84,4,9.84,31.28
500,114,132.54,80.11,0,4.51,14.47
500,114,132.54,80.11,1,34.21,1.75
500,114,132.54,80.11,2,28.26,11.21
500,114,132.54,80.11,3,36.18,26.88
500,114,132.54,80.11,4,9.84,31.28
500,115,359.17,242.27,0,4.51,14.47
500,115,359.17,242.27,1,34.21,1.75
500,115,359.17,242.27,2,28.26,11.21
500,115,359.17,242.27,3,36.18,26.88
500,115,359.17,242.27,4,9.84,31.28
500,117,357.94,199.88,0,4.51,14.47
500,117,357.94,199.88,1,34.21,1.75
500,117,357.94,199.88,2,28.26,11.21
500,117,357.94,199.88,3,36.18,26.88
500,117,357.94,199.88,4,9.84,31.28
500,118,65.46,137.36,0,4.51,14.47
500,118,65.46,137.36,1,34.21,1.75
500,118,65.46,137.36,2,28.26,11.21
500,118,65.46,137.36,3,36.18,26.88
500,118,65.46,137.36,4,9.84,31.28
500,119,290.74,111.09,0,4.51,14.47
500,119,290.74,111.09,1,34.21,1.75
500,119,290.74,111.09,2,28.26,11.21
500,119,290.74,111.09,3,36.18,26.88
500,119,290.74,111.09,4,9.84,31.28
500,120,168.77,206.11,0,4.51,14.47
500,120,168.77,206.11,1,34.21,1.75
500,120,168.77,206.11,2,28.26,11.21
500,120,168.77,206.11,3,36.18,26.88
500,120,168.77,206.11,4,9.84,31.28
500,122,87.59,285.83,0,4.51,14.47
500,122,87.59,285.83,1,34.21,1.75
500,122,87.59,285.83,2,28.26,11.21
500,122,87.59,285.83,3,36.18,26.88
500,122,87.59,285.83,4,9.84,31.28
500,123,96.07,315.79,0,4.51,14.47
500,123,96.07,315.79,1,34.21,1.75
500,123,96.07,315.79,2,28.26,11.21
500,123,96.07,315.79,3,36.18,26.88
500,123,96.07,315.79,4,9.84,31.28
500,124,85.71,101.07,0,4.51,14.47
500,124,85.71,101.07,1,34.21,1.75
500,124,85.71,101.07,2,28.26,11.21
500,124,85.71,101.07,3,36.18,26.88
500,124,85.71,101.07,4,9.84,31.28
500,125,351.92,176.74,0,4.51,14.47
500,125,351.92,176.74,1,34.21,1.75
500,125,351.92,176.74,2,28.26,11.21
500,125,351.92,176.74,3,36.18,26.88
500,125,351.92,176.74,4,9.84,31.28
500,128,208.92,352.45,0,4.51,14.47
500,128,208.92,352.45,1,34.21,1.75
500,128,208.92,352.45,2,28.26,11.21
500,128,208.92,352.45,3,36.18,26.88
500,128,208.92,352.45,4,9.84,31.28
500,129,323.75,211.92,0,4.51,14.47
500,129,323.75,211.92,1,34.21,1.75
500,129,323.75,211.92,2,28.26,11.21
500,129,323.75,211.92,3,36.18,26.88
500,129,323.75,211.92,4,9.84,31.28
500,132,359.97,253.85,0,4.51,14.47
500,132,359.97,253.85,1,34.21,1.75
500,132,359.97,253.85,2,28.26,11.21
500,132,359.97,253.85,3,36.18,26.88
500,132,359.97,253.85,4,9.84,31.28
500,135,61.41,314.17,0,4.51,14.47
500,135,61.41,314.17,1,34.21,1.75
500,135,61.41,314.17,2,28.26,11.21
500,135,61.41,314.17,3,36.18,26.88
500,135,61.41,314.17,4,9.84,31.28
500,139,353.62,211.85,0,4.51,14.47
500,139,353.62,211.85,1,34.21,1.75
500,139,353.62,211.85,2,28.26,11.21
500,139,353.62,211.85,3,36.18,26.88
500,139,353.62,211.85,4,9.84,31.28
500,141,355.50,392.14,0,4.51,14.47
500,141,355.50,392.14,1,34.21,1.75
500,141,355.50,392.14,2,28.26,11.21
500,141,355.50,392.14,3,36.18,26.88
500,141,355.50,392.14,4,9.84,31.28
500,143,347.21,283.86,0,4.51,14.47
500,143,347.21,283.86,1,34.21,1.75
500,143,347.21,283.86,2,28.26,11.21
500,143,347.21,283.86,3,36.18,26.88
500,143,347.21,283.86,4,9.84,31.28
500,145,201.78,324.32,0,4.51,14.47
500,145,201.78,324.32,1,34.21,1.75
500,145,201.78,324.32,2,28.26,11.21
500,145,201.78,324.32,3,36.18,26.88
500,145,201.78,324.32,4,9.84,31.28
500,146,70.54,135.64,0,4.51,14.47
500,146,70.54,135.64,1,34.21,1.75
500,146,70.54,135.64,2,28.26,11.21
500,146,70.54,135.64,3,36.18,26.88
500,146,70.54,135.64,4,9.84,31.28
500,150,281.24,116.29,0,4.51,14.47
500,150,281.24,116.29,1,34.21,1.75
500,150,281.24,116.29,2,28.26,11.21
500,150,281.24,116.29,3,36.18,26.88
500,150,281.24,116.29,4,9.84,31.28
500,151,266.42,97.98,0,4.51,14.47
500,151,266.42,97.98,1,34.21,1.75
500,151,266.42,97.98,2,28.26,11.21
500,151,266.42,97.98,3,36.18,26.88
500,151,266.42,97.98,4,9.84,31.28
500,156,354.77,259.77,0,4.51,14.47
500,156,354.77,259.77,1,34.21,1.75
500,156,354.77,259.77,2,28.26,11.21
500,156,354.77,259.77,3,36.18,26.88
500,156,354.77,259.77,4,9.84,31.28
500,160,316.77,391.07,0,4.51,14.47
500,160,316.77,391.07,1,34.21,1.75
500,160,316.77,391.07,2,28.26,11.21
500,160,316.77,391.07,3,36.18,26.88
500,160,316.77,391.07,4,9.84,31.28
500,161,138.66,130.83,0,4.51,14.47
500,161,138.66,130.83,1,34.21,1.75
500,161,138.66,130.83,2,28.26,11.21
500,161,138.66,130.83,3,36.18,26.88
500,161,138.66,130.83,4,9.84,31.28
500,162,311.47,311.29,0,4.51,14.47
500,162,311.47,311.29,1,34.21,1.75
500,162,311.47,311.29,2,28.26,11.21
500,162,311.47,311.29,3,36.18,26.88
500,162,311.47,311.29,4,9.84,31.28
500,163,245.12,114.36,0,4.51,14.47
500,163,245.12,114.36,1,34.21,1.75
500,163,245.12,114.36,2,28.26,11.21
500,163,245.12,114.36,3,36.18,26.88
500,163,245.12,114.36,4,9.84,31.28
500,164,60.55,98.69,0,4.51,14.47
500,164,60.55,98.69,1,34.21,1.75
500,164,60.55,98.69,2,28.26,11.21
500,164,60.55,98.69,3,36.18,26.88
500,164,60.55,98.69,4,9.84,31.28
500,165,77.35,116.22,0,4.51,14.47
500,165,77.35,116.22,1,34.21,1.75
500,165,77.35,116.22,2,28.26,11.21
500,165,77.35,116.22,3,36.18,26.88
500,165,77.35,116.22,4,9.84,31.28
500,166,305.38,348.21,0,4.51,14.47
500,166,305.38,348.21,1,34.21,1.75
500,166,305.38,348.21,2,28.26,11.21
500,166,305.38,348.21,3,36.18,26.88
500,166,305.38,348.21,4,9.84,31.28
500,167,364.92,263.07,0,4.51,14.47
500,167,364.92,263.07,1,34.21,1.75
500,167,364.92,263.07,2,28.26,11.21
500,167,364.92,263.07,3,36.18,26.88
500,167,364.92,263.07,4,9.84,31.28
500,168,171.14,274.65,0,4.51,14.47
500,168,171.14,274.65,1,34.21,1.75
500,168,171.14,274.65,2,28.26,11.21
500,168,171.14,274.65,3,36.18,26.88
500,168,171.14,274.65,4,9.84,31.28
500,169,274.94,103.08,0,4.51,14.47
500,169,274.94,103.08,1,34.21,1.75
500,169,274.94,103.08,2,28.26,11.21
500,169,274.94,103.08,3,36.18,26.88
500,169,274.94,103.08,4,9.84,31.28
500,170,344.83,245.42,0,4.51,14.47
500,170,344.83,245.42,1,34.21,1.75
500,170,344.83,245.42,2,28.26,11.21
500,170,344.83,245.42,3,36.18,26.88
500,170,344.83,245.42,4,9.84,31.28
500,173,369.05,216.04,0,4.51,14.47
500,173,369.05,216.04,1,34.21,1.75
500,173,369.05,216.04,2,28.26,11.21
500,173,369.05,216.04,3,36.18,26.88
500,173,369.05,216.04,4,9.84,31.28
500,174,138.22,239.59,0,4.51,14.47
500,174,138.22,239.59,1,34.21,1.75
500,174,138.22,239.59,2,28.26,11.21
500,174,138.22,239.59,3,36.18,26.88
500,174,138.22,239.59,4,9.84,31.28
500,176,63.15,144.21,0,4.51,14.47
500,176,63.15,144.21,1,34.21,1.75
500,176,63.15,144.21,2,28.26,11.21
500,176,63.15,144.21,3,36.18,26.88
500,176,63.15,144.21,4,9.84,31.28
500,177,177.53,280.90,0,4.51,14.47
500,177,177.53,280.90,1,34.21,1.75
500,177,177.53,280.90,2,28.26,11.21
500,177,177.53,280.90,3,36.18,26.88
500,177,177.53,280.90,4,9.84,31.28
500,180,267.31,116.22,0,4.51,14.47
500,180,267.31,116.22,1,34.21,1.75
500,180,267.31,116.22,2,28.26,11.21
500,180,267.31,116.22,3,36.18,26.88
500,180,267.31,116.22,4,9.84,31.28
500,181,49.87,135.78,0,4.51,14.47
500,181,49.87,135.78,1,34.21,1.75
500,181,49.87,135.78,2,28.26,11.21
500,181,49.87,135.78,3,36.18,26.88
500,181,49.87,135.78,4,9.84,31.28
500,184,74.97,110.07,0,4.51,14.47
500,184,74.97,110.07,1,34.21,1.75
500,184,74.97,110.07,2,28.26,11.21
500,184,74.97,110.07,3,36.18,26.88
500,184,74.97,110.07,4,9.84,31.28
500,187,78.70,314.67,0,4.51,14.47
500,187,78.70,314.67,1,34.21,1.75
500,187,78.70,314.67,2,28.26,11.21
500,187,78.70,314.67,3,36.18,26.88
500,187,78.70,314.67,4,9.84,31.28
500,190,65.33,112.84,0,4.51,14.47
500,190,65.33,112.84,1,34.21,1.75
500,190,65.33,112.84,2,28.26,11.21
500,190,65.33,112.84,3,36.18,26.88
500,190,65.33,112.84,4,9.84,31.28
500,193,293.04,105.20,0,4.51,14.47
500,193,293.04,105.20,1,34.21,1.75
500,193,293.04,105.20,2,28.26,11.21
500,193,293.04,105.20,3,36.18,26.88
500,193,293.04,105.20,4,9.84,31.28
500,195,67.50,326.50,0,4.51,14.47
500,195,67.50,326.50,1,34.21,1.75
500,195,67.50,326.50,2,28.26,11.21
500,195,67.50,326.50,3,36.18,26.88
500,195,67.50,326.50,4,9.84,31.28
500,199,61.00,129.00,0,4.51,14.47
500,199,61.00,129.00,1,34.21,1.75
500,199,61.00,129.00,2,28.26,11.21
500,199,61.00,129.00,3,36.18,26.88
500,199,61.00,129.00,4,9.84,31.28
500,200,58.00,127.00,0,4.51,14.47
500,200,58.00,127.00,1,34.21,1.75
500,200,58.00,127.00,2,28.26,11.21
500,200,58.00,127.00,3,36.18,26.88
500,200,58.00,127.00,4,9.84,31.28
500,207,39.34,307.20,0,4.51,14.47
500,207,39.34,307.20,1,34.21,1.75
500,207,39.34,307.20,2,28.26,11.21
500,207,39.34,307.20,3,36.18,26.88
500,207,39.34,307.20,4,9.84,31.28
500,211,78.49,331.84,0,4.51,14.47
500,211,78.49,331.84,1,34.21,1.75
500,211,78.49,331.84,2,28.26,11.21
500,211,78.49,331.84,3,36.18,26.88
500,211,78.49,331.84,4,9.84,31.28
500,213,361.81,249.32,0,4.51,14.47
500,213,361.81,249.32,1,34.21,1.75
500,213,361.81,249.32,2,28.26,11.21
500,213,361.81,249.32,3,36.18,26.88
500,213,361.81,249.32,4,9.84,31.28
500,215,241.42,393.50,0,4.51,14.47
500,215,241.42,393.50,1,34.21,1.75
500,215,241.42,393.50,2,28.26,11.21
500,215,241.42,393.50,3,36.18,26.88
500,215,241.42,393.50,4,9.84,31.28
500,216,231.33,389.77,0,4.51,14.47
500,216,231.33,389.77,1,34.21,1.75
500,216,231.33,389.77,2,28.26,11.21
500,216,231.33,389.77,3,36.18,26.88
500,216,231.33,389.77,4,9.84,31.28
500,217,360.56,13.19,0,4.51,14.47
500,217,360.56,13.19,1,34.21,1.75
500,217,360.56,13.19,2,28.26,11.21
500,217,360.56,13.19,3,36.18,26.88
500,217,360.56,13.19,4,9.84,31.28
500,218,264.53,382.98,0,4.51,14.47
500,218,264.53,382.98,1,34.21,1.75
500,218,264.53,382.98,2,28.26,11.21
500,218,264.53,382.98,3,36.18,26.88
500,218,264.53,382.98,4,9.84,31.28
500,219,50.48,128.22,0,4.51,14.47
500,219,50.48,128.22,1,34.21,1.75
500,219,50.48,128.22,2,28.26,11.21
500,219,50.48,128.22,3,36.18,26.88
500,219,50.48,128.22,4,9.84,31.28
500,226,287.80,117.56,0,4.51,14.47
500,226,287.80,117.56,1,34.21,1.75
500,226,287.80,117.56,2,28.26,11.21
500,226,287.80,117.56,3,36.18,26.88
500,226,287.80,117.56,4,9.84,31.28
500,228,282.47,90.16,0,4.51,14.47
500,228,282.47,90.16,1,34.21,1.75
500,228,282.47,90.16,2,28.26,11.21
500,228,282.47,90.16,3,36.18,26.88
500,228,282.47,90.16,4,9.84,31.28
500,229,112.37,115.35,0,4.51,14.47
500,229,112.37,115.35,1,34.21,1.75
500,229,112.37,115.35,2,28.26,11.21
500,229,112.37,115.35,3,36.18,26.88
500,229,112.37,115.35,4,9.84,31.28
500,230,113.83,86.75,0,4.51,14.47
500,230,113.83,86.75,1,34.21,1.75
500,230,113.83,86.75,2,28.26,11.21
500,230,113.83,86.75,3,36.18,26.88
500,230,113.83,86.75,4,9.84,31.28
500,231,319.69,285.09,0,4.51,14.47
500,231,319.69,285.09,1,34.21,1.75
500,231,319.69,285.09,2,28.26,11.21
500,231,319.69,285.09,3,36.18,26.88
500,231,319.69,285.09,4,9.84,31.28
500,232,352.91,26.26,0,4.51,14.47
500,232,352.91,26.26,1,34.21,1.75
500,232,352.91,26.26,2,28.26,11.21
500,232,352.91,26.26,3,36.18,26.88
500,232,352.91,26.26,4,9.84,31.28
500,237,137.97,137.90,0,4.51,14.47
500,237,137.97,137.90,1,34.21,1.75
500,237,137.97,137.90,2,28.26,11.21
500,237,137.97,137.90,3,36.18,26.88
500,237,137.97,137.90,4,9.84,31.28
500,238,39.73,314.47,0,4.51,14.47
500,238,39.73,314.47,1,34.21,1.75
500,238,39.73,314.47,2,28.26,11.21
500,238,39.73,314.47,3,36.18,26.88
500,238,39.73,314.47,4,9.84,31.28
500,239,257.61,112.88,0,4.51,14.47
500,239,257.61,112.88,1,34.21,1.75
500,239,257.61,112.88,2,28.26,11.21
500,239,257.61,112.88,3,36.18,26.88
500,239,257.61,112.88,4,9.84,31.28
500,240,95.15,277.81,0,4.51,14.47
500,240,95.15,277.81,1,34.21,1.75
500,240,95.15,277.81,2,28.26,11.21
500,240,95.15,277.81,3,36.18,26.88
500,240,95.15,277.81,4,9.84,31.28
500,241,357.69,236.85,0,4.51,14.47
500,241,357.69,236.85,1,34.21,1.75
500,241,357.69,236.85,2,28.26,11.21
500,241,357.69,236.85,3,36.18,26.88
500,241,357.69,236.85,4,9.84,31.28
500,242,255.68,222.81,0,4.51,14.47
500,242,255.68,222.81,1,34.21,1.75
500,242,255.68,222.81,2,28.26,11.21
500,242,255.68,222.81,3,36.18,26.88
500,242,255.68,222.81,4,9.84,31.28
500,244,120.04,324.61,0,4.51,14.47
500,244,120.04,324.61,1,34.21,1.75
500,244,120.04,324.61,2,28.26,11.21
500,244,120.04,324.61,3,36.18,26.88
500,244,120.04,324.61,4,9.84,31.28
500,245,270.24,112.24,0,4.51,14.47
500,245,270.24,112.24,1,34.21,1.75
500,245,270.24,112.24,2,28.26,11.21
500,245,270.24,112.24,3,36.18,26.88
500,245,270.24,112.24,4,9.84,31.28
500,248,357.64,255.64,0,4.51,14.47
500,248,357.64,255.64,1,34.21,1.75
500,248,357.64,255.64,2,28.26,11.21
500,248,357.64,255.64,3,36.18,26.88
500,248,357.64,255.64,4,9.84,31.28
500,249,393.16,375.13,0,4.51,14.47
500,249,393.16,375.13,1,34.21,1.75
500,249,393.16,375.13,2,28.26,11.21
500,249,393.16,375.13,3,36.18,26.88
500,249,393.16,375.13,4,9.84,31.28
500,250,286.53,278.38,0,4.51,14.47
500,250,286.53,278.38,1,34.21,1.75
500,250,286.53,278.38,2,28.26,11.21
500,250,286.53,278.38,3,36.18,26.88
500,250,286.53,278.38,4,9.84,31.28
500,252,55.32,119.24,0,4.51,14.47
500,252,55.32,119.24,1,34.21,1.75
500,252,55.32,119.24,2,28.26,11.21
500,252,55.32,119.24,3,36.18,26.88
500,252,55.32,119.24,4,9.84,31.28
500,253,346.16,228.97,0,4.51,14.47
500,253,346.16,228.97,1,34.21,1.75
500,253,346.16,228.97,2,28.26,11.21
500,253,346.16,228.97,3,36.18,26.88
500,253,346.16,228.97,4,9.84,31.28
500,254,363.29,227.24,0,4.51,14.47
500,254,363.29,227.24,1,34.21,1.75
500,254,363.29,227.24,2,28.26,11.21
500,254,363.29,227.24,3,36.18,26.88
500,254,363.29,227.24,4,9.84,31.28
500,259,77.77,120.52,0,4.51,14.47
500,259,77.77,120.52,1,34.21,1.75
500,259,77.77,120.52,2,28.26,11.21
500,259,77.77,120.52,3,36.18,26.88
500,259,77.77,120.52,4,9.84,31.28
500,260,336.94,326.08,0,4.51,14.47
500,260,336.94,326.08,1,34.21,1.75
500,260,336.94,326.08,2,28.26,11.21
500,260,336.94,326.08,3,36.18,26.88
500,260,336.94,326.08,4,9.84,31.28
500,262,126.99,110.58,0,4.51,14.47
500,262,126.99,110.58,1,34.21,1.75
500,262,126.99,110.58,2,28.26,11.21
500,262,126.99,110.58,3,36.18,26.88
500,262,126.99,110.58,4,9.84,31.28
500,263,117.49,101.41,0,4.51,14.47
500,263,117.49,101.41,1,34.21,1.75
500,263,117.49,101.41,2,28.26,11.21
500,263,117.49,101.41,3,36.18,26.88
500,263,117.49,101.41,4,9.84,31.28
500,265,214.52,330.85,0,4.51,14.47
500,265,214.52,330.85,1,34.21,1.75
500,265,214.52,330.85,2,28.26,11.21
500,265,214.52,330.85,3,36.18,26.88
500,265,214.52,330.85,4,9.84,31.28
500,266,67.11,311.63,0,4.51,14.47
500,266,67.11,311.63,1,34.21,1.75
500,266,67.11,311.63,2,28.26,11.21
500,266,67.11,311.63,3,36.18,26.88
500,266,67.11,311.63,4,9.84,31.28
500,267,248.29,88.21,0,4.51,14.47
500,267,248.29,88.21,1,34.21,1.75
500,267,248.29,88.21,2,28.26,11.21
500,267,248.29,88.21,3,36.18,26.88
500,267,248.29,88.21,4,9.84,31.28
500,269,52.49,138.18,0,4.51,14.47
500,269,52.49,138.18,1,34.21,1.75
500,269,52.49,138.18,2,28.26,11.21
500,269,52.49,138.18,3,36.18,26.88
500,269,52.49,138.18,4,9.84,31.28
500,273,55.55,313.20,0,4.51,14.47
500,273,55.55,313.20,1,34.21,1.75
500,273,55.55,313.20,2,28.26,11.21
500,273,55.55,313.20,3,36.18,26.88
500,273,55.55,313.20,4,9.84,31.28
500,274,94.51,79.20,0,4.51,14.47
500,274,94.51,79.20,1,34.21,1.75
500,274,94.51,79.20,2,28.26,11.21
500,274,94.51,79.20,3,36.18,26.88
500,274,94.51,79.20,4,9.84,31.28
500,277,338.00,224.30,0,4.51,14.47
500,277,338.00,224.30,1,34.21,1.75
500,277,338.00,224.30,2,28.26,11.21
500,277,338.00,224.30,3,36.18,26.88
500,277,338.00,224.30,4,9.84,31.28
500,278,61.48,337.32,0,4.51,14.47
500,278,61.48,337.32,1,34.21,1.75
500,278,61.48,337.32,2,28.26,11.21
500,278,61.48,337.32,3,36.18,26.88
500,278,61.48,337.32,4,9.84,31.28
500,279,191.78,392.33,0,4.51,14.47
500,279,191.78,392.33,1,34.21,1.75
500,279,191.78,392.33,2,28.26,11.21
500,279,191.78,392.33,3,36.18,26.88
500,279,191.78,392.33,4,9.84,31.28
500,281,275.09,92.24,0,4.51,14.47
500,281,275.09,92.24,1,34.21,1.75
500,281,275.09,92.24,2,28.26,11.21
500,281,275.09,92.24,3,36.18,26.88
500,281,275.09,92.24,4,9.84,31.28
500,283,350.47,225.22,0,4.51,14.47
500,283,350.47,225.22,1,34.21,1.75
500,283,350.47,225.22,2,28.26,11.21
500,283,350.47,225.22,3,36.18,26.88
500,283,350.47,225.22,4,9.84,31.28
500,285,200.93,352.76,0,4.51,14.47
500,285,200.93,352.76,1,34.21,1.75
500,285,200.93,352.76,2,28.26,11.21
500,285,200.93,352.76,3,36.18,26.88
500,285,200.93,352.76,4,9.84,31.28
500,286,282.46,320.54,0,4.51,14.47
500,286,282.46,320.54,1,34.21,1.75
500,286,282.46,320.54,2,28.26,11.21
500,286,282.46,320.54,3,36.18,26.88
500,286,282.46,320.54,4,9.84,31.28
500,288,88.77,74.50,0,4.51,14.47
500,288,88.77,74.50,1,34.21,1.75
500,288,88.77,74.50,2,28.26,11.21
500,288,88.77,74.50,3,36.18,26.88
500,288,88.77,74.50,4,9.84,31.28
500,290,348.26,249.58,0,4.51,14.47
500,290,348.26,249.58,1,34.21,1.75
500,290,348.26,249.58,2,28.26,11.21
500,290,348.26,249.58,3,36.18,26.88
500,290,348.26,249.58,4,9.84,31.28
500,291,65.84,119.77,0,4.51,14.47
500,291,65.84,119.77,1,34.21,1.75
500,291,65.84,119.77,2,28.26,11.21
500,291,65.84,119.77,3,36.18,26.88
500,291,65.84,119.77,4,9.84,31.28
500,292,307.89,275.73,0,4.51,14.47
500,292,307.89,275.73,1,34.21,1.75
500,292,307.89,275.73,2,28.26,11.21
500,292,307.89,275.73,3,36.18,26.88
500,292,307.89,275.73,4,9.84,31.28
500,297,357.23,230.61,0,4.51,14.47
500,297,357.23,230.61,1,34.21,1.75
500,297,357.23,230.61,2,28.26,11.21
500,297,357.23,230.61,3,36.18,26.88
500,297,357.23,230.61,4,9.84,31.28
500,298,362.01,25.35,0,4.51,14.47
500,298,362.01,25.35,1,34.21,1.75
500,298,362.01,25.35,2,28.26,11.21
500,298,362.01,25.35,3,36.18,26.88
500,298,362.01,25.35,4,9.84,31.28
500,300,209.03,328.35,0,4.51,14.47
500,300,209.03,328.35,1,34.21,1.75
500,300,209.03,328.35,2,28.26,11.21
500,300,209.03,328.35,3,36.18,26.88
500,300,209.03,328.35,4,9.84,31.28
